# Created on 2018-12-12 16:17:53 
# Sources: d:\gpsother\tec-suite\in\2015\abcd0770.15d.Z, d:\gpsother\tec-suite\in\2015\brdc0770.15g.Z
# Satellite: R03 (k = 5.0)
# Interval: 30.0
# Sampling interval: 0.0 (not used).
# Site: abcd
# Position (L, B, H): 253.601641965, 52.1962622634, 578.574894483
# Position (X, Y, Z): -1106129.71, -3758704.03, 5016675.77
# datetime format: %Y-%m-%dT%H:%M:%S
# Columns: tsn, hour, el, az, validity, tec.l1l2
# (I11,1X,F14.11,1X,F10.5,1X,F11.5,1X,I7,1X,F21.3)
        505  4.20833333333    5.12428    67.59985       0                 7.515
        506  4.21666666667    5.29094    67.42366       0                 7.001
        507  4.22500000000    5.45709    67.24683       0                 6.870
        508  4.23333333333    5.62272    67.06934       0                 6.760
        509  4.24166666667    5.78782    66.89120       0                 6.989
        510  4.25000000000    5.95238    66.71240       0                 7.344
        511  4.25833333333    6.11641    66.53294       0                 7.567
        512  4.26666666667    6.27990    66.35283       0                 7.324
        513  4.27500000000    6.44284    66.17205       0                 6.939
        514  4.28333333333    6.60522    65.99061       0                 6.758
        515  4.29166666667    6.76705    65.80850       0                 6.993
        516  4.30000000000    6.92831    65.62573       0                 6.652
        517  4.30833333333    7.08899    65.44228       0                 6.276
        518  4.31666666667    7.24911    65.25816       0                 7.410
        519  4.32500000000    7.40864    65.07337       0                 7.402
        520  4.33333333333    7.56759    64.88789       0                 8.475
        521  4.34166666667    7.72594    64.70174       0                11.636
        522  4.35000000000    7.88370    64.51491       0                 8.138
        523  4.35833333333    8.04085    64.32740       0                12.824
        524  4.36666666667    8.19739    64.13920       0                11.899
        525  4.37500000000    8.35332    63.95032       0                 9.655
        526  4.38333333333    8.50864    63.76075       0                 8.291
        527  4.39166666667    8.66332    63.57048       0                 7.507
        528  4.40000000000    8.81738    63.37953       0                 6.118
        529  4.40833333333    8.97080    63.18788       0                 7.089
        530  4.41666666667    9.12357    62.99554       0                 6.140
        531  4.42500000000    9.27570    62.80249       0                 6.998
        532  4.43333333333    9.42718    62.60875       0                 5.164
        533  4.44166666667    9.57800    62.41431       0                 5.297
        534  4.45000000000    9.72816    62.21916       0                 6.079
        535  4.45833333333    9.87764    62.02331       0                 6.426
        536  4.46666666667   10.02645    61.82675       0                 5.900
        537  4.47500000000   10.17458    61.62949       0                 5.462
        538  4.48333333333   10.32203    61.43151       0                 4.972
        539  4.49166666667   10.46878    61.23283       0                 4.986
        540  4.50000000000   10.61483    61.03343       0                 5.230
        541  4.50833333333   10.73802    60.82464       0                 5.018
        542  4.51666666667   10.88212    60.62345       0                 5.259
        543  4.52500000000   11.02537    60.42150       0                 5.113
        544  4.53333333333   11.16774    60.21878       0                 5.262
        545  4.54166666667   11.30923    60.01528       0                 6.579
        546  4.55000000000   11.44984    59.81103       0                 7.138
        547  4.55833333333   11.58955    59.60600       0                 7.666
        548  4.56666666667   11.72836    59.40021       0                 7.715
        549  4.57500000000   11.86627    59.19366       0                 7.751
        550  4.58333333333   12.00326    58.98634       0                 8.129
        551  4.59166666667   12.13933    58.77826       0                 8.548
        552  4.60000000000   12.27447    58.56942       0                 7.059
        553  4.60833333333   12.40867    58.35982       0                 5.758
        554  4.61666666667   12.54193    58.14946       0                 5.214
        555  4.62500000000   12.67424    57.93834       0                 5.320
        556  4.63333333333   12.80558    57.72647       0                 6.026
        557  4.64166666667   12.93597    57.51384       0                 6.711
        558  4.65000000000   13.06538    57.30046       0                 7.088
        559  4.65833333333   13.19381    57.08633       0                 7.101
        560  4.66666666667   13.32126    56.87145       0                 6.658
        561  4.67500000000   13.44771    56.65583       0                 6.259
        562  4.68333333333   13.57316    56.43946       0                 7.075
        563  4.69166666667   13.69760    56.22234       0                 7.780
        564  4.70000000000   13.82103    56.00448       0                 6.257
        565  4.70833333333   13.94344    55.78589       0                 6.114
        566  4.71666666667   14.06481    55.56656       0                 6.416
        567  4.72500000000   14.18516    55.34649       0                 6.423
        568  4.73333333333   14.30445    55.12569       0                 6.492
        569  4.74166666667   14.42270    54.90417       0                 6.581
        570  4.75000000000   14.53990    54.68191       0                 7.144
        571  4.75833333333   14.65603    54.45894       0                 6.838
        572  4.76666666667   14.77109    54.23524       0                 6.743
        573  4.77500000000   14.88507    54.01082       0                 6.584
        574  4.78333333333   14.99797    53.78569       0                 6.328
        575  4.79166666667   15.10978    53.55984       0                 6.207
        576  4.80000000000   15.22050    53.33329       0                 6.057
        577  4.80833333333   15.33011    53.10603       0                 5.838
        578  4.81666666667   15.43861    52.87807       0                 5.868
        579  4.82500000000   15.54599    52.64941       0                 6.076
        580  4.83333333333   15.65225    52.42005       0                 6.973
        581  4.84166666667   15.75738    52.19001       0                 6.848
        582  4.85000000000   15.86138    51.95927       0                 6.461
        583  4.85833333333   15.96423    51.72785       0                 6.356
        584  4.86666666667   16.06594    51.49575       0                 6.233
        585  4.87500000000   16.16649    51.26297       0                 5.891
        586  4.88333333333   16.26587    51.02953       0                 5.793
        587  4.89166666667   16.36409    50.79541       0                 6.025
        588  4.90000000000   16.46114    50.56063       0                 6.180
        589  4.90833333333   16.55701    50.32519       0                 6.760
        590  4.91666666667   16.65169    50.08910       0                 7.817
        591  4.92500000000   16.74518    49.85235       0                 8.731
        592  4.93333333333   16.83747    49.61496       0                 8.627
        593  4.94166666667   16.92856    49.37693       0                10.778
        594  4.95000000000   17.01843    49.13827       0                16.644
        595  4.95833333333   17.10709    48.89897       0                13.357
        596  4.96666666667   17.19453    48.65905       0                10.914
        597  4.97500000000   17.28075    48.41851       0                13.353
        598  4.98333333333   17.36572    48.17735       0                15.977
        599  4.99166666667   17.44946    47.93558       0                18.491
        600  5.00000000000   17.53196    47.69321       0                16.219
        601  5.00833333333   17.59599    47.45949       0                12.775
        602  5.01666666667   17.67544    47.21584       0                11.561
        603  5.02500000000   17.75351    46.97167       0                10.387
        604  5.03333333333   17.83020    46.72699       0                 9.940
        605  5.04166666667   17.90550    46.48181       0                 9.062
        606  5.05000000000   17.97942    46.23614       0                 7.980
        607  5.05833333333   18.05193    45.98999       0                 7.692
        608  5.06666666667   18.12304    45.74337       0                 7.589
        609  5.07500000000   18.19275    45.49628       0                 7.378
        610  5.08333333333   18.26104    45.24874       0                 7.309
        611  5.09166666667   18.32791    45.00075       0                 7.762
        612  5.10000000000   18.39335    44.75232       0                 7.922
        613  5.10833333333   18.45737    44.50347       0                 7.938
        614  5.11666666667   18.51995    44.25419       0                 7.139
        615  5.12500000000   18.58110    44.00452       0                 6.804
        616  5.13333333333   18.64080    43.75444       0                 7.827
        617  5.14166666667   18.69905    43.50397       0                 8.736
        618  5.15000000000   18.75585    43.25313       0                 8.887
        619  5.15833333333   18.81120    43.00191       0                 9.447
        620  5.16666666667   18.86508    42.75034       0                 9.880
        621  5.17500000000   18.91750    42.49841       0                10.347
        622  5.18333333333   18.96845    42.24615       0                 8.267
        623  5.19166666667   19.01793    41.99356       0                 7.403
        624  5.20000000000   19.06593    41.74065       0                 7.609
        625  5.20833333333   19.11245    41.48744       0                 7.544
        626  5.21666666667   19.15749    41.23392       0                 8.011
        627  5.22500000000   19.20103    40.98012       0                 8.431
        628  5.23333333333   19.24309    40.72604       0                 8.497
        629  5.24166666667   19.28366    40.47170       0                 8.486
        630  5.25000000000   19.32272    40.21710       0                 8.135
        631  5.25833333333   19.36029    39.96226       0                 7.508
        632  5.26666666667   19.39635    39.70718       0                 7.072
        633  5.27500000000   19.43091    39.45188       0                 6.787
        634  5.28333333333   19.46396    39.19636       0                 6.687
        635  5.29166666667   19.49549    38.94065       0                 6.631
        636  5.30000000000   19.52552    38.68475       0                 6.438
        637  5.30833333333   19.55402    38.42866       0                 6.327
        638  5.31666666667   19.58101    38.17241       0                 6.353
        639  5.32500000000   19.60648    37.91600       0                 6.496
        640  5.33333333333   19.63043    37.65944       0                 6.631
        641  5.34166666667   19.65285    37.40275       0                 6.504
        642  5.35000000000   19.67375    37.14594       0                 6.395
        643  5.35833333333   19.69312    36.88901       0                 6.400
        644  5.36666666667   19.71096    36.63199       0                 6.573
        645  5.37500000000   19.72727    36.37487       0                 6.845
        646  5.38333333333   19.74204    36.11767       0                 6.789
        647  5.39166666667   19.75529    35.86040       0                 6.643
        648  5.40000000000   19.76700    35.60308       0                 6.536
        649  5.40833333333   19.77717    35.34572       0                 6.352
        650  5.41666666667   19.78581    35.08831       0                 6.252
        651  5.42500000000   19.79291    34.83089       0                 5.873
        652  5.43333333333   19.79848    34.57346       0                 5.727
        653  5.44166666667   19.80251    34.31602       0                 5.558
        654  5.45000000000   19.80499    34.05860       0                 5.505
        655  5.45833333333   19.80594    33.80120       0                 5.992
        656  5.46666666667   19.80536    33.54383       0                 6.113
        657  5.47500000000   19.80323    33.28651       0                 6.327
        658  5.48333333333   19.79956    33.02924       0                 6.312
        659  5.49166666667   19.79436    32.77204       0                 6.131
        660  5.50000000000   19.78762    32.51492       0                 5.963
        661  5.50833333333   19.77416    32.28004       0                 5.906
        662  5.51666666667   19.76392    32.02331       0                 5.987
        663  5.52500000000   19.75211    31.76684       0                 5.948
        664  5.53333333333   19.73874    31.51066       0                 5.874
        665  5.54166666667   19.72380    31.25476       0                 5.818
        666  5.55000000000   19.70730    30.99917       0                 5.898
        667  5.55833333333   19.68924    30.74389       0                 5.937
        668  5.56666666667   19.66963    30.48893       0                 5.852
        669  5.57500000000   19.64845    30.23432       0                 5.719
        670  5.58333333333   19.62573    29.98005       0                 5.629
        671  5.59166666667   19.60145    29.72615       0                 5.420
        672  5.60000000000   19.57562    29.47261       0                 5.463
        673  5.60833333333   19.54825    29.21947       0                 5.643
        674  5.61666666667   19.51934    28.96671       0                 5.594
        675  5.62500000000   19.48888    28.71437       0                 5.579
        676  5.63333333333   19.45689    28.46244       0                 5.355
        677  5.64166666667   19.42336    28.21094       0                 5.059
        678  5.65000000000   19.38830    27.95989       0                 4.865
        679  5.65833333333   19.35171    27.70928       0                 4.743
        680  5.66666666667   19.31360    27.45914       0                 4.439
        681  5.67500000000   19.27397    27.20947       0                 4.263
        682  5.68333333333   19.23282    26.96028       0                 4.282
        683  5.69166666667   19.19015    26.71158       0                 4.445
        684  5.70000000000   19.14598    26.46339       0                 4.573
        685  5.70833333333   19.10030    26.21571       0                 4.638
        686  5.71666666667   19.05311    25.96856       0                 4.369
        687  5.72500000000   19.00443    25.72194       0                 4.277
        688  5.73333333333   18.95426    25.47586       0                 4.233
        689  5.74166666667   18.90259    25.23033       0                 4.292
        690  5.75000000000   18.84944    24.98537       0                 4.085
        691  5.75833333333   18.79481    24.74098       0                 4.080
        692  5.76666666667   18.73870    24.49718       0                 4.206
        693  5.77500000000   18.68112    24.25396       0                 4.347
        694  5.78333333333   18.62208    24.01134       0                 4.296
        695  5.79166666667   18.56157    23.76933       0                 4.378
        696  5.80000000000   18.49960    23.52794       0                 4.357
        697  5.80833333333   18.43618    23.28718       0                 4.156
        698  5.81666666667   18.37132    23.04704       0                 4.167
        699  5.82500000000   18.30501    22.80755       0                 4.218
        700  5.83333333333   18.23727    22.56872       0                 4.263
        701  5.84166666667   18.16809    22.33054       0                 4.412
        702  5.85000000000   18.09749    22.09302       0                 4.685
        703  5.85833333333   18.02546    21.85619       0                 4.756
        704  5.86666666667   17.95203    21.62003       0                 4.948
        705  5.87500000000   17.87718    21.38456       0                 5.020
        706  5.88333333333   17.80093    21.14979       0                 5.338
        707  5.89166666667   17.72327    20.91573       0                 5.279
        708  5.90000000000   17.64423    20.68237       0                 5.272
        709  5.90833333333   17.56380    20.44974       0                 5.250
        710  5.91666666667   17.48199    20.21783       0                 5.446
        711  5.92500000000   17.39880    19.98665       0                 5.552
        712  5.93333333333   17.31425    19.75621       0                 5.393
        713  5.94166666667   17.22833    19.52651       0                 5.486
        714  5.95000000000   17.14106    19.29756       0                 5.602
        715  5.95833333333   17.05243    19.06937       0                 5.326
        716  5.96666666667   16.96246    18.84195       0                 5.165
        717  5.97500000000   16.87116    18.61529       0                 4.858
        718  5.98333333333   16.77852    18.38941       0                 4.839
        719  5.99166666667   16.68456    18.16430       0                 4.645
        720  6.00000000000   16.58927    17.93998       0                 4.513
        721  6.00833333333   16.50119    17.73769       0                 4.475
        722  6.01666666667   16.40305    17.51533       0                 4.132
        723  6.02500000000   16.30367    17.29391       0                 3.836
        724  6.03333333333   16.20306    17.07344       0                 3.813
        725  6.04166666667   16.10122    16.85392       0                 3.941
        726  6.05000000000   15.99817    16.63535       0                 4.394
        727  6.05833333333   15.89390    16.41775       0                 4.887
        728  6.06666666667   15.78844    16.20110       0                 4.392
        729  6.07500000000   15.68178    15.98541       0                 4.369
        730  6.08333333333   15.57393    15.77070       0                 4.569
        731  6.09166666667   15.46489    15.55695       0                 4.805
        732  6.10000000000   15.35469    15.34418       0                 4.818
        733  6.10833333333   15.24331    15.13238       0                 4.653
        734  6.11666666667   15.13078    14.92156       0                 4.572
        735  6.12500000000   15.01709    14.71172       0                 4.101
        736  6.13333333333   14.90226    14.50287       0                 3.787
        737  6.14166666667   14.78628    14.29500       0                 3.700
        738  6.15000000000   14.66918    14.08812       0                 3.954
        739  6.15833333333   14.55095    13.88223       0                 4.093
        740  6.16666666667   14.43160    13.67733       0                 3.897
        741  6.17500000000   14.31114    13.47342       0                 3.850
        742  6.18333333333   14.18958    13.27050       0                 3.478
        743  6.19166666667   14.06692    13.06859       0                 3.211
        744  6.20000000000   13.94318    12.86767       0                 3.344
        745  6.20833333333   13.81835    12.66774       0                 4.262
        746  6.21666666667   13.69245    12.46882       0                 5.580
        747  6.22500000000   13.56548    12.27090       0                 6.515
        748  6.23333333333   13.43745    12.07398       0                 7.558
        749  6.24166666667   13.30836    11.87806       0                 8.041
        750  6.25000000000   13.17823    11.68314       0                 8.172
        751  6.25833333333   13.04707    11.48923       0                 7.601
        752  6.26666666667   12.91487    11.29632       0                 7.378
        753  6.27500000000   12.78164    11.10441       0                 6.837
        754  6.28333333333   12.64740    10.91351       0                 6.310
        755  6.29166666667   12.51215    10.72361       0                 5.747
        756  6.30000000000   12.37590    10.53472       0                 6.662
        757  6.30833333333   12.23865    10.34683       0                 7.927
        758  6.31666666667   12.10041    10.15994       0                 8.119
        759  6.32500000000   11.96119     9.97406       0                 8.564
        760  6.33333333333   11.82099     9.78918       0                 9.314
        761  6.34166666667   11.67983     9.60530       0                 9.630
        762  6.35000000000   11.53771     9.42243       0                 8.936
        763  6.35833333333   11.39463     9.24056       0                 9.046
        764  6.36666666667   11.25061     9.05969       0                 9.036
        765  6.37500000000   11.10565     8.87982       0                 8.868
        766  6.38333333333   10.95975     8.70095       0                 8.905
        767  6.39166666667   10.81293     8.52308       0                 8.700
        768  6.40000000000   10.66520     8.34621       0                 8.650
        769  6.40833333333   10.51655     8.17033       0                 8.693
        770  6.41666666667   10.36700     7.99545       0                 9.073
        771  6.42500000000   10.21655     7.82156       0                 9.013
        772  6.43333333333   10.06521     7.64867       0                 8.993
        773  6.44166666667    9.91299     7.47677       0                 9.563
        774  6.45000000000    9.75989     7.30585       0                 9.343
        775  6.45833333333    9.60592     7.13593       0                 9.357
        776  6.46666666667    9.45109     6.96700       0                 9.440
        777  6.47500000000    9.29541     6.79905       0                 9.486
        778  6.48333333333    9.13888     6.63208       0                 9.954
        779  6.49166666667    8.98150     6.46610       0                10.055
        780  6.50000000000    8.82329     6.30110       0                10.158
        781  6.50833333333    8.68019     6.14620       0                 9.916
        782  6.51666666667    8.52025     5.98357       0                 9.982
        783  6.52500000000    8.35961     5.82197       0                10.204
        784  6.53333333333    8.19826     5.66140       0                10.142
        785  6.54166666667    8.03622     5.50185       0                 9.913
        786  6.55000000000    7.87349     5.34333       0                 9.863
        787  6.55833333333    7.71007     5.18583       0                 9.864
        788  6.56666666667    7.54598     5.02935       0                 9.734
        789  6.57500000000    7.38122     4.87388       0                 9.856
        790  6.58333333333    7.21579     4.71942       0                10.268
        791  6.59166666667    7.04970     4.56597       0                10.543
        792  6.60000000000    6.88295     4.41352       0                10.884
        793  6.60833333333    6.71555     4.26207       0                11.195
        794  6.61666666667    6.54751     4.11162       0                11.264
        795  6.62500000000    6.37883     3.96216       0                11.323
        796  6.63333333333    6.20952     3.81370       0                12.284
        797  6.64166666667    6.03958     3.66622       0                12.800
        798  6.65000000000    5.86902     3.51972       0                12.863
        799  6.65833333333    5.69783     3.37421       0                13.257
        800  6.66666666667    5.52604     3.22967       0                13.695
        801  6.67500000000    5.35364     3.08610       0                14.162
        802  6.68333333333    5.18064     2.94351       0                13.829
        803  6.69166666667    5.00705     2.80188       0                13.532
       1789 14.90833333333    5.20394   266.10201       0                 4.324
       1790 14.91666666667    5.39101   266.26568       0                 4.292
       1791 14.92500000000    5.57813   266.42956       0                 4.330
       1792 14.93333333333    5.76531   266.59365       0                 4.303
       1793 14.94166666667    5.95254   266.75796       0                 4.300
       1794 14.95000000000    6.13982   266.92250       0                 4.406
       1795 14.95833333333    6.32715   267.08726       0                 4.445
       1796 14.96666666667    6.51453   267.25225       0                 4.396
       1797 14.97500000000    6.70195   267.41748       0                 4.572
       1798 14.98333333333    6.88941   267.58294       0                 4.590
       1799 14.99166666667    7.07691   267.74864       0                 4.660
       1800 15.00000000000    7.26445   267.91459       0                 4.514
       1801 15.00833333333    7.47660   268.04833       0                 4.427
       1802 15.01666666667    7.66458   268.21432       0                 4.302
       1803 15.02500000000    7.85275   268.38034       0                 4.239
       1804 15.03333333333    8.04112   268.54641       0                 4.205
       1805 15.04166666667    8.22968   268.71252       0                 3.814
       1806 15.05000000000    8.41843   268.87868       0                 3.674
       1807 15.05833333333    8.60737   269.04489       0                 3.628
       1808 15.06666666667    8.79650   269.21116       0                 3.338
       1809 15.07500000000    8.98582   269.37748       0                 3.009
       1810 15.08333333333    9.17531   269.54386       0                 2.863
       1811 15.09166666667    9.36499   269.71031       0                 2.578
       1812 15.10000000000    9.55485   269.87681       0                 2.524
       1813 15.10833333333    9.74489   270.04339       0                 2.464
       1814 15.11666666667    9.93510   270.21004       0                 2.657
       1815 15.12500000000   10.12549   270.37676       0                 2.824
       1816 15.13333333333   10.31605   270.54356       0                 2.949
       1817 15.14166666667   10.50678   270.71044       0                 2.702
       1818 15.15000000000   10.69768   270.87740       0                 2.475
       1819 15.15833333333   10.88875   271.04445       0                 2.420
       1820 15.16666666667   11.07998   271.21159       0                 2.431
       1821 15.17500000000   11.27137   271.37883       0                 2.174
       1822 15.18333333333   11.46293   271.54615       0                 1.918
       1823 15.19166666667   11.65465   271.71358       0                 1.719
       1824 15.20000000000   11.84652   271.88111       0                 1.631
       1825 15.20833333333   12.03855   272.04875       0                 1.652
       1826 15.21666666667   12.23073   272.21650       0                 1.569
       1827 15.22500000000   12.42307   272.38436       0                 1.447
       1828 15.23333333333   12.61556   272.55233       0                 1.321
       1829 15.24166666667   12.80819   272.72043       0                 1.217
       1830 15.25000000000   13.00098   272.88865       0                 1.140
       1831 15.25833333333   13.19391   273.05699       0                 1.010
       1832 15.26666666667   13.38698   273.22547       0                 1.045
       1833 15.27500000000   13.58020   273.39407       0                 0.923
       1834 15.28333333333   13.77355   273.56282       0                 0.927
       1835 15.29166666667   13.96705   273.73171       0                 0.865
       1836 15.30000000000   14.16068   273.90074       0                 0.828
       1837 15.30833333333   14.35445   274.06992       0                 0.879
       1838 15.31666666667   14.54835   274.23925       0                 0.879
       1839 15.32500000000   14.74238   274.40873       0                 0.659
       1840 15.33333333333   14.93655   274.57838       0                 0.855
       1841 15.34166666667   15.13084   274.74819       0                 0.814
       1842 15.35000000000   15.32526   274.91816       0                 0.683
       1843 15.35833333333   15.51981   275.08831       0                 0.706
       1844 15.36666666667   15.71448   275.25864       0                 0.713
       1845 15.37500000000   15.90928   275.42914       0                 0.596
       1846 15.38333333333   16.10419   275.59982       0                 0.719
       1847 15.39166666667   16.29922   275.77070       0                 0.622
       1848 15.40000000000   16.49438   275.94176       0                 0.588
       1849 15.40833333333   16.68965   276.11302       0                 0.697
       1850 15.41666666667   16.88503   276.28448       0                 0.723
       1851 15.42500000000   17.08053   276.45614       0                 0.684
       1852 15.43333333333   17.27614   276.62801       0                 0.805
       1853 15.44166666667   17.47186   276.80010       0                 0.847
       1854 15.45000000000   17.66768   276.97240       0                 0.780
       1855 15.45833333333   17.86362   277.14492       0                 0.636
       1856 15.46666666667   18.05966   277.31767       0                 0.580
       1857 15.47500000000   18.25581   277.49065       0                 0.569
       1858 15.48333333333   18.45206   277.66387       0                 0.593
       1859 15.49166666667   18.64841   277.83732       0                 0.639
       1860 15.50000000000   18.84486   278.01102       0                 0.728
       1861 15.50833333333   19.06710   278.15813       0                 0.726
       1862 15.51666666667   19.26423   278.33174       0                 0.668
       1863 15.52500000000   19.46157   278.50538       0                 0.585
       1864 15.53333333333   19.65915   278.67908       0                 0.523
       1865 15.54166666667   19.85694   278.85282       0                 0.654
       1866 15.55000000000   20.05495   279.02661       0                 0.472
       1867 15.55833333333   20.25318   279.20045       0                 0.450
       1868 15.56666666667   20.45163   279.37435       0                 0.556
       1869 15.57500000000   20.65030   279.54831       0                 0.480
       1870 15.58333333333   20.84918   279.72233       0                 0.493
       1871 15.59166666667   21.04827   279.89642       0                 0.477
       1872 15.60000000000   21.24758   280.07058       0                 0.432
       1873 15.60833333333   21.44709   280.24482       0                 0.385
       1874 15.61666666667   21.64682   280.41913       0                 0.313
       1875 15.62500000000   21.84676   280.59352       0                 0.286
       1876 15.63333333333   22.04690   280.76800       0                 0.170
       1877 15.64166666667   22.24725   280.94256       0                 0.324
       1878 15.65000000000   22.44780   281.11722       0                 0.258
       1879 15.65833333333   22.64856   281.29197       0                 0.373
       1880 15.66666666667   22.84953   281.46682       0                 0.034
       1881 15.67500000000   23.05069   281.64177       0                 0.060
       1882 15.68333333333   23.25205   281.81684       0                -0.110
       1883 15.69166666667   23.45362   281.99201       0                -0.148
       1884 15.70000000000   23.65538   282.16730       0                -0.117
       1885 15.70833333333   23.85735   282.34270       0                 0.033
       1886 15.71666666667   24.05950   282.51823       0                 0.150
       1887 15.72500000000   24.26186   282.69389       0                 0.180
       1888 15.73333333333   24.46441   282.86968       0                 0.277
       1889 15.74166666667   24.66716   283.04561       0                 0.136
       1890 15.75000000000   24.86333   283.21580       0                 0.076
       1891 15.75833333333   25.07323   283.39788       0                -0.055
       1892 15.76666666667   25.27655   283.57425       0                -0.093
       1893 15.77500000000   25.48007   283.75076       0                -0.170
       1894 15.78333333333   25.68377   283.92744       0                -0.136
       1895 15.79166666667   25.88767   284.10428       0                -0.119
       1896 15.80000000000   26.09175   284.28128       0                -0.051
       1897 15.80833333333   26.29603   284.45847       0                -0.126
       1898 15.81666666667   26.50049   284.63582       0                -0.132
       1899 15.82500000000   26.70514   284.81337       0                -0.185
       1900 15.83333333333   26.90997   284.99110       0                -0.235
       1901 15.84166666667   27.11499   285.16902       0                -0.252
       1902 15.85000000000   27.32020   285.34715       0                -0.147
       1903 15.85833333333   27.52559   285.52548       0                -0.036
       1904 15.86666666667   27.73117   285.70402       0                -0.080
       1905 15.87500000000   27.93693   285.88277       0                -0.144
       1906 15.88333333333   28.14287   286.06174       0                -0.202
       1907 15.89166666667   28.34900   286.24094       0                -0.157
       1908 15.90000000000   28.55531   286.42038       0                -0.208
       1909 15.90833333333   28.76180   286.60005       0                -0.120
       1910 15.91666666667   28.96847   286.77996       0                -0.222
       1911 15.92500000000   29.17533   286.96013       0                -0.256
       1912 15.93333333333   29.38237   287.14055       0                -0.276
       1913 15.94166666667   29.58959   287.32124       0                -0.369
       1914 15.95000000000   29.79698   287.50219       0                -0.444
       1915 15.95833333333   30.00456   287.68342       0                -0.484
       1916 15.96666666667   30.21232   287.86493       0                -0.501
       1917 15.97500000000   30.42026   288.04673       0                -0.498
       1918 15.98333333333   30.62838   288.22882       0                -0.490
       1919 15.99166666667   30.83668   288.41122       0                -0.510
       1920 16.00000000000   31.03820   288.58783       0                -0.447
       1921 16.00833333333   31.25485   288.73814       0                -0.446
       1922 16.01666666667   31.46413   288.92070       0                -0.448
       1923 16.02500000000   31.67364   289.10337       0                -0.434
       1924 16.03333333333   31.88339   289.28615       0                -0.572
       1925 16.04166666667   32.09336   289.46905       0                -0.605
       1926 16.05000000000   32.30357   289.65207       0                -0.665
       1927 16.05833333333   32.51400   289.83521       0                -0.708
       1928 16.06666666667   32.72466   290.01849       0                -0.714
       1929 16.07500000000   32.93556   290.20191       0                -0.802
       1930 16.08333333333   33.14668   290.38546       0                -0.762
       1931 16.09166666667   33.35802   290.56917       0                -0.866
       1932 16.10000000000   33.56960   290.75302       0                -0.814
       1933 16.10833333333   33.78141   290.93703       0                -0.840
       1934 16.11666666667   33.99344   291.12120       0                -0.881
       1935 16.12500000000   34.20570   291.30554       0                -0.860
       1936 16.13333333333   34.41818   291.49006       0                -0.862
       1937 16.14166666667   34.63089   291.67475       0                -0.836
       1938 16.15000000000   34.84383   291.85962       0                -0.868
       1939 16.15833333333   35.05700   292.04469       0                -0.959
       1940 16.16666666667   35.27039   292.22995       0                -0.947
       1941 16.17500000000   35.48401   292.41541       0                -1.032
       1942 16.18333333333   35.69786   292.60108       0                -1.158
       1943 16.19166666667   35.91194   292.78696       0                -1.164
       1944 16.20000000000   36.12624   292.97307       0                -1.152
       1945 16.20833333333   36.34077   293.15940       0                -1.141
       1946 16.21666666667   36.55552   293.34596       0                -1.173
       1947 16.22500000000   36.77051   293.53277       0                -1.181
       1948 16.23333333333   36.98572   293.71983       0                -1.205
       1949 16.24166666667   37.20116   293.90713       0                -1.237
       1950 16.25000000000   37.41682   294.09471       0                -1.305
       1951 16.25833333333   37.63272   294.28255       0                -1.311
       1952 16.26666666667   37.84884   294.47066       0                -1.356
       1953 16.27500000000   38.06520   294.65906       0                -1.374
       1954 16.28333333333   38.28178   294.84776       0                -1.406
       1955 16.29166666667   38.49860   295.03675       0                -1.387
       1956 16.30000000000   38.71564   295.22605       0                -1.405
       1957 16.30833333333   38.93291   295.41567       0                -1.375
       1958 16.31666666667   39.15042   295.60561       0                -1.381
       1959 16.32500000000   39.36816   295.79589       0                -1.449
       1960 16.33333333333   39.58613   295.98651       0                -1.455
       1961 16.34166666667   39.80433   296.17748       0                -1.416
       1962 16.35000000000   40.02276   296.36881       0                -1.386
       1963 16.35833333333   40.24143   296.56051       0                -1.372
       1964 16.36666666667   40.46034   296.75259       0                -1.332
       1965 16.37500000000   40.67947   296.94506       0                -1.286
       1966 16.38333333333   40.89885   297.13793       0                -1.214
       1967 16.39166666667   41.11845   297.33121       0                -1.214
       1968 16.40000000000   41.33830   297.52491       0                -1.221
       1969 16.40833333333   41.55838   297.71903       0                -1.260
       1970 16.41666666667   41.77870   297.91360       0                -1.283
       1971 16.42500000000   41.99926   298.10862       0                -1.279
       1972 16.43333333333   42.22006   298.30411       0                -1.320
       1973 16.44166666667   42.44110   298.50007       0                -1.331
       1974 16.45000000000   42.66237   298.69651       0                -1.359
       1975 16.45833333333   42.88389   298.89346       0                -1.358
       1976 16.46666666667   43.10565   299.09091       0                -1.379
       1977 16.47500000000   43.32765   299.28889       0                -1.433
       1978 16.48333333333   43.54990   299.48741       0                -1.434
       1979 16.49166666667   43.77239   299.68647       0                -1.411
       1980 16.50000000000   43.99512   299.88610       0                -1.432
       1981 16.50833333333   44.21228   300.05379       0                -1.485
       1982 16.51666666667   44.43584   300.25354       0                -1.564
       1983 16.52500000000   44.65960   300.45368       0                -1.593
       1984 16.53333333333   44.88357   300.65420       0                -1.575
       1985 16.54166666667   45.10775   300.85513       0                -1.551
       1986 16.55000000000   45.33213   301.05646       0                -1.633
       1987 16.55833333333   45.55672   301.25821       0                -1.648
       1988 16.56666666667   45.78152   301.46040       0                -1.689
       1989 16.57500000000   46.00653   301.66302       0                -1.680
       1990 16.58333333333   46.23175   301.86610       0                -1.686
       1991 16.59166666667   46.45717   302.06964       0                -1.715
       1992 16.60000000000   46.68281   302.27365       0                -1.809
       1993 16.60833333333   46.90866   302.47816       0                -1.841
       1994 16.61666666667   47.13471   302.68316       0                -1.839
       1995 16.62500000000   47.36098   302.88868       0                -1.824
       1996 16.63333333333   47.58746   303.09473       0                -1.861
       1997 16.64166666667   47.81416   303.30131       0                -1.881
       1998 16.65000000000   48.04106   303.50845       0                -1.867
       1999 16.65833333333   48.26818   303.71616       0                -1.876
       2000 16.66666666667   48.49551   303.92444       0                -1.914
       2001 16.67500000000   48.72306   304.13333       0                -1.930
       2002 16.68333333333   48.95082   304.34282       0                -1.944
       2003 16.69166666667   49.17880   304.55295       0                -1.965
       2004 16.70000000000   49.40700   304.76372       0                -1.995
       2005 16.70833333333   49.63541   304.97514       0                -2.008
       2006 16.71666666667   49.86403   305.18725       0                -2.020
       2007 16.72500000000   50.09288   305.40004       0                -2.000
       2008 16.73333333333   50.32195   305.61355       0                -1.992
       2009 16.74166666667   50.55123   305.82779       0                -1.979
       2010 16.75000000000   50.78073   306.04278       0                -1.985
       2011 16.75833333333   51.01046   306.25853       0                -2.058
       2012 16.76666666667   51.24040   306.47507       0                -2.103
       2013 16.77500000000   51.47057   306.69242       0                -2.156
       2014 16.78333333333   51.70095   306.91060       0                -2.210
       2015 16.79166666667   51.93156   307.12962       0                -2.215
       2016 16.80000000000   52.16240   307.34952       0                -2.219
       2017 16.80833333333   52.39345   307.57031       0                -2.229
       2018 16.81666666667   52.62473   307.79202       0                -2.230
       2019 16.82500000000   52.85623   308.01466       0                -2.219
       2020 16.83333333333   53.08796   308.23827       0                -2.210
       2021 16.84166666667   53.31991   308.46287       0                -2.156
       2022 16.85000000000   53.55208   308.68848       0                -2.167
       2023 16.85833333333   53.78448   308.91514       0                -2.177
       2024 16.86666666667   54.01711   309.14286       0                -2.188
       2025 16.87500000000   54.24996   309.37168       0                -2.175
       2026 16.88333333333   54.48303   309.60163       0                -2.207
       2027 16.89166666667   54.71633   309.83273       0                -2.205
       2028 16.90000000000   54.94986   310.06502       0                -2.229
       2029 16.90833333333   55.18361   310.29852       0                -2.249
       2030 16.91666666667   55.41759   310.53327       0                -2.251
       2031 16.92500000000   55.65179   310.76931       0                -2.294
       2032 16.93333333333   55.88622   311.00666       0                -2.303
       2033 16.94166666667   56.12087   311.24536       0                -2.300
       2034 16.95000000000   56.35575   311.48545       0                -2.307
       2035 16.95833333333   56.59085   311.72697       0                -2.332
       2036 16.96666666667   56.82617   311.96995       0                -2.314
       2037 16.97500000000   57.06171   312.21443       0                -2.300
       2038 16.98333333333   57.29748   312.46046       0                -2.320
       2039 16.99166666667   57.53347   312.70807       0                -2.314
       2040 17.00000000000   57.76967   312.95732       0                -2.315
       2041 17.00833333333   57.99614   313.18451       0                -2.320
       2042 17.01666666667   58.23296   313.43567       0                -2.330
       2043 17.02500000000   58.46988   313.68837       0                -2.376
       2044 17.03333333333   58.70690   313.94264       0                -2.406
       2045 17.04166666667   58.94401   314.19852       0                -2.411
       2046 17.05000000000   59.18122   314.45607       0                -2.406
       2047 17.05833333333   59.41852   314.71532       0                -2.377
       2048 17.06666666667   59.65592   314.97632       0                -2.355
       2049 17.07500000000   59.89341   315.23912       0                -2.344
       2050 17.08333333333   60.13098   315.50376       0                -2.362
       2051 17.09166666667   60.36865   315.77031       0                -2.366
       2052 17.10000000000   60.60640   316.03880       0                -2.379
       2053 17.10833333333   60.84423   316.30930       0                -2.395
       2054 17.11666666667   61.08215   316.58186       0                -2.384
       2055 17.12500000000   61.32014   316.85655       0                -2.364
       2056 17.13333333333   61.55822   317.13341       0                -2.368
       2057 17.14166666667   61.79637   317.41252       0                -2.338
       2058 17.15000000000   62.03460   317.69393       0                -2.320
       2059 17.15833333333   62.27290   317.97772       0                -2.309
       2060 17.16666666667   62.51126   318.26395       0                -2.337
       2061 17.17500000000   62.74969   318.55270       0                -2.296
       2062 17.18333333333   62.98818   318.84404       0                -2.279
       2063 17.19166666667   63.22673   319.13804       0                -2.269
       2064 17.20000000000   63.46534   319.43480       0                -2.250
       2065 17.20833333333   63.70399   319.73438       0                -2.284
       2066 17.21666666667   63.94270   320.03688       0                -2.293
       2067 17.22500000000   64.18144   320.34238       0                -2.284
       2068 17.23333333333   64.42023   320.65098       0                -2.318
       2069 17.24166666667   64.65905   320.96277       0                -2.314
       2070 17.25000000000   64.88993   321.26730       0                -2.327
       2071 17.25833333333   65.13677   321.59634       0                -2.333
       2072 17.26666666667   65.37565   321.91833       0                -2.356
       2073 17.27500000000   65.61456   322.24393       0                -2.368
       2074 17.28333333333   65.85346   322.57327       0                -2.384
       2075 17.29166666667   66.09237   322.90646       0                -2.387
       2076 17.30000000000   66.33126   323.24363       0                -2.389
       2077 17.30833333333   66.57014   323.58490       0                -2.383
       2078 17.31666666667   66.80900   323.93043       0                -2.389
       2079 17.32500000000   67.04782   324.28034       0                -2.425
       2080 17.33333333333   67.28661   324.63478       0                -2.428
       2081 17.34166666667   67.52534   324.99391       0                -2.419
       2082 17.35000000000   67.76402   325.35789       0                -2.440
       2083 17.35833333333   68.00262   325.72689       0                -2.454
       2084 17.36666666667   68.24114   326.10108       0                -2.462
       2085 17.37500000000   68.47958   326.48063       0                -2.460
       2086 17.38333333333   68.71790   326.86575       0                -2.446
       2087 17.39166666667   68.95611   327.25662       0                -2.473
       2088 17.40000000000   69.19419   327.65346       0                -2.486
       2089 17.40833333333   69.43212   328.05647       0                -2.538
       2090 17.41666666667   69.66989   328.46589       0                -2.576
       2091 17.42500000000   69.90748   328.88195       0                -2.571
       2092 17.43333333333   70.14488   329.30489       0                -2.576
       2093 17.44166666667   70.38207   329.73497       0                -2.547
       2094 17.45000000000   70.61903   330.17246       0                -2.552
       2095 17.45833333333   70.85574   330.61764       0                -2.563
       2096 17.46666666667   71.09218   331.07081       0                -2.575
       2097 17.47500000000   71.32832   331.53226       0                -2.604
       2098 17.48333333333   71.56414   332.00233       0                -2.619
       2099 17.49166666667   71.79963   332.48135       0                -2.634
       2100 17.50000000000   72.02691   332.95324       0                -2.684
       2101 17.50833333333   72.24554   333.43076       0                -2.696
       2102 17.51666666667   72.47997   333.93572       0                -2.702
       2103 17.52500000000   72.71378   334.45081       0                -2.686
       2104 17.53333333333   72.94696   334.97642       0                -2.680
       2105 17.54166666667   73.17948   335.51296       0                -2.669
       2106 17.55000000000   73.41129   336.06088       0                -2.662
       2107 17.55833333333   73.64237   336.62064       0                -2.643
       2108 17.56666666667   73.87267   337.19272       0                -2.670
       2109 17.57500000000   74.10215   337.77761       0                -2.675
       2110 17.58333333333   74.33078   338.37584       0                -2.707
       2111 17.59166666667   74.55851   338.98798       0                -2.712
       2112 17.60000000000   74.78528   339.61459       0                -2.725
       2113 17.60833333333   75.01105   340.25628       0                -2.695
       2114 17.61666666667   75.23577   340.91370       0                -2.681
       2115 17.62500000000   75.45938   341.58749       0                -2.649
       2116 17.63333333333   75.68181   342.27836       0                -2.679
       2117 17.64166666667   75.90300   342.98704       0                -2.699
       2118 17.65000000000   76.12289   343.71428       0                -2.728
       2119 17.65833333333   76.34141   344.46089       0                -2.714
       2120 17.66666666667   76.55847   345.22769       0                -2.715
       2121 17.67500000000   76.77399   346.01556       0                -2.728
       2122 17.68333333333   76.98790   346.82539       0                -2.717
       2123 17.69166666667   77.20009   347.65813       0                -2.744
       2124 17.70000000000   77.41046   348.51477       0                -2.694
       2125 17.70833333333   77.61893   349.39631       0                -2.665
       2126 17.71666666667   77.82537   350.30382       0                -2.638
       2127 17.72500000000   78.02967   351.23839       0                -2.668
       2128 17.73333333333   78.23170   352.20115       0                -2.647
       2129 17.74166666667   78.43134   353.19327       0                -2.673
       2130 17.75000000000   78.62191   354.18134       0                -2.655
       2131 17.75833333333   78.82286   355.27036       0                -2.680
       2132 17.76666666667   79.01444   356.35781       0                -2.654
       2133 17.77500000000   79.20301   357.47954       0                -2.640
       2134 17.78333333333   79.38840   358.63682       0                -2.673
       2135 17.79166666667   79.57043   359.83093       0                -2.660
       2136 17.80000000000   79.74890     1.06314       0                -2.661
       2137 17.80833333333   79.92361     2.33470       0                -2.650
       2138 17.81666666667   80.09433     3.64683       0                -2.637
       2139 17.82500000000   80.26085     5.00068       0                -2.616
       2140 17.83333333333   80.42292     6.39737       0                -2.592
       2141 17.84166666667   80.58031     7.83790       0                -2.600
       2142 17.85000000000   80.73274     9.32316       0                -2.568
       2143 17.85833333333   80.87996    10.85392       0                -2.531
       2144 17.86666666667   81.02169    12.43077       0                -2.491
       2145 17.87500000000   81.15765    14.05411       0                -2.467
       2146 17.88333333333   81.28754    15.72411       0                -2.425
       2147 17.89166666667   81.41107    17.44070       0                -2.397
       2148 17.90000000000   81.52794    19.20348       0                -2.385
       2149 17.90833333333   81.63785    21.01178       0                -2.373
       2150 17.91666666667   81.74050    22.86452       0                -2.342
       2151 17.92500000000   81.83559    24.76029       0                -2.326
       2152 17.93333333333   81.92284    26.69726       0                -2.298
       2153 17.94166666667   82.00196    28.67318       0                -2.287
       2154 17.95000000000   82.07270    30.68539       0                -2.290
       2155 17.95833333333   82.13479    32.73082       0                -2.270
       2156 17.96666666667   82.18801    34.80596       0                -2.234
       2157 17.97500000000   82.23216    36.90695       0                -2.208
       2158 17.98333333333   82.26705    39.02957       0                -2.213
       2159 17.99166666667   82.29253    41.16929       0                -2.180
       2160 18.00000000000   82.30811    43.24945       0                -2.131
       2161 18.00833333333   82.30047    45.24115       0                -2.073
       2162 18.01666666667   82.29875    47.39698       0                -2.043
       2163 18.02500000000   82.28732    49.54974       0                -2.102
       2164 18.03333333333   82.26620    51.69434       0                -2.149
       2165 18.04166666667   82.23547    53.82584       0                -2.072
       2166 18.05000000000   82.19524    55.93947       0                -2.046
       2167 18.05833333333   82.14564    58.03071       0                -2.020
       2168 18.06666666667   82.08685    60.09537       0                -2.036
       2169 18.07500000000   82.01905    62.12961       0                -1.969
       2170 18.08333333333   81.94246    64.12995       0                -1.917
       2171 18.09166666667   81.85733    66.09338       0                -1.830
       2172 18.10000000000   81.76391    68.01725       0                -1.786
       2173 18.10833333333   81.66247    69.89938       0                -1.739
       2174 18.11666666667   81.55330    71.73799       0                -1.740
       2175 18.12500000000   81.43667    73.53167       0                -1.771
       2176 18.13333333333   81.31289    75.27944       0                -1.751
       2177 18.14166666667   81.18224    76.98064       0                -1.745
       2178 18.15000000000   81.04502    78.63492       0                -1.714
       2179 18.15833333333   80.90152    80.24223       0                -1.733
       2180 18.16666666667   80.75202    81.80279       0                -1.695
       2181 18.17500000000   80.59679    83.31703       0                -1.665
       2182 18.18333333333   80.43612    84.78556       0                -1.649
       2183 18.19166666667   80.27027    86.20917       0                -1.632
       2184 18.20000000000   80.09948    87.58878       0                -1.622
       2185 18.20833333333   79.92399    88.92542       0                -1.596
       2186 18.21666666667   79.74406    90.22020       0                -1.587
       2187 18.22500000000   79.55989    91.47430       0                -1.536
       2188 18.23333333333   79.37170    92.68895       0                -1.521
       2189 18.24166666667   79.17969    93.86540       0                -1.518
       2190 18.25000000000   78.98406    95.00494       0                -1.478
       2191 18.25833333333   78.78499    96.10884       0                -1.439
       2192 18.26666666667   78.58266    97.17838       0                -1.424
       2193 18.27500000000   78.37722    98.21484       0                -1.417
       2194 18.28333333333   78.16883    99.21945       0                -1.411
       2195 18.29166666667   77.95764   100.19345       0                -1.407
       2196 18.30000000000   77.74380   101.13802       0                -1.380
       2197 18.30833333333   77.52742   102.05433       0                -1.403
       2198 18.31666666667   77.30865   102.94351       0                -1.401
       2199 18.32500000000   77.08758   103.80665       0                -1.412
       2200 18.33333333333   76.86433   104.64481       0                -1.378
       2201 18.34166666667   76.63902   105.45900       0                -1.345
       2202 18.35000000000   76.41173   106.25021       0                -1.342
       2203 18.35833333333   76.18256   107.01936       0                -1.331
       2204 18.36666666667   75.95159   107.76737       0                -1.319
       2205 18.37500000000   75.71891   108.49510       0                -1.304
       2206 18.38333333333   75.48461   109.20339       0                -1.266
       2207 18.39166666667   75.24874   109.89301       0                -1.240
       2208 18.40000000000   75.01139   110.56474       0                -1.243
       2209 18.40833333333   74.77261   111.21930       0                -1.235
       2210 18.41666666667   74.53248   111.85737       0                -1.237
       2211 18.42500000000   74.29105   112.47963       0                -1.247
       2212 18.43333333333   74.04837   113.08671       0                -1.221
       2213 18.44166666667   73.80451   113.67921       0                -1.221
       2214 18.45000000000   73.55950   114.25770       0                -1.217
       2215 18.45833333333   73.31340   114.82275       0                -1.182
       2216 18.46666666667   73.06626   115.37486       0                -1.169
       2217 18.47500000000   72.81811   115.91455       0                -1.180
       2218 18.48333333333   72.56900   116.44229       0                -1.178
       2219 18.49166666667   72.31897   116.95854       0                -1.162
       2220 18.50000000000   72.06806   117.46373       0                -1.138
       2221 18.50833333333   71.80701   117.87880       0                -1.087
       2222 18.51666666667   71.55495   118.36436       0                -1.058
       2223 18.52500000000   71.30210   118.83943       0                -0.998
       2224 18.53333333333   71.04848   119.30440       0                -0.979
       2225 18.54166666667   70.79412   119.75965       0                -0.953
       2226 18.55000000000   70.53907   120.20553       0                -0.898
       2227 18.55833333333   70.28333   120.64238       0                -0.862
       2228 18.56666666667   70.02695   121.07053       0                -0.816
       2229 18.57500000000   69.76995   121.49028       0                -0.768
       2230 18.58333333333   69.51235   121.90194       0                -0.731
       2231 18.59166666667   69.25418   122.30579       0                -0.727
       2232 18.60000000000   68.99546   122.70210       0                -0.690
       2233 18.60833333333   68.73621   123.09113       0                -0.642
       2234 18.61666666667   68.47645   123.47313       0                -0.623
       2235 18.62500000000   68.21621   123.84834       0                -0.597
       2236 18.63333333333   67.95550   124.21699       0                -0.556
       2237 18.64166666667   67.69434   124.57930       0                -0.496
       2238 18.65000000000   67.43274   124.93548       0                -0.444
       2239 18.65833333333   67.17074   125.28573       0                -0.395
       2240 18.66666666667   66.90833   125.63024       0                -0.374
       2241 18.67500000000   66.64554   125.96920       0                -0.341
       2242 18.68333333333   66.38239   126.30279       0                -0.328
       2243 18.69166666667   66.11888   126.63118       0                -0.277
       2244 18.70000000000   65.85503   126.95454       0                -0.210
       2245 18.70833333333   65.59086   127.27301       0                -0.167
       2246 18.71666666667   65.32637   127.58676       0                -0.140
       2247 18.72500000000   65.06159   127.89592       0                -0.096
       2248 18.73333333333   64.79651   128.20064       0                -0.081
       2249 18.74166666667   64.53116   128.50105       0                -0.044
       2250 18.75000000000   64.27441   128.78748       0                 0.004
       2251 18.75833333333   63.99968   129.08947       0                 0.052
       2252 18.76666666667   63.73357   129.37772       0                 0.101
       2253 18.77500000000   63.46723   129.66215       0                 0.133
       2254 18.78333333333   63.20066   129.94287       0                 0.194
       2255 18.79166666667   62.93388   130.21999       0                 0.226
       2256 18.80000000000   62.66690   130.49361       0                 0.277
       2257 18.80833333333   62.39973   130.76384       0                 0.324
       2258 18.81666666667   62.13237   131.03076       0                 0.373
       2259 18.82500000000   61.86484   131.29447       0                 0.417
       2260 18.83333333333   61.59714   131.55507       0                 0.442
       2261 18.84166666667   61.32928   131.81262       0                 0.491
       2262 18.85000000000   61.06126   132.06723       0                 0.540
       2263 18.85833333333   60.79311   132.31897       0                 0.587
       2264 18.86666666667   60.52482   132.56791       0                 0.648
       2265 18.87500000000   60.25641   132.81413       0                 0.700
       2266 18.88333333333   59.98787   133.05770       0                 0.749
       2267 18.89166666667   59.71923   133.29870       0                 0.811
       2268 18.90000000000   59.45047   133.53719       0                 0.872
       2269 18.90833333333   59.18162   133.77323       0                 0.917
       2270 18.91666666667   58.91268   134.00689       0                 0.977
       2271 18.92500000000   58.64366   134.23823       0                 1.050
       2272 18.93333333333   58.37456   134.46731       0                 1.099
       2273 18.94166666667   58.10538   134.69419       0                 1.184
       2274 18.95000000000   57.83615   134.91891       0                 1.258
       2275 18.95833333333   57.56685   135.14154       0                 1.334
       2276 18.96666666667   57.29751   135.36213       0                 1.392
       2277 18.97500000000   57.02812   135.58072       0                 1.471
       2278 18.98333333333   56.75869   135.79737       0                 1.517
       2279 18.99166666667   56.48922   136.01211       0                 1.596
       2280 19.00000000000   56.22872   136.21795       0                 1.672
       2281 19.00833333333   55.95063   136.36300       0                 1.740
       2282 19.01666666667   55.68132   136.57280       0                 1.820
       2283 19.02500000000   55.41194   136.78044       0                 1.903
       2284 19.03333333333   55.14249   136.98597       0                 1.994
       2285 19.04166666667   54.87298   137.18944       0                 2.064
       2286 19.05000000000   54.60342   137.39089       0                 2.160
       2287 19.05833333333   54.33380   137.59038       0                 2.242
       2288 19.06666666667   54.06414   137.78794       0                 2.346
       2289 19.07500000000   53.79444   137.98363       0                 2.424
       2290 19.08333333333   53.52470   138.17748       0                 2.511
       2291 19.09166666667   53.25494   138.36953       0                 2.587
       2292 19.10000000000   52.98515   138.55984       0                 2.681
       2293 19.10833333333   52.71534   138.74843       0                 2.783
       2294 19.11666666667   52.44552   138.93534       0                 2.877
       2295 19.12500000000   52.17570   139.12061       0                 2.935
       2296 19.13333333333   51.90587   139.30428       0                 3.019
       2297 19.14166666667   51.63604   139.48638       0                 3.106
       2298 19.15000000000   51.36622   139.66694       0                 3.178
       2299 19.15833333333   51.09641   139.84601       0                 3.252
       2300 19.16666666667   50.82661   140.02360       0                 3.328
       2301 19.17500000000   50.55684   140.19976       0                 3.403
       2302 19.18333333333   50.28709   140.37451       0                 3.477
       2303 19.19166666667   50.01737   140.54789       0                 3.562
       2304 19.20000000000   49.74768   140.71991       0                 3.647
       2305 19.20833333333   49.47804   140.89062       0                 3.721
       2306 19.21666666667   49.20843   141.06004       0                 3.805
       2307 19.22500000000   48.93888   141.22819       0                 3.878
       2308 19.23333333333   48.66937   141.39510       0                 3.973
       2309 19.24166666667   48.39992   141.56080       0                 4.065
       2310 19.25000000000   48.13054   141.72531       0                 4.138
       2311 19.25833333333   47.86121   141.88866       0                 4.243
       2312 19.26666666667   47.59196   142.05087       0                 4.335
       2313 19.27500000000   47.32277   142.21196       0                 4.456
       2314 19.28333333333   47.05367   142.37195       0                 4.543
       2315 19.29166666667   46.78464   142.53088       0                 4.653
       2316 19.30000000000   46.51570   142.68875       0                 4.771
       2317 19.30833333333   46.24685   142.84559       0                 4.892
       2318 19.31666666667   45.97809   143.00142       0                 5.004
       2319 19.32500000000   45.70942   143.15627       0                 5.117
       2320 19.33333333333   45.44086   143.31014       0                 5.245
       2321 19.34166666667   45.17240   143.46306       0                 5.367
       2322 19.35000000000   44.90405   143.61506       0                 5.476
       2323 19.35833333333   44.63581   143.76613       0                 5.600
       2324 19.36666666667   44.36768   143.91631       0                 5.720
       2325 19.37500000000   44.09968   144.06562       0                 5.880
       2326 19.38333333333   43.83179   144.21406       0                 5.997
       2327 19.39166666667   43.56404   144.36165       0                 6.134
       2328 19.40000000000   43.29641   144.50842       0                 6.275
       2329 19.40833333333   43.02892   144.65438       0                 6.408
       2330 19.41666666667   42.76157   144.79953       0                 6.544
       2331 19.42500000000   42.49436   144.94391       0                 6.657
       2332 19.43333333333   42.22729   145.08752       0                 6.781
       2333 19.44166666667   41.96037   145.23037       0                 6.913
       2334 19.45000000000   41.69360   145.37249       0                 7.083
       2335 19.45833333333   41.42699   145.51389       0                 7.231
       2336 19.46666666667   41.16054   145.65457       0                 7.356
       2337 19.47500000000   40.89425   145.79456       0                 7.486
       2338 19.48333333333   40.62812   145.93386       0                 7.605
       2339 19.49166666667   40.36217   146.07249       0                 7.761
       2340 19.50000000000   40.09638   146.21046       0                 7.897
       2341 19.50833333333   39.81680   146.29269       0                 8.029
       2342 19.51666666667   39.55137   146.42934       0                 8.158
       2343 19.52500000000   39.28602   146.56500       0                 8.314
       2344 19.53333333333   39.02076   146.69969       0                 8.461
       2345 19.54166666667   38.75560   146.83343       0                 8.620
       2346 19.55000000000   38.49052   146.96623       0                 8.778
       2347 19.55833333333   38.22555   147.09812       0                 8.946
       2348 19.56666666667   37.96069   147.22910       0                 9.151
       2349 19.57500000000   37.69593   147.35918       0                 9.342
       2350 19.58333333333   37.43128   147.48840       0                 9.550
       2351 19.59166666667   37.16674   147.61675       0                 9.731
       2352 19.60000000000   36.90232   147.74426       0                 9.936
       2353 19.60833333333   36.63803   147.87093       0                10.090
       2354 19.61666666667   36.37385   147.99678       0                10.287
       2355 19.62500000000   36.10981   148.12183       0                10.475
       2356 19.63333333333   35.84590   148.24609       0                10.704
       2357 19.64166666667   35.58212   148.36957       0                10.904
       2358 19.65000000000   35.31848   148.49228       0                11.097
       2359 19.65833333333   35.05498   148.61424       0                11.315
       2360 19.66666666667   34.79162   148.73545       0                11.522
       2361 19.67500000000   34.52841   148.85594       0                11.706
       2362 19.68333333333   34.26535   148.97571       0                11.882
       2363 19.69166666667   34.00245   149.09477       0                12.090
       2364 19.70000000000   33.73970   149.21313       0                12.305
       2365 19.70833333333   33.47711   149.33081       0                12.514
       2366 19.71666666667   33.21468   149.44782       0                12.733
       2367 19.72500000000   32.95242   149.56417       0                12.932
       2368 19.73333333333   32.69033   149.67986       0                13.142
       2369 19.74166666667   32.42841   149.79492       0                13.357
       2370 19.75000000000   32.16666   149.90934       0                13.590
       2371 19.75833333333   31.90509   150.02314       0                13.810
       2372 19.76666666667   31.64370   150.13633       0                14.035
       2373 19.77500000000   31.38249   150.24892       0                14.304
       2374 19.78333333333   31.12147   150.36092       0                14.533
       2375 19.79166666667   30.86063   150.47234       0                14.768
       2376 19.80000000000   30.59999   150.58318       0                15.043
       2377 19.80833333333   30.33954   150.69346       0                15.298
       2378 19.81666666667   30.07928   150.80318       0                15.547
       2379 19.82500000000   29.81923   150.91236       0                15.798
       2380 19.83333333333   29.55937   151.02099       0                16.009
       2381 19.84166666667   29.29972   151.12910       0                16.233
       2382 19.85000000000   29.04027   151.23669       0                16.503
       2383 19.85833333333   28.78104   151.34377       0                16.767
       2384 19.86666666667   28.52201   151.45034       0                17.033
       2385 19.87500000000   28.26320   151.55641       0                17.282
       2386 19.88333333333   28.00460   151.66199       0                17.542
       2387 19.89166666667   27.74622   151.76710       0                17.819
       2388 19.90000000000   27.48806   151.87173       0                18.096
       2389 19.90833333333   27.23012   151.97589       0                18.389
       2390 19.91666666667   26.97241   152.07959       0                18.660
       2391 19.92500000000   26.71493   152.18285       0                18.912
       2392 19.93333333333   26.45768   152.28566       0                19.167
       2393 19.94166666667   26.20065   152.38803       0                19.459
       2394 19.95000000000   25.94386   152.48997       0                19.779
       2395 19.95833333333   25.68731   152.59148       0                20.113
       2396 19.96666666667   25.43099   152.69258       0                20.412
       2397 19.97500000000   25.17492   152.79327       0                20.706
       2398 19.98333333333   24.91909   152.89356       0                21.014
       2399 19.99166666667   24.66350   152.99345       0                21.342
       2400 20.00000000000   24.40815   153.09294       0                21.669
       2401 20.00833333333   24.14033   153.14430       0                21.993
       2402 20.01666666667   23.88534   153.24273       0                22.294
       2403 20.02500000000   23.63051   153.34047       0                22.603
       2404 20.03333333333   23.37584   153.43753       0                22.940
       2405 20.04166666667   23.12135   153.53392       0                23.254
       2406 20.05000000000   22.86703   153.62965       0                23.573
       2407 20.05833333333   22.61289   153.72473       0                23.914
       2408 20.06666666667   22.35892   153.81916       0                24.233
       2409 20.07500000000   22.10513   153.91296       0                24.569
       2410 20.08333333333   21.85153   154.00612       0                24.937
       2411 20.09166666667   21.59812   154.09866       0                25.247
       2412 20.10000000000   21.34489   154.19059       0                25.605
       2413 20.10833333333   21.09186   154.28191       0                25.945
       2414 20.11666666667   20.83901   154.37264       0                26.317
       2415 20.12500000000   20.58636   154.46277       0                26.678
       2416 20.13333333333   20.33391   154.55231       0                26.998
       2417 20.14166666667   20.08166   154.64128       0                27.379
       2418 20.15000000000   19.82961   154.72968       0                27.787
       2419 20.15833333333   19.57777   154.81751       0                28.169
       2420 20.16666666667   19.32613   154.90479       0                28.554
       2421 20.17500000000   19.07470   154.99151       0                28.945
       2422 20.18333333333   18.82348   155.07769       0                29.286
       2423 20.19166666667   18.57247   155.16334       0                29.689
       2424 20.20000000000   18.32168   155.24845       0                30.071
       2425 20.20833333333   18.07110   155.33304       0                30.504
       2426 20.21666666667   17.82074   155.41711       0                30.925
       2427 20.22500000000   17.57059   155.50066       0                31.367
       2428 20.23333333333   17.32067   155.58371       0                31.745
       2429 20.24166666667   17.07097   155.66626       0                32.231
       2430 20.25000000000   16.82150   155.74832       0                32.643
       2431 20.25833333333   16.57225   155.82988       0                33.151
       2432 20.26666666667   16.32323   155.91097       0                33.630
       2433 20.27500000000   16.07444   155.99157       0                34.071
       2434 20.28333333333   15.82588   156.07171       0                34.533
       2435 20.29166666667   15.57755   156.15138       0                34.922
       2436 20.30000000000   15.32945   156.23058       0                35.426
       2437 20.30833333333   15.08159   156.30934       0                35.866
       2438 20.31666666667   14.83397   156.38764       0                36.419
       2439 20.32500000000   14.58658   156.46549       0                36.926
       2440 20.33333333333   14.33943   156.54291       0                37.426
       2441 20.34166666667   14.09253   156.61989       0                37.922
       2442 20.35000000000   13.84586   156.69645       0                38.445
       2443 20.35833333333   13.59944   156.77257       0                39.005
       2444 20.36666666667   13.35325   156.84828       0                39.594
       2445 20.37500000000   13.10732   156.92357       0                40.147
       2446 20.38333333333   12.86163   156.99845       0                40.681
       2447 20.39166666667   12.61618   157.07293       0                41.320
       2448 20.40000000000   12.37099   157.14701       0                41.861
       2449 20.40833333333   12.12604   157.22069       0                42.486
       2450 20.41666666667   11.88134   157.29397       0                43.107
       2451 20.42500000000   11.63689   157.36687       0                43.619
       2452 20.43333333333   11.39270   157.43939       0                44.203
       2453 20.44166666667   11.14875   157.51153       0                44.834
       2454 20.45000000000   10.90506   157.58329       0                45.476
       2455 20.45833333333   10.66162   157.65468       0                46.080
       2456 20.46666666667   10.41844   157.72571       0                46.709
       2457 20.47500000000   10.17551   157.79638       0                47.457
       2458 20.48333333333    9.93283   157.86669       0                48.182
       2459 20.49166666667    9.69041   157.93664       0                48.829
       2460 20.50000000000    9.44825   158.00625       0                49.548
       2461 20.50833333333    9.20075   158.03464       0                50.341
       2462 20.51666666667    8.95892   158.10309       0                51.086
       2463 20.52500000000    8.71730   158.17092       0                51.864
       2464 20.53333333333    8.47590   158.23816       0                52.649
       2465 20.54166666667    8.23473   158.30480       0                53.376
       2466 20.55000000000    7.99379   158.37084       0                54.150
       2467 20.55833333333    7.75308   158.43630       0                54.825
       2468 20.56666666667    7.51259   158.50117       0                55.260
       2469 20.57500000000    7.27233   158.56547       0                56.044
       2470 20.58333333333    7.03231   158.62919       0                56.824
       2471 20.59166666667    6.79252   158.69234       0                57.630
       2472 20.60000000000    6.55296   158.75493       0                58.574
       2473 20.60833333333    6.31363   158.81695       0                59.460
       2474 20.61666666667    6.07455   158.87842       0                60.281
       2475 20.62500000000    5.83570   158.93934       0                61.136
       2476 20.63333333333    5.59709   158.99971       0                62.064
       2477 20.64166666667    5.35872   159.05953       0                62.936
       2478 20.65000000000    5.12058   159.11882       0                63.716
       2479 20.65833333333    4.88269   159.17756       0                64.451
