# Created on 2018-12-12 16:17:49 
# Sources: d:\gpsother\tec-suite\in\2015\abcd0770.15d.Z, d:\gpsother\tec-suite\in\2015\brdc0770.15n.Z
# Satellite: G13
# Interval: 30.0
# Sampling interval: 0.0 (not used).
# Site: abcd
# Position (L, B, H): 253.601641965, 52.1962622634, 578.574894483
# Position (X, Y, Z): -1106129.71, -3758704.03, 5016675.77
# datetime format: %Y-%m-%dT%H:%M:%S
# Columns: tsn, hour, el, az, validity, tec.l1l2
# (I11,1X,F14.11,1X,F10.5,1X,F11.5,1X,I7,1X,F21.3)
          0  0.00000000000   13.45576   319.30783    4096                21.485
          1  0.00833333333   13.64912   319.26626    4096                20.333
          2  0.01666666667   13.84238   319.22376    4096                20.447
          3  0.02500000000   14.03556   319.18033    4096                21.716
          4  0.03333333333   14.22864   319.13596    4096                23.668
          5  0.04166666667   14.42162   319.09065    4096                24.267
          6  0.05000000000   14.61450   319.04439    4096                23.473
          7  0.05833333333   14.80727   318.99718    4096                24.149
          8  0.06666666667   14.99993   318.94901    4096                26.358
          9  0.07500000000   15.19247   318.89987    4096                25.932
         10  0.08333333333   15.38490   318.84976    4096                23.899
         11  0.09166666667   15.57720   318.79867    4096                22.457
         12  0.10000000000   15.76938   318.74659    4096                22.872
         13  0.10833333333   15.96142   318.69353    4096                23.126
         14  0.11666666667   16.15333   318.63947    4096                22.333
         15  0.12500000000   16.34510   318.58440    4096                20.913
         16  0.13333333333   16.53673   318.52833    4096                21.108
         17  0.14166666667   16.72820   318.47124    4096                19.610
         18  0.15000000000   16.91953   318.41313    4096                20.267
         19  0.15833333333   17.11069   318.35400    4096                20.913
         20  0.16666666667   17.30170   318.29383    4096                22.281
         21  0.17500000000   17.49253   318.23262    4096                20.886
         22  0.18333333333   17.68320   318.17036    4096                19.702
         23  0.19166666667   17.87369   318.10705    4096                18.538
         24  0.20000000000   18.06399   318.04268    4096                19.971
         25  0.20833333333   18.25411   317.97724    4096                19.594
         26  0.21666666667   18.44405   317.91073    4096                19.927
         27  0.22500000000   18.63378   317.84314    4096                20.087
         28  0.23333333333   18.82331   317.77446    4096                20.351
         29  0.24166666667   19.01264   317.70470    4096                19.782
         30  0.25000000000   19.20176   317.63383    4096                19.120
         31  0.25833333333   19.39066   317.56185    4096                18.050
         32  0.26666666667   19.57934   317.48877    4096                16.793
         33  0.27500000000   19.76779   317.41456    4096                15.560
         34  0.28333333333   19.95601   317.33923    4096                14.992
         35  0.29166666667   20.14399   317.26276    4096                14.596
         36  0.30000000000   20.33173   317.18516    4096                14.395
         37  0.30833333333   20.51922   317.10640    4096                14.652
         38  0.31666666667   20.70646   317.02650    4096                14.267
         39  0.32500000000   20.89343   316.94543    4096                14.344
         40  0.33333333333   21.08014   316.86319    4096                14.159
         41  0.34166666667   21.26658   316.77978    4096                13.616
         42  0.35000000000   21.45274   316.69519    4096                13.337
         43  0.35833333333   21.63862   316.60941    4096                13.426
         44  0.36666666667   21.82420   316.52243    4096                13.483
         45  0.37500000000   22.00950   316.43425    4096                13.314
         46  0.38333333333   22.19448   316.34485    4096                12.905
         47  0.39166666667   22.37917   316.25425    4096                12.389
         48  0.40000000000   22.56353   316.16241    4096                12.273
         49  0.40833333333   22.74758   316.06935    4096                12.254
         50  0.41666666667   22.93130   315.97505    4096                11.550
         51  0.42500000000   23.11468   315.87950    4096                11.181
         52  0.43333333333   23.29773   315.78269    4096                10.911
         53  0.44166666667   23.48043   315.68463    4096                10.431
         54  0.45000000000   23.66277   315.58530    4096                10.123
         55  0.45833333333   23.84475   315.48469    4096                10.011
         56  0.46666666667   24.02637   315.38281    4096                10.040
         57  0.47500000000   24.20761   315.27963    4096                 9.925
         58  0.48333333333   24.38848   315.17516    4096                10.027
         59  0.49166666667   24.56895   315.06938    4096                10.010
         60  0.50000000000   24.74903   314.96229    4096                10.139
         61  0.50833333333   24.92870   314.85389    4096                10.257
         62  0.51666666667   25.10797   314.74416    4096                10.189
         63  0.52500000000   25.28682   314.63309    4096                10.161
         64  0.53333333333   25.46524   314.52069    4096                10.052
         65  0.54166666667   25.64323   314.40694    4096                 9.951
         66  0.55000000000   25.82079   314.29183    4096                 9.942
         67  0.55833333333   25.99789   314.17537    4096                 9.932
         68  0.56666666667   26.17454   314.05753    4096                 9.826
         69  0.57500000000   26.35073   313.93832    4096                 9.594
         70  0.58333333333   26.52645   313.81773    4096                 9.358
         71  0.59166666667   26.70169   313.69574    4096                 9.349
         72  0.60000000000   26.87644   313.57236    4096                 9.394
         73  0.60833333333   27.05069   313.44758    4096                 9.444
         74  0.61666666667   27.22445   313.32138    4096                 9.513
         75  0.62500000000   27.39769   313.19377    4096                 9.395
         76  0.63333333333   27.57041   313.06473    4096                 9.458
         77  0.64166666667   27.74261   312.93425    4096                 9.285
         78  0.65000000000   27.91427   312.80234    4096                 9.150
         79  0.65833333333   28.08538   312.66899    4096                 9.164
         80  0.66666666667   28.25594   312.53418    4096                 9.066
         81  0.67500000000   28.42594   312.39791    4096                 9.085
         82  0.68333333333   28.59537   312.26018    4096                 8.988
         83  0.69166666667   28.76422   312.12097    4096                 8.926
         84  0.70000000000   28.93248   311.98028    4096                 8.662
         85  0.70833333333   29.10014   311.83811    4096                 8.531
         86  0.71666666667   29.26720   311.69445    4096                 8.508
         87  0.72500000000   29.43364   311.54929    4096                 8.434
         88  0.73333333333   29.59945   311.40262    4096                 8.467
         89  0.74166666667   29.76463   311.25444    4096                 8.186
         90  0.75000000000   29.92917   311.10475    4096                 8.086
         91  0.75833333333   30.09305   310.95353    4096                 8.059
         92  0.76666666667   30.25627   310.80079    4096                 8.207
         93  0.77500000000   30.41882   310.64650    4096                 8.227
         94  0.78333333333   30.58068   310.49068    4096                 8.255
         95  0.79166666667   30.74186   310.33331    4096                 8.372
         96  0.80000000000   30.90233   310.17439    4096                 8.129
         97  0.80833333333   31.06209   310.01391    4096                 8.080
         98  0.81666666667   31.22113   309.85187    4096                 8.031
         99  0.82500000000   31.37944   309.68826    4096                 8.025
        100  0.83333333333   31.53701   309.52308    4096                 8.105
        101  0.84166666667   31.69383   309.35632    4096                 8.088
        102  0.85000000000   31.84988   309.18798    4096                 8.144
        103  0.85833333333   32.00517   309.01805    4096                 8.259
        104  0.86666666667   32.15967   308.84653    4096                 8.335
        105  0.87500000000   32.31338   308.67341    4096                 8.261
        106  0.88333333333   32.46628   308.49869    4096                 8.154
        107  0.89166666667   32.61837   308.32237    4096                 8.197
        108  0.90000000000   32.76964   308.14443    4096                 8.212
        109  0.90833333333   32.92008   307.96489    4096                 8.085
        110  0.91666666667   33.06966   307.78372    4096                 8.049
        111  0.92500000000   33.21839   307.60094    4096                 7.961
        112  0.93333333333   33.36626   307.41654    4096                 7.848
        113  0.94166666667   33.51324   307.23051    4096                 7.838
        114  0.95000000000   33.65934   307.04285    4096                 7.935
        115  0.95833333333   33.80454   306.85355    4096                 7.930
        116  0.96666666667   33.94883   306.66263    4096                 7.999
        117  0.97500000000   34.09219   306.47007    4096                 8.021
        118  0.98333333333   34.23462   306.27587    4096                 7.974
        119  0.99166666667   34.37611   306.08003    4096                 7.884
        120  1.00000000000   34.51664   305.88254    4096                 7.797
        121  1.00833333333   34.65621   305.68342    4096                 7.668
        122  1.01666666667   34.79480   305.48265    4096                 7.529
        123  1.02500000000   34.93239   305.28023    4096                 7.560
        124  1.03333333333   35.06899   305.07617    4096                 7.656
        125  1.04166666667   35.20458   304.87047    4096                 7.641
        126  1.05000000000   35.33914   304.66311    4096                 7.666
        127  1.05833333333   35.47267   304.45411    4096                 7.707
        128  1.06666666667   35.60515   304.24347    4096                 7.781
        129  1.07500000000   35.73657   304.03118    4096                 7.748
        130  1.08333333333   35.86693   303.81725    4096                 7.819
        131  1.09166666667   35.99620   303.60167    4096                 7.950
        132  1.10000000000   36.12438   303.38445    4096                 7.947
        133  1.10833333333   36.25146   303.16559    4096                 7.837
        134  1.11666666667   36.37742   302.94510    4096                 7.692
        135  1.12500000000   36.50225   302.72297    4096                 7.597
        136  1.13333333333   36.62594   302.49921    4096                 7.542
        137  1.14166666667   36.74849   302.27382    4096                 7.643
        138  1.15000000000   36.86987   302.04680    4096                 7.649
        139  1.15833333333   36.99008   301.81816    4096                 7.648
        140  1.16666666667   37.10910   301.58791    4096                 7.804
        141  1.17500000000   37.22692   301.35604    4096                 7.909
        142  1.18333333333   37.34354   301.12256    4096                 8.052
        143  1.19166666667   37.45894   300.88748    4096                 8.131
        144  1.20000000000   37.57310   300.65081    4096                 8.102
        145  1.20833333333   37.68602   300.41254    4096                 8.028
        146  1.21666666667   37.79769   300.17268    4096                 8.050
        147  1.22500000000   37.90809   299.93125    4096                 8.081
        148  1.23333333333   38.01721   299.68825    4096                 8.125
        149  1.24166666667   38.12505   299.44368    4096                 8.187
        150  1.25000000000   38.23158   299.19755    4096                 8.282
        151  1.25833333333   38.33680   298.94988    4096                 8.218
        152  1.26666666667   38.44070   298.70066    4096                 8.109
        153  1.27500000000   38.54326   298.44992    4096                 7.992
        154  1.28333333333   38.64448   298.19765    4096                 7.934
        155  1.29166666667   38.74434   297.94387    4096                 7.794
        156  1.30000000000   38.84284   297.68859    4096                 7.642
        157  1.30833333333   38.93995   297.43182    4096                 7.348
        158  1.31666666667   39.03568   297.17357    4096                 7.240
        159  1.32500000000   39.13000   296.91385    4096                 7.175
        160  1.33333333333   39.22291   296.65267    4096                 7.131
        161  1.34166666667   39.31441   296.39005    4096                 7.096
        162  1.35000000000   39.40446   296.12599    4096                 7.138
        163  1.35833333333   39.49308   295.86052    4096                 7.197
        164  1.36666666667   39.58024   295.59364    4096                 7.238
        165  1.37500000000   39.66594   295.32537    4096                 7.242
        166  1.38333333333   39.75016   295.05572    4096                 7.150
        167  1.39166666667   39.83290   294.78471    4096                 7.179
        168  1.40000000000   39.91415   294.51235    4096                 7.185
        169  1.40833333333   39.99389   294.23866    4096                 7.256
        170  1.41666666667   40.07212   293.96365    4096                 7.218
        171  1.42500000000   40.14882   293.68734    4096                 7.174
        172  1.43333333333   40.22399   293.40975    4096                 7.207
        173  1.44166666667   40.29762   293.13090    4096                 7.296
        174  1.45000000000   40.36970   292.85079    4096                 7.216
        175  1.45833333333   40.44021   292.56946    4096                 7.270
        176  1.46666666667   40.50916   292.28692    4096                 7.210
        177  1.47500000000   40.57652   292.00318    4096                 7.235
        178  1.48333333333   40.64230   291.71827    4096                 7.220
        179  1.49166666667   40.70649   291.43221    4096                 7.194
        180  1.50000000000   40.76907   291.14501    4096                 7.016
        181  1.50833333333   40.83004   290.85670    4096                 7.003
        182  1.51666666667   40.88938   290.56729    4096                 7.023
        183  1.52500000000   40.94710   290.27682    4096                 7.112
        184  1.53333333333   41.00319   289.98530    4096                 7.301
        185  1.54166666667   41.05763   289.69275    4096                 7.059
        186  1.55000000000   41.11042   289.39919    4096                 6.925
        187  1.55833333333   41.16155   289.10465    4096                 6.913
        188  1.56666666667   41.21102   288.80915    4096                 6.867
        189  1.57500000000   41.25882   288.51272    4096                 6.822
        190  1.58333333333   41.30494   288.21537    4096                 6.774
        191  1.59166666667   41.34938   287.91713    4096                 6.744
        192  1.60000000000   41.39213   287.61803    4096                 6.684
        193  1.60833333333   41.43318   287.31809    4096                 6.675
        194  1.61666666667   41.47253   287.01733    4096                 6.704
        195  1.62500000000   41.51017   286.71578    4096                 6.751
        196  1.63333333333   41.54610   286.41347    4096                 6.693
        197  1.64166666667   41.58031   286.11042    4096                 6.615
        198  1.65000000000   41.61281   285.80666    4096                 6.495
        199  1.65833333333   41.64357   285.50221    4096                 6.412
        200  1.66666666667   41.67261   285.19710    4096                 6.349
        201  1.67500000000   41.69991   284.89135    4096                 6.234
        202  1.68333333333   41.72547   284.58500    4096                 6.233
        203  1.69166666667   41.74929   284.27807    4096                 6.166
        204  1.70000000000   41.77137   283.97058    4096                 6.085
        205  1.70833333333   41.79170   283.66257    4096                 6.103
        206  1.71666666667   41.81027   283.35406    4096                 6.039
        207  1.72500000000   41.82709   283.04509    4096                 6.024
        208  1.73333333333   41.84216   282.73566    4096                 6.082
        209  1.74166666667   41.85547   282.42583    4096                 6.075
        210  1.75000000000   41.86701   282.11561    4096                 6.107
        211  1.75833333333   41.87680   281.80502    4096                 6.172
        212  1.76666666667   41.88482   281.49411    4096                 6.100
        213  1.77500000000   41.89108   281.18290    4096                 6.163
        214  1.78333333333   41.89557   280.87141    4096                 6.169
        215  1.79166666667   41.89830   280.55968    4096                 6.181
        216  1.80000000000   41.89926   280.24773    4096                 6.175
        217  1.80833333333   41.89846   279.93559    4096                 6.219
        218  1.81666666667   41.89589   279.62329    4096                 6.245
        219  1.82500000000   41.89155   279.31086    4096                 6.181
        220  1.83333333333   41.88545   278.99833    4096                 6.107
        221  1.84166666667   41.87759   278.68572    4096                 6.124
        222  1.85000000000   41.86796   278.37307    4096                 6.107
        223  1.85833333333   41.85657   278.06039    4096                 6.087
        224  1.86666666667   41.84342   277.74773    4096                 6.021
        225  1.87500000000   41.82852   277.43510    4096                 6.051
        226  1.88333333333   41.81186   277.12254    4096                 5.962
        227  1.89166666667   41.79345   276.81007    4096                 5.939
        228  1.90000000000   41.77328   276.49772    4096                 5.836
        229  1.90833333333   41.75138   276.18552    4096                 5.714
        230  1.91666666667   41.72772   275.87350    4096                 5.670
        231  1.92500000000   41.70233   275.56167    4096                 5.761
        232  1.93333333333   41.67520   275.25008    4096                 5.716
        233  1.94166666667   41.64634   274.93875    4096                 5.687
        234  1.95000000000   41.61574   274.62769    4096                 5.576
        235  1.95833333333   41.58343   274.31695    4096                 5.588
        236  1.96666666667   41.54939   274.00654    4096                 5.578
        237  1.97500000000   41.51364   273.69649    4096                 5.680
        238  1.98333333333   41.47618   273.38683    4096                 5.686
        239  1.99166666667   41.43702   273.07759    4096                 5.585
        240  2.00000000000   41.39616   272.76877    4096                 5.571
        241  2.00833333333   41.35361   272.46043    4096                 5.603
        242  2.01666666667   41.30936   272.15257    4096                 5.721
        243  2.02500000000   41.26344   271.84521    4096                 5.755
        244  2.03333333333   41.21585   271.53840    4096                 5.748
        245  2.04166666667   41.16658   271.23214    4096                 5.705
        246  2.05000000000   41.11566   270.92646    4096                 5.495
        247  2.05833333333   41.06308   270.62139    4096                 5.335
        248  2.06666666667   41.00886   270.31694    4096                 5.242
        249  2.07500000000   40.95300   270.01315    4096                 5.286
        250  2.08333333333   40.89550   269.71002    4096                 5.345
        251  2.09166666667   40.83638   269.40758    4096                 5.392
        252  2.10000000000   40.77565   269.10586    4096                 5.414
        253  2.10833333333   40.71331   268.80488    4096                 5.415
        254  2.11666666667   40.64937   268.50464    4096                 5.360
        255  2.12500000000   40.58384   268.20519    4096                 5.298
        256  2.13333333333   40.51673   267.90652    4096                 5.204
        257  2.14166666667   40.44804   267.60867    4096                 5.063
        258  2.15000000000   40.37779   267.31165    4096                 4.993
        259  2.15833333333   40.30599   267.01548    4096                 4.991
        260  2.16666666667   40.23264   266.72018    4096                 5.001
        261  2.17500000000   40.15775   266.42576    4096                 5.049
        262  2.18333333333   40.08134   266.13224    4096                 5.059
        263  2.19166666667   40.00341   265.83965    4096                 5.075
        264  2.20000000000   39.92397   265.54799    4096                 5.071
        265  2.20833333333   39.84303   265.25728    4096                 5.043
        266  2.21666666667   39.76061   264.96754    4096                 5.081
        267  2.22500000000   39.67671   264.67877    4096                 5.103
        268  2.23333333333   39.59135   264.39101    4096                 5.085
        269  2.24166666667   39.50453   264.10426    4096                 5.091
        270  2.25000000000   39.41626   263.81852    4096                 5.054
        271  2.25833333333   39.32656   263.53383    4096                 5.047
        272  2.26666666667   39.23543   263.25019    4096                 5.034
        273  2.27500000000   39.14289   262.96761    4096                 4.936
        274  2.28333333333   39.04895   262.68610    4096                 4.884
        275  2.29166666667   38.95362   262.40568    4096                 4.834
        276  2.30000000000   38.85691   262.12636    4096                 4.922
        277  2.30833333333   38.75882   261.84814    4096                 4.887
        278  2.31666666667   38.65938   261.57105    4096                 4.946
        279  2.32500000000   38.55860   261.29508    4096                 5.003
        280  2.33333333333   38.45647   261.02025    4096                 5.014
        281  2.34166666667   38.35303   260.74656    4096                 4.980
        282  2.35000000000   38.24827   260.47403    4096                 4.916
        283  2.35833333333   38.14221   260.20267    4096                 4.795
        284  2.36666666667   38.03486   259.93248    4096                 4.719
        285  2.37500000000   37.92624   259.66347    4096                 4.660
        286  2.38333333333   37.81635   259.39564    4096                 4.645
        287  2.39166666667   37.70520   259.12901    4096                 4.619
        288  2.40000000000   37.59282   258.86357    4096                 4.540
        289  2.40833333333   37.47920   258.59934    4096                 4.569
        290  2.41666666667   37.36436   258.33633    4096                 4.645
        291  2.42500000000   37.24832   258.07453    4096                 4.595
        292  2.43333333333   37.13108   257.81395    4096                 4.557
        293  2.44166666667   37.01266   257.55459    4096                 4.515
        294  2.45000000000   36.89307   257.29647    4096                 4.479
        295  2.45833333333   36.77232   257.03958    4096                 4.416
        296  2.46666666667   36.65042   256.78393    4096                 4.249
        297  2.47500000000   36.52739   256.52951    4096                 4.301
        298  2.48333333333   36.40323   256.27634    4096                 4.284
        299  2.49166666667   36.27796   256.02442    4096                 4.348
        300  2.50000000000   36.15160   255.77374    4096                 4.378
        301  2.50833333333   36.02414   255.52432    4096                 4.445
        302  2.51666666667   35.89561   255.27614    4096                 4.539
        303  2.52500000000   35.76602   255.02922    4096                 4.693
        304  2.53333333333   35.63537   254.78355    4096                 4.711
        305  2.54166666667   35.50368   254.53913    4096                 4.628
        306  2.55000000000   35.37097   254.29597    4096                 4.476
        307  2.55833333333   35.23724   254.05406    4096                 4.469
        308  2.56666666667   35.10250   253.81341    4096                 4.576
        309  2.57500000000   34.96677   253.57401    4096                 4.671
        310  2.58333333333   34.83006   253.33586    4096                 4.805
        311  2.59166666667   34.69239   253.09896    4096                 5.011
        312  2.60000000000   34.55375   252.86332    4096                 4.925
        313  2.60833333333   34.41417   252.62892    4096                 4.777
        314  2.61666666667   34.27365   252.39577    4096                 4.639
        315  2.62500000000   34.13221   252.16386    4096                 4.740
        316  2.63333333333   33.98986   251.93320    4096                 4.561
        317  2.64166666667   33.84661   251.70378    4096                 4.594
        318  2.65000000000   33.70248   251.47559    4096                 4.578
        319  2.65833333333   33.55746   251.24864    4096                 4.559
        320  2.66666666667   33.41158   251.02293    4096                 4.537
        321  2.67500000000   33.26485   250.79844    4096                 4.594
        322  2.68333333333   33.11727   250.57517    4096                 4.706
        323  2.69166666667   32.96886   250.35313    4096                 4.803
        324  2.70000000000   32.81963   250.13230    4096                 5.162
        325  2.70833333333   32.66960   249.91269    4096                 5.005
        326  2.71666666667   32.51876   249.69428    4096                 4.929
        327  2.72500000000   32.36714   249.47708    4096                 5.042
        328  2.73333333333   32.21474   249.26108    4096                 5.315
        329  2.74166666667   32.06157   249.04627    4096                 5.168
        330  2.75000000000   31.90765   248.83266    4096                 5.384
        331  2.75833333333   31.75299   248.62023    4096                 5.504
        332  2.76666666667   31.59759   248.40898    4096                 5.643
        333  2.77500000000   31.44147   248.19890    4096                 5.656
        334  2.78333333333   31.28464   247.99000    4096                 5.598
        335  2.79166666667   31.12711   247.78225    4096                 5.632
        336  2.80000000000   30.96889   247.57567    4096                 5.665
        337  2.80833333333   30.80999   247.37023    4096                 5.646
        338  2.81666666667   30.65041   247.16595    4096                 5.376
        339  2.82500000000   30.49018   246.96280    4096                 5.263
        340  2.83333333333   30.32930   246.76078    4096                 5.184
        341  2.84166666667   30.16777   246.55990    4096                 5.271
        342  2.85000000000   30.00562   246.36013    4096                 5.361
        343  2.85833333333   29.84285   246.16148    4096                 5.170
        344  2.86666666667   29.67947   245.96393    4096                 5.377
        345  2.87500000000   29.51549   245.76749    4096                 5.405
        346  2.88333333333   29.35092   245.57214    4096                 5.410
        347  2.89166666667   29.18576   245.37788    4096                 5.153
        348  2.90000000000   29.02004   245.18469    4096                 4.860
        349  2.90833333333   28.85376   244.99258    4096                 4.777
        350  2.91666666667   28.68692   244.80154    4096                 4.798
        351  2.92500000000   28.51955   244.61156    4096                 4.758
        352  2.93333333333   28.35164   244.42263    4096                 4.811
        353  2.94166666667   28.18320   244.23474    4096                 4.802
        354  2.95000000000   28.01426   244.04789    4096                 4.851
        355  2.95833333333   27.84480   243.86207    4096                 4.846
        356  2.96666666667   27.67485   243.67727    4096                 4.947
        357  2.97500000000   27.50442   243.49349    4096                 5.075
        358  2.98333333333   27.33350   243.31071    4096                 5.033
        359  2.99166666667   27.16212   243.12894    4096                 4.946
        360  3.00000000000   26.99028   242.94815    4096                 4.929
        361  3.00833333333   26.81798   242.76835    4096                 4.937
        362  3.01666666667   26.64524   242.58953    4096                 4.992
        363  3.02500000000   26.47207   242.41167    4096                 4.921
        364  3.03333333333   26.29847   242.23478    4096                 4.832
        365  3.04166666667   26.12445   242.05884    4096                 4.753
        366  3.05000000000   25.95002   241.88384    4096                 4.638
        367  3.05833333333   25.77519   241.70979    4096                 4.792
        368  3.06666666667   25.59997   241.53666    4096                 4.712
        369  3.07500000000   25.42436   241.36445    4096                 4.773
        370  3.08333333333   25.24838   241.19316    4096                 4.694
        371  3.09166666667   25.07203   241.02277    4096                 4.597
        372  3.10000000000   24.89532   240.85328    4096                 4.606
        373  3.10833333333   24.71825   240.68469    4096                 4.540
        374  3.11666666667   24.54084   240.51697    4096                 4.594
        375  3.12500000000   24.36309   240.35013    4096                 4.508
        376  3.13333333333   24.18502   240.18415    4096                 4.426
        377  3.14166666667   24.00662   240.01903    4096                 4.447
        378  3.15000000000   23.82790   239.85476    4096                 4.363
        379  3.15833333333   23.64888   239.69134    4096                 4.316
        380  3.16666666667   23.46956   239.52875    4096                 4.353
        381  3.17500000000   23.28995   239.36698    4096                 4.360
        382  3.18333333333   23.11005   239.20603    4096                 4.438
        383  3.19166666667   22.92987   239.04590    4096                 4.330
        384  3.20000000000   22.74942   238.88656    4096                 4.298
        385  3.20833333333   22.56871   238.72802    4096                 4.302
        386  3.21666666667   22.38775   238.57027    4096                 4.295
        387  3.22500000000   22.20653   238.41329    4096                 4.304
        388  3.23333333333   22.02507   238.25709    4096                 4.235
        389  3.24166666667   21.84337   238.10164    4096                 4.299
        390  3.25000000000   21.66144   237.94696    4096                 4.234
        391  3.25833333333   21.47929   237.79301    4096                 4.285
        392  3.26666666667   21.29693   237.63981    4096                 4.299
        393  3.27500000000   21.11435   237.48734    4096                 4.363
        394  3.28333333333   20.93157   237.33559    4096                 4.394
        395  3.29166666667   20.74860   237.18456    4096                 4.422
        396  3.30000000000   20.56543   237.03424    4096                 4.490
        397  3.30833333333   20.38208   236.88461    4096                 4.504
        398  3.31666666667   20.19856   236.73568    4096                 4.527
        399  3.32500000000   20.01486   236.58743    4096                 4.605
        400  3.33333333333   19.83099   236.43986    4096                 4.622
        401  3.34166666667   19.64697   236.29296    4096                 4.614
        402  3.35000000000   19.46279   236.14671    4096                 4.620
        403  3.35833333333   19.27847   236.00113    4096                 4.582
        404  3.36666666667   19.09400   235.85618    4096                 4.568
        405  3.37500000000   18.90940   235.71188    4096                 4.584
        406  3.38333333333   18.72467   235.56821    4096                 4.534
        407  3.39166666667   18.53981   235.42516    4096                 4.555
        408  3.40000000000   18.35484   235.28273    4096                 4.607
        409  3.40833333333   18.16975   235.14090    4096                 4.622
        410  3.41666666667   17.98456   234.99968    4096                 4.654
        411  3.42500000000   17.79927   234.85905    4096                 4.702
        412  3.43333333333   17.61387   234.71901    4096                 4.796
        413  3.44166666667   17.42839   234.57954    4096                 4.882
        414  3.45000000000   17.24283   234.44065    4096                 4.998
        415  3.45833333333   17.05718   234.30232    4096                 5.175
        416  3.46666666667   16.87146   234.16455    4096                 5.340
        417  3.47500000000   16.68567   234.02732    4096                 5.493
        418  3.48333333333   16.49981   233.89064    4096                 5.571
        419  3.49166666667   16.31390   233.75450    4096                 5.672
        420  3.50000000000   16.12793   233.61888    4096                 5.846
        421  3.50833333333   15.94191   233.48379    4096                 6.009
        422  3.51666666667   15.75585   233.34920    4096                 6.054
        423  3.52500000000   15.56974   233.21513    4096                 6.109
        424  3.53333333333   15.38361   233.08155    4096                 6.175
        425  3.54166666667   15.19744   232.94847    4096                 6.252
        426  3.55000000000   15.01126   232.81588    4096                 6.339
        427  3.55833333333   14.82505   232.68376    4096                 6.407
        428  3.56666666667   14.63882   232.55211    4096                 6.469
        429  3.57500000000   14.45259   232.42093    4096                 6.489
        430  3.58333333333   14.26635   232.29021    4096                 6.518
        431  3.59166666667   14.08010   232.15994    4096                 6.620
        432  3.60000000000   13.89387   232.03012    4096                 6.682
        433  3.60833333333   13.70764   231.90073    4096                 6.800
        434  3.61666666667   13.52142   231.77178    4096                 6.883
        435  3.62500000000   13.33522   231.64325    4096                 7.062
        436  3.63333333333   13.14904   231.51513    4096                 7.216
        437  3.64166666667   12.96288   231.38743    4096                 7.303
        438  3.65000000000   12.77676   231.26014    4096                 7.343
        439  3.65833333333   12.59067   231.13324    4096                 7.440
        440  3.66666666667   12.40461   231.00673    4096                 7.510
        441  3.67500000000   12.21860   230.88062    4096                 7.748
        442  3.68333333333   12.03264   230.75488    4096                 7.833
        443  3.69166666667   11.84673   230.62951    4096                 8.001
        444  3.70000000000   11.66087   230.50451    4096                 8.204
        445  3.70833333333   11.47507   230.37987    4096                 8.355
        446  3.71666666667   11.28933   230.25558    4096                 8.498
        447  3.72500000000   11.10366   230.13164    4096                 8.724
        448  3.73333333333   10.91806   230.00804    4096                 8.860
        449  3.74166666667   10.73254   229.88478    4096                 8.980
        450  3.75000000000   10.54710   229.76185    4096                 9.209
        451  3.75833333333   10.36173   229.63923    4096                 9.403
        452  3.76666666667   10.17646   229.51694    4096                 9.774
        453  3.77500000000    9.99127   229.39496    4096                10.034
        454  3.78333333333    9.80618   229.27328    4096                10.251
        455  3.79166666667    9.62118   229.15190    4096                10.642
        456  3.80000000000    9.43629   229.03081    4096                10.986
        457  3.80833333333    9.25150   228.91001    4096                11.354
        458  3.81666666667    9.06682   228.78949    4096                11.732
        459  3.82500000000    8.88225   228.66924    4096                12.120
        460  3.83333333333    8.69780   228.54927    4096                12.544
        461  3.84166666667    8.51346   228.42956    4096                12.953
        462  3.85000000000    8.32925   228.31010    4096                13.318
        463  3.85833333333    8.14517   228.19090    4096                13.702
        464  3.86666666667    7.96121   228.07194    4096                13.868
        465  3.87500000000    7.77739   227.95322    4096                14.086
        466  3.88333333333    7.59370   227.83474    4096                14.411
        467  3.89166666667    7.41016   227.71649    4096                14.747
        468  3.90000000000    7.22675   227.59846    4096                15.093
        469  3.90833333333    7.04350   227.48065    4096                15.431
        470  3.91666666667    6.86039   227.36305    4096                15.808
        471  3.92500000000    6.67744   227.24566    4096                16.452
        472  3.93333333333    6.49464   227.12847    4096                17.042
        473  3.94166666667    6.31200   227.01147    4096                17.667
        474  3.95000000000    6.12953   226.89467    4096                18.425
        475  3.95833333333    5.94722   226.77805    4096                18.944
        476  3.96666666667    5.76508   226.66161    4096                19.409
        477  3.97500000000    5.58311   226.54535    4096                20.081
        478  3.98333333333    5.40132   226.42925    4096                20.558
        479  3.99166666667    5.21970   226.31332    4096                21.178
        480  4.00000000000    5.03832   226.19758    4096                21.587
       1123  9.35833333333    4.96625   132.75515    4096                -0.855
       1124  9.36666666667    5.14572   132.64038    4096                -0.987
       1125  9.37500000000    5.32536   132.52544    4096                -0.903
       1126  9.38333333333    5.50517   132.41035    4096                -1.003
       1127  9.39166666667    5.68515   132.29508    4096                -1.269
       1128  9.40000000000    5.86530   132.17964    4096                -1.635
       1129  9.40833333333    6.04561   132.06402    4096                -1.796
       1130  9.41666666667    6.22607   131.94822    4096                -1.889
       1131  9.42500000000    6.40670   131.83222    4096                -1.902
       1132  9.43333333333    6.58747   131.71603    4096                -1.668
       1133  9.44166666667    6.76840   131.59964    4096                -1.492
       1134  9.45000000000    6.94947   131.48305    4096                -1.354
       1135  9.45833333333    7.13069   131.36624    4096                -1.163
       1136  9.46666666667    7.31204   131.24921    4096                -1.096
       1137  9.47500000000    7.49354   131.13196    4096                -1.182
       1138  9.48333333333    7.67516   131.01448    4096                -1.247
       1139  9.49166666667    7.85692   130.89677    4096                -1.254
       1140  9.50000000000    8.03880   130.77882    4096                -1.140
       1141  9.50833333333    8.22081   130.66063    4096                -1.029
       1142  9.51666666667    8.40294   130.54219    4096                -0.742
       1143  9.52500000000    8.58518   130.42349    4096                -0.577
       1144  9.53333333333    8.76754   130.30452    4096                -0.980
       1145  9.54166666667    8.95001   130.18529    4096                -0.952
       1146  9.55000000000    9.13258   130.06579    4096                -1.112
       1147  9.55833333333    9.31526   129.94601    4096                -0.888
       1148  9.56666666667    9.49803   129.82594    4096                -0.977
       1149  9.57500000000    9.68091   129.70559    4096                -0.937
       1150  9.58333333333    9.86387   129.58494    4096                -1.075
       1151  9.59166666667   10.04692   129.46398    4096                -1.040
       1152  9.60000000000   10.23006   129.34272    4096                -0.967
       1153  9.60833333333   10.41328   129.22114    4096                -1.167
       1154  9.61666666667   10.59657   129.09925    4096                -1.215
       1155  9.62500000000   10.77994   128.97703    4096                -1.563
       1156  9.63333333333   10.96338   128.85447    4096                -1.581
       1157  9.64166666667   11.14689   128.73158    4096                -1.483
       1158  9.65000000000   11.33045   128.60835    4096                -1.342
       1159  9.65833333333   11.51408   128.48476    4096                -1.434
       1160  9.66666666667   11.69776   128.36082    4096                -1.315
       1161  9.67500000000   11.88149   128.23651    4096                -1.251
       1162  9.68333333333   12.06526   128.11184    4096                -1.110
       1163  9.69166666667   12.24908   127.98679    4096                -1.075
       1164  9.70000000000   12.43294   127.86136    4096                -0.907
       1165  9.70833333333   12.61683   127.73554    4096                -0.818
       1166  9.71666666667   12.80075   127.60933    4096                -0.667
       1167  9.72500000000   12.98470   127.48272    4096                -0.726
       1168  9.73333333333   13.16867   127.35570    4096                -0.566
       1169  9.74166666667   13.35265   127.22827    4096                -0.622
       1170  9.75000000000   13.53665   127.10042    4096                -0.549
       1171  9.75833333333   13.72066   126.97215    4096                -0.698
       1172  9.76666666667   13.90467   126.84344    4096                -0.824
       1173  9.77500000000   14.08868   126.71429    4096                -1.059
       1174  9.78333333333   14.27269   126.58470    4096                -1.081
       1175  9.79166666667   14.45669   126.45465    4096                -1.572
       1176  9.80000000000   14.64067   126.32415    4096                -1.375
       1177  9.80833333333   14.82464   126.19318    4096                -1.276
       1178  9.81666666667   15.00859   126.06173    4096                -1.218
       1179  9.82500000000   15.19250   125.92981    4096                -1.258
       1180  9.83333333333   15.37639   125.79740    4096                -1.292
       1181  9.84166666667   15.56024   125.66450    4096                -1.288
       1182  9.85000000000   15.74404   125.53110    4096                -1.542
       1183  9.85833333333   15.92780   125.39720    4096                -1.470
       1184  9.86666666667   16.11151   125.26278    4096                -1.618
       1185  9.87500000000   16.29516   125.12784    4096                -1.667
       1186  9.88333333333   16.47875   124.99237    4096                -1.782
       1187  9.89166666667   16.66228   124.85637    4096                -1.922
       1188  9.90000000000   16.84573   124.71983    4096                -1.968
       1189  9.90833333333   17.02911   124.58274    4096                -1.982
       1190  9.91666666667   17.21241   124.44510    4096                -1.722
       1191  9.92500000000   17.39561   124.30689    4096                -1.915
       1192  9.93333333333   17.57873   124.16811    4096                -2.020
       1193  9.94166666667   17.76175   124.02876    4096                -2.167
       1194  9.95000000000   17.94467   123.88882    4096                -2.242
       1195  9.95833333333   18.12747   123.74829    4096                -2.076
       1196  9.96666666667   18.31017   123.60716    4096                -2.218
       1197  9.97500000000   18.49275   123.46543    4096                -2.250
       1198  9.98333333333   18.67520   123.32309    4096                -2.302
       1199  9.99166666667   18.85752   123.18012    4096                -2.273
       1200 10.00000000000   19.03928   123.03695    4096                -2.413
       1201 10.00833333333   19.22174   122.89230    4096                -2.516
       1202 10.01666666667   19.40364   122.74743    4096                -2.639
       1203 10.02500000000   19.58538   122.60191    4096                -2.787
       1204 10.03333333333   19.76697   122.45574    4096                -2.918
       1205 10.04166666667   19.94838   122.30889    4096                -2.955
       1206 10.05000000000   20.12963   122.16138    4096                -3.000
       1207 10.05833333333   20.31070   122.01319    4096                -3.046
       1208 10.06666666667   20.49159   121.86431    4096                -3.154
       1209 10.07500000000   20.67228   121.71474    4096                -3.189
       1210 10.08333333333   20.85278   121.56446    4096                -3.261
       1211 10.09166666667   21.03308   121.41347    4096                -3.262
       1212 10.10000000000   21.21317   121.26177    4096                -3.238
       1213 10.10833333333   21.39305   121.10934    4096                -3.229
       1214 10.11666666667   21.57270   120.95618    4096                -3.297
       1215 10.12500000000   21.75213   120.80228    4096                -3.305
       1216 10.13333333333   21.93132   120.64764    4096                -3.371
       1217 10.14166666667   22.11028   120.49223    4096                -3.400
       1218 10.15000000000   22.28898   120.33607    4096                -3.372
       1219 10.15833333333   22.46743   120.17913    4096                -3.425
       1220 10.16666666667   22.64562   120.02141    4096                -3.521
       1221 10.17500000000   22.82354   119.86291    4096                -3.620
       1222 10.18333333333   23.00118   119.70362    4096                -3.641
       1223 10.19166666667   23.17855   119.54352    4096                -3.622
       1224 10.20000000000   23.35562   119.38261    4096                -3.630
       1225 10.20833333333   23.53240   119.22089    4096                -3.709
       1226 10.21666666667   23.70887   119.05834    4096                -3.776
       1227 10.22500000000   23.88503   118.89496    4096                -3.810
       1228 10.23333333333   24.06088   118.73074    4096                -3.850
       1229 10.24166666667   24.23640   118.56567    4096                -3.897
       1230 10.25000000000   24.41158   118.39975    4096                -3.960
       1231 10.25833333333   24.58643   118.23296    4096                -3.974
       1232 10.26666666667   24.76092   118.06530    4096                -4.028
       1233 10.27500000000   24.93507   117.89677    4096                -4.107
       1234 10.28333333333   25.10884   117.72735    4096                -4.144
       1235 10.29166666667   25.28225   117.55703    4096                -4.158
       1236 10.30000000000   25.45527   117.38581    4096                -4.269
       1237 10.30833333333   25.62791   117.21369    4096                -4.275
       1238 10.31666666667   25.80016   117.04064    4096                -4.100
       1239 10.32500000000   25.97200   116.86667    4096                -4.235
       1240 10.33333333333   26.14343   116.69177    4096                -4.283
       1241 10.34166666667   26.31444   116.51594    4096                -4.268
       1242 10.35000000000   26.48502   116.33915    4096                -4.265
       1243 10.35833333333   26.65516   116.16141    4096                -4.181
       1244 10.36666666667   26.82486   115.98271    4096                -4.175
       1245 10.37500000000   26.99411   115.80304    4096                -4.118
       1246 10.38333333333   27.16289   115.62239    4096                -4.125
       1247 10.39166666667   27.33121   115.44076    4096                -4.202
       1248 10.40000000000   27.49904   115.25814    4096                -4.211
       1249 10.40833333333   27.66639   115.07452    4096                -4.244
       1250 10.41666666667   27.83324   114.88989    4096                -4.262
       1251 10.42500000000   27.99958   114.70425    4096                -4.308
       1252 10.43333333333   28.16541   114.51759    4096                -4.323
       1253 10.44166666667   28.33072   114.32991    4096                -4.309
       1254 10.45000000000   28.49549   114.14119    4096                -4.255
       1255 10.45833333333   28.65972   113.95143    4096                -4.319
       1256 10.46666666667   28.82340   113.76063    4096                -4.048
       1257 10.47500000000   28.98652   113.56877    4096                -3.853
       1258 10.48333333333   29.14907   113.37585    4096                -4.025
       1259 10.49166666667   29.31104   113.18186    4096                -4.267
       1260 10.50000000000   29.47242   112.98680    4096                -4.387
       1261 10.50833333333   29.63320   112.79065    4096                -4.498
       1262 10.51666666667   29.79338   112.59342    4096                -4.517
       1263 10.52500000000   29.95293   112.39510    4096                -4.553
       1264 10.53333333333   30.11186   112.19568    4096                -4.319
       1265 10.54166666667   30.27015   111.99515    4096                -4.335
       1266 10.55000000000   30.42779   111.79352    4096                -4.441
       1267 10.55833333333   30.58478   111.59076    4096                -4.553
       1268 10.56666666667   30.74110   111.38689    4096                -4.532
       1269 10.57500000000   30.89674   111.18188    4096                -4.449
       1270 10.58333333333   31.05169   110.97574    4096                -4.396
       1271 10.59166666667   31.20594   110.76846    4096                -4.307
       1272 10.60000000000   31.35949   110.56004    4096                -4.367
       1273 10.60833333333   31.51231   110.35047    4096                -4.468
       1274 10.61666666667   31.66441   110.13974    4096                -4.556
       1275 10.62500000000   31.81577   109.92786    4096                -4.749
       1276 10.63333333333   31.96638   109.71480    4096                -4.856
       1277 10.64166666667   32.11622   109.50059    4096                -4.476
       1278 10.65000000000   32.26530   109.28519    4096                -4.317
       1279 10.65833333333   32.41359   109.06862    4096                -4.566
       1280 10.66666666667   32.56109   108.85087    4096                -4.213
       1281 10.67500000000   32.70778   108.63194    4096                -4.372
       1282 10.68333333333   32.85366   108.41181    4096                -4.567
       1283 10.69166666667   32.99872   108.19049    4096                -4.629
       1284 10.70000000000   33.14294   107.96798    4096                -4.582
       1285 10.70833333333   33.28631   107.74427    4096                -4.698
       1286 10.71666666667   33.42882   107.51935    4096                -4.576
       1287 10.72500000000   33.57046   107.29323    4096                -4.591
       1288 10.73333333333   33.71123   107.06591    4096                -4.584
       1289 10.74166666667   33.85109   106.83737    4096                -4.556
       1290 10.75000000000   33.99006   106.60762    4096                -4.552
       1291 10.75833333333   34.12811   106.37666    4096                -4.431
       1292 10.76666666667   34.26524   106.14448    4096                -4.501
       1293 10.77500000000   34.40143   105.91108    4096                -4.568
       1294 10.78333333333   34.53666   105.67647    4096                -4.670
       1295 10.79166666667   34.67094   105.44064    4096                -4.687
       1296 10.80000000000   34.80425   105.20358    4096                -4.741
       1297 10.80833333333   34.93658   104.96531    4096                -4.766
       1298 10.81666666667   35.06791   104.72582    4096                -4.796
       1299 10.82500000000   35.19823   104.48510    4096                -4.749
       1300 10.83333333333   35.32754   104.24316    4096                -4.714
       1301 10.84166666667   35.45581   104.00001    4096                -4.751
       1302 10.85000000000   35.58305   103.75563    4096                -4.689
       1303 10.85833333333   35.70923   103.51004    4096                -4.704
       1304 10.86666666667   35.83435   103.26323    4096                -4.763
       1305 10.87500000000   35.95840   103.01521    4096                -4.791
       1306 10.88333333333   36.08135   102.76597    4096                -4.897
       1307 10.89166666667   36.20321   102.51552    4096                -4.970
       1308 10.90000000000   36.32396   102.26387    4096                -4.997
       1309 10.90833333333   36.44359   102.01101    4096                -5.022
       1310 10.91666666667   36.56208   101.75695    4096                -5.064
       1311 10.92500000000   36.67943   101.50169    4096                -4.993
       1312 10.93333333333   36.79562   101.24524    4096                -5.037
       1313 10.94166666667   36.91064   100.98759    4096                -5.075
       1314 10.95000000000   37.02448   100.72877    4096                -5.030
       1315 10.95833333333   37.13713   100.46876    4096                -5.007
       1316 10.96666666667   37.24858   100.20757    4096                -4.997
       1317 10.97500000000   37.35881    99.94522    4096                -5.000
       1318 10.98333333333   37.46781    99.68171    4096                -4.977
       1319 10.99166666667   37.57558    99.41704    4096                -4.806
       1320 11.00000000000   37.68210    99.15121    4096                -4.794
       1321 11.00833333333   37.78736    98.88425    4096                -4.794
       1322 11.01666666667   37.89135    98.61615    4096                -4.809
       1323 11.02500000000   37.99405    98.34692    4096                -4.818
       1324 11.03333333333   38.09546    98.07657    4096                -4.764
       1325 11.04166666667   38.19556    97.80512    4096                -4.824
       1326 11.05000000000   38.29435    97.53256    4096                -4.639
       1327 11.05833333333   38.39181    97.25890    4096                -4.715
       1328 11.06666666667   38.48793    96.98417    4096                -4.830
       1329 11.07500000000   38.58271    96.70836    4096                -4.813
       1330 11.08333333333   38.67612    96.43150    4096                -4.653
       1331 11.09166666667   38.76816    96.15358    4096                -4.868
       1332 11.10000000000   38.85882    95.87462    4096                -5.204
       1333 11.10833333333   38.94808    95.59463    4096                -5.267
       1334 11.11666666667   39.03595    95.31363    4096                -5.002
       1335 11.12500000000   39.12240    95.03163    4096                -5.075
       1336 11.13333333333   39.20742    94.74864    4096                -5.256
       1337 11.14166666667   39.29101    94.46467    4096                -5.002
       1338 11.15000000000   39.37316    94.17974    4096                -4.739
       1339 11.15833333333   39.45386    93.89386    4096                -4.328
       1340 11.16666666667   39.53308    93.60704    4096                -4.171
       1341 11.17500000000   39.61084    93.31931    4096                -5.055
       1342 11.18333333333   39.68711    93.03067    4096                -4.830
       1343 11.19166666667   39.76189    92.74115    4096                -4.779
       1344 11.20000000000   39.83517    92.45076    4096                -4.810
       1345 11.20833333333   39.90693    92.15951    4096                -4.589
       1346 11.21666666667   39.97717    91.86742    4096                -4.352
       1347 11.22500000000   40.04588    91.57452    4096                -4.215
       1348 11.23333333333   40.11306    91.28081    4096                -4.208
       1349 11.24166666667   40.17868    90.98631    4096                -4.301
       1350 11.25000000000   40.24275    90.69106    4096                -4.282
       1351 11.25833333333   40.30526    90.39505    4096                -4.161
       1352 11.26666666667   40.36619    90.09832    4096                -4.110
       1353 11.27500000000   40.42554    89.80088    4096                -4.104
       1354 11.28333333333   40.48330    89.50275    4096                -4.242
       1355 11.29166666667   40.53946    89.20396    4096                -4.392
       1356 11.30000000000   40.59402    88.90452    4096                -4.218
       1357 11.30833333333   40.64697    88.60445    4096                -4.236
       1358 11.31666666667   40.69830    88.30378    4096                -4.358
       1359 11.32500000000   40.74800    88.00253    4096                -4.353
       1360 11.33333333333   40.79607    87.70071    4096                -4.464
       1361 11.34166666667   40.84250    87.39836    4096                -4.387
       1362 11.35000000000   40.88729    87.09550    4096                -4.297
       1363 11.35833333333   40.93042    86.79214    4096                -4.019
       1364 11.36666666667   40.97189    86.48832    4096                -3.998
       1365 11.37500000000   41.01170    86.18405    4096                -3.673
       1366 11.38333333333   41.04984    85.87936    4096                -3.422
       1367 11.39166666667   41.08631    85.57427    4096                -3.279
       1368 11.40000000000   41.12109    85.26881    4096                -3.191
       1369 11.40833333333   41.15419    84.96300    4096                -3.684
       1370 11.41666666667   41.18560    84.65687    4096                -3.058
       1371 11.42500000000   41.21531    84.35044    4096                -3.725
       1372 11.43333333333   41.24332    84.04374    4096                -3.795
       1373 11.44166666667   41.26963    83.73680    4096                -3.918
       1374 11.45000000000   41.29423    83.42963    4096                -4.189
       1375 11.45833333333   41.31713    83.12227    4096                -4.401
       1376 11.46666666667   41.33830    82.81474    4096                -4.102
       1377 11.47500000000   41.35776    82.50707    4096                -3.941
       1378 11.48333333333   41.37550    82.19928    4096                -4.214
       1379 11.49166666667   41.39152    81.89140    4096                -4.197
       1380 11.50000000000   41.40581    81.58346    4096                -3.933
       1381 11.50833333333   41.41837    81.27549    4096                -3.955
       1382 11.51666666667   41.42920    80.96750    4096                -4.171
       1383 11.52500000000   41.43830    80.65954    4096                -4.256
       1384 11.53333333333   41.44567    80.35162    4096                -4.215
       1385 11.54166666667   41.45131    80.04377    4096                -4.161
       1386 11.55000000000   41.45520    79.73603    4096                -3.840
       1387 11.55833333333   41.45736    79.42841    4096                -4.193
       1388 11.56666666667   41.45779    79.12094    4096                -4.213
       1389 11.57500000000   41.45648    78.81366    4096                -4.252
       1390 11.58333333333   41.45343    78.50659    4096                -4.172
       1391 11.59166666667   41.44864    78.19975    4096                -4.133
       1392 11.60000000000   41.44212    77.89318    4096                -4.132
       1393 11.60833333333   41.43386    77.58690    4096                -4.061
       1394 11.61666666667   41.42387    77.28094    4096                -3.976
       1395 11.62500000000   41.41215    76.97532    4096                -3.970
       1396 11.63333333333   41.39869    76.67008    4096                -3.983
       1397 11.64166666667   41.38350    76.36524    4096                -3.936
       1398 11.65000000000   41.36658    76.06082    4096                -3.780
       1399 11.65833333333   41.34794    75.75686    4096                -3.803
       1400 11.66666666667   41.32757    75.45337    4096                -3.638
       1401 11.67500000000   41.30548    75.15040    4096                -3.813
       1402 11.68333333333   41.28168    74.84796    4096                -3.892
       1403 11.69166666667   41.25616    74.54608    4096                -4.076
       1404 11.70000000000   41.22892    74.24478    4096                -4.212
       1405 11.70833333333   41.19998    73.94409    4096                -4.270
       1406 11.71666666667   41.16933    73.64405    4096                -4.230
       1407 11.72500000000   41.13699    73.34466    4096                -4.244
       1408 11.73333333333   41.10294    73.04596    4096                -4.237
       1409 11.74166666667   41.06721    72.74798    4096                -4.217
       1410 11.75000000000   41.02979    72.45073    4096                -4.189
       1411 11.75833333333   40.99068    72.15425    4096                -4.229
       1412 11.76666666667   40.94990    71.85855    4096                -4.159
       1413 11.77500000000   40.90745    71.56367    4096                -4.070
       1414 11.78333333333   40.86333    71.26962    4096                -4.011
       1415 11.79166666667   40.81755    70.97642    4096                -4.009
       1416 11.80000000000   40.77012    70.68411    4096                -4.064
       1417 11.80833333333   40.72104    70.39271    4096                -3.981
       1418 11.81666666667   40.67031    70.10222    4096                -4.020
       1419 11.82500000000   40.61795    69.81269    4096                -4.041
       1420 11.83333333333   40.56397    69.52413    4096                -4.067
       1421 11.84166666667   40.50836    69.23657    4096                -4.165
       1422 11.85000000000   40.45113    68.95001    4096                -4.378
       1423 11.85833333333   40.39230    68.66450    4096                -4.443
       1424 11.86666666667   40.33187    68.38003    4096                -4.481
       1425 11.87500000000   40.26985    68.09665    4096                -4.445
       1426 11.88333333333   40.20624    67.81436    4096                -4.457
       1427 11.89166666667   40.14105    67.53318    4096                -4.413
       1428 11.90000000000   40.07430    67.25314    4096                -4.422
       1429 11.90833333333   40.00599    66.97425    4096                -4.312
       1430 11.91666666667   39.93612    66.69654    4096                -4.225
       1431 11.92500000000   39.86471    66.42001    4096                -4.274
       1432 11.93333333333   39.79177    66.14470    4096                -4.386
       1433 11.94166666667   39.71730    65.87060    4096                -4.468
       1434 11.95000000000   39.64132    65.59775    4096                -4.305
       1435 11.95833333333   39.56382    65.32616    4096                -4.356
       1436 11.96666666667   39.48483    65.05584    4096                -4.333
       1437 11.97500000000   39.40435    64.78681    4096                -4.321
       1438 11.98333333333   39.32239    64.51909    4096                -4.389
       1439 11.99166666667   39.23896    64.25268    4096                -4.473
       1440 12.00000000000   39.15425    63.98852    4096                -4.380
       1441 12.00833333333   39.06773    63.72389    4096                -4.379
       1442 12.01666666667   38.97995    63.46153    4096                -4.433
       1443 12.02500000000   38.89074    63.20055    4096                -4.415
       1444 12.03333333333   38.80011    62.94096    4096                -4.419
       1445 12.04166666667   38.70807    62.68276    4096                -4.311
       1446 12.05000000000   38.61463    62.42599    4096                -4.201
       1447 12.05833333333   38.51980    62.17063    4096                -4.120
       1448 12.06666666667   38.42359    61.91671    4096                -4.066
       1449 12.07500000000   38.32601    61.66424    4096                -4.006
       1450 12.08333333333   38.22708    61.41323    4096                -4.058
       1451 12.09166666667   38.12680    61.16368    4096                -4.059
       1452 12.10000000000   38.02518    60.91561    4096                -3.927
       1453 12.10833333333   37.92223    60.66903    4096                -3.661
       1454 12.11666666667   37.81797    60.42395    4096                -3.773
       1455 12.12500000000   37.71241    60.18037    4096                -3.755
       1456 12.13333333333   37.60555    59.93830    4096                -3.800
       1457 12.14166666667   37.49741    59.69775    4096                -3.884
       1458 12.15000000000   37.38800    59.45873    4096                -3.862
       1459 12.15833333333   37.27733    59.22125    4096                -3.924
       1460 12.16666666667   37.16542    58.98531    4096                -3.890
       1461 12.17500000000   37.05226    58.75091    4096                -3.743
       1462 12.18333333333   36.93788    58.51808    4096                -3.571
       1463 12.19166666667   36.82228    58.28680    4096                -3.601
       1464 12.20000000000   36.70548    58.05708    4096                -3.619
       1465 12.20833333333   36.58748    57.82894    4096                -3.648
       1466 12.21666666667   36.46831    57.60237    4096                -3.653
       1467 12.22500000000   36.34796    57.37738    4096                -3.641
       1468 12.23333333333   36.22645    57.15398    4096                -3.694
       1469 12.24166666667   36.10380    56.93216    4096                -3.777
       1470 12.25000000000   35.98001    56.71193    4096                -3.655
       1471 12.25833333333   35.85509    56.49330    4096                -3.399
       1472 12.26666666667   35.72906    56.27626    4096                -3.688
       1473 12.27500000000   35.60193    56.06082    4096                -3.639
       1474 12.28333333333   35.47371    55.84698    4096                -3.683
       1475 12.29166666667   35.34440    55.63474    4096                -3.635
       1476 12.30000000000   35.21403    55.42411    4096                -3.600
       1477 12.30833333333   35.08260    55.21509    4096                -3.635
       1478 12.31666666667   34.95012    55.00767    4096                -3.719
       1479 12.32500000000   34.81660    54.80186    4096                -3.846
       1480 12.33333333333   34.68206    54.59765    4096                -3.849
       1481 12.34166666667   34.54651    54.39506    4096                -3.770
       1482 12.35000000000   34.40996    54.19407    4096                -3.803
       1483 12.35833333333   34.27241    53.99469    4096                -3.931
       1484 12.36666666667   34.13389    53.79691    4096                -3.874
       1485 12.37500000000   33.99439    53.60074    4096                -3.818
       1486 12.38333333333   33.85394    53.40618    4096                -3.929
       1487 12.39166666667   33.71254    53.21322    4096                -3.957
       1488 12.40000000000   33.57020    53.02187    4096                -3.966
       1489 12.40833333333   33.42694    52.83211    4096                -3.994
       1490 12.41666666667   33.28277    52.64396    4096                -3.953
       1491 12.42500000000   33.13769    52.45740    4096                -3.924
       1492 12.43333333333   32.99171    52.27244    4096                -3.788
       1493 12.44166666667   32.84486    52.08906    4096                -3.775
       1494 12.45000000000   32.69713    51.90728    4096                -3.774
       1495 12.45833333333   32.54854    51.72709    4096                -3.544
       1496 12.46666666667   32.39910    51.54847    4096                -3.481
       1497 12.47500000000   32.24882    51.37144    4096                -3.451
       1498 12.48333333333   32.09771    51.19599    4096                -3.339
       1499 12.49166666667   31.94578    51.02211    4096                -3.072
       1500 12.50000000000   31.79304    50.84979    4096                -3.260
       1501 12.50833333333   31.63950    50.67905    4096                -3.210
       1502 12.51666666667   31.48517    50.50986    4096                -3.177
       1503 12.52500000000   31.33006    50.34224    4096                -3.099
       1504 12.53333333333   31.17419    50.17616    4096                -2.983
       1505 12.54166666667   31.01756    50.01164    4096                -2.834
       1506 12.55000000000   30.86017    49.84866    4096                -2.666
       1507 12.55833333333   30.70205    49.68722    4096                -2.592
       1508 12.56666666667   30.54320    49.52731    4096                -2.526
       1509 12.57500000000   30.38363    49.36894    4096                -2.417
       1510 12.58333333333   30.22335    49.21208    4096                -2.360
       1511 12.59166666667   30.06237    49.05675    4096                -2.258
       1512 12.60000000000   29.90070    48.90293    4096                -2.175
       1513 12.60833333333   29.73835    48.75062    4096                -2.406
       1514 12.61666666667   29.57533    48.59982    4096                -2.449
       1515 12.62500000000   29.41164    48.45051    4096                -2.389
       1516 12.63333333333   29.24730    48.30269    4096                -2.273
       1517 12.64166666667   29.08232    48.15636    4096                -2.403
       1518 12.65000000000   28.91670    48.01151    4096                -2.268
       1519 12.65833333333   28.75046    47.86814    4096                -2.292
       1520 12.66666666667   28.58360    47.72623    4096                -2.187
       1521 12.67500000000   28.41614    47.58579    4096                -2.226
       1522 12.68333333333   28.24807    47.44680    4096                -2.149
       1523 12.69166666667   28.07941    47.30926    4096                -2.046
       1524 12.70000000000   27.91018    47.17317    4096                -1.961
       1525 12.70833333333   27.74037    47.03851    4096                -1.964
       1526 12.71666666667   27.56999    46.90529    4096                -2.019
       1527 12.72500000000   27.39907    46.77349    4096                -1.985
       1528 12.73333333333   27.22759    46.64311    4096                -1.805
       1529 12.74166666667   27.05557    46.51414    4096                -1.660
       1530 12.75000000000   26.88303    46.38657    4096                -1.623
       1531 12.75833333333   26.70996    46.26040    4096                -1.573
       1532 12.76666666667   26.53638    46.13563    4096                -1.533
       1533 12.77500000000   26.36229    46.01224    4096                -1.422
       1534 12.78333333333   26.18770    45.89023    4096                -1.388
       1535 12.79166666667   26.01263    45.76959    4096                -1.334
       1536 12.80000000000   25.83707    45.65031    4096                -1.368
       1537 12.80833333333   25.66103    45.53239    4096                -1.403
       1538 12.81666666667   25.48453    45.41583    4096                -1.230
       1539 12.82500000000   25.30757    45.30061    4096                -1.079
       1540 12.83333333333   25.13016    45.18672    4096                -0.892
       1541 12.84166666667   24.95231    45.07417    4096                -0.923
       1542 12.85000000000   24.77401    44.96294    4096                -0.829
       1543 12.85833333333   24.59529    44.85302    4096                -0.793
       1544 12.86666666667   24.41615    44.74442    4096                -0.887
       1545 12.87500000000   24.23659    44.63712    4096                -1.058
       1546 12.88333333333   24.05662    44.53111    4096                -1.026
       1547 12.89166666667   23.87626    44.42640    4096                -1.069
       1548 12.90000000000   23.69549    44.32296    4096                -0.993
       1549 12.90833333333   23.51435    44.22080    4096                -0.925
       1550 12.91666666667   23.33282    44.11991    4096                -0.848
       1551 12.92500000000   23.15092    44.02028    4096                -0.750
       1552 12.93333333333   22.96865    43.92190    4096                -0.671
       1553 12.94166666667   22.78602    43.82477    4096                -0.573
       1554 12.95000000000   22.60304    43.72888    4096                -0.401
       1555 12.95833333333   22.41972    43.63423    4096                -0.307
       1556 12.96666666667   22.23605    43.54079    4096                -0.284
       1557 12.97500000000   22.05205    43.44858    4096                -0.266
       1558 12.98333333333   21.86772    43.35759    4096                -0.236
       1559 12.99166666667   21.68307    43.26779    4096                -0.084
       1560 13.00000000000   21.49811    43.17920    4096                -0.032
       1561 13.00833333333   21.31284    43.09180    4096                 0.042
       1562 13.01666666667   21.12726    43.00558    4096                 0.030
       1563 13.02500000000   20.94139    42.92054    4096                -0.004
       1564 13.03333333333   20.75522    42.83667    4096                -0.027
       1565 13.04166666667   20.56878    42.75397    4096                 0.006
       1566 13.05000000000   20.38205    42.67242    4096                 0.011
       1567 13.05833333333   20.19505    42.59202    4096                 0.022
       1568 13.06666666667   20.00778    42.51277    4096                 0.084
       1569 13.07500000000   19.82025    42.43466    4096                 0.124
       1570 13.08333333333   19.63246    42.35767    4096                 0.199
       1571 13.09166666667   19.44442    42.28181    4096                 0.260
       1572 13.10000000000   19.25614    42.20707    4096                 0.376
       1573 13.10833333333   19.06761    42.13344    4096                 0.537
       1574 13.11666666667   18.87885    42.06091    4096                 0.658
       1575 13.12500000000   18.68986    41.98949    4096                 0.732
       1576 13.13333333333   18.50065    41.91915    4096                 0.876
       1577 13.14166666667   18.31121    41.84989    4096                 0.964
       1578 13.15000000000   18.12157    41.78172    4096                 1.070
       1579 13.15833333333   17.93171    41.71461    4096                 1.228
       1580 13.16666666667   17.74165    41.64857    4096                 1.450
       1581 13.17500000000   17.55139    41.58359    4096                 1.673
       1582 13.18333333333   17.36093    41.51967    4096                 1.925
       1583 13.19166666667   17.17028    41.45679    4096                 2.206
       1584 13.20000000000   16.97945    41.39494    4096                 2.350
       1585 13.20833333333   16.78844    41.33414    4096                 2.455
       1586 13.21666666667   16.59726    41.27436    4096                 2.567
       1587 13.22500000000   16.40590    41.21560    4096                 2.702
       1588 13.23333333333   16.21438    41.15785    4096                 3.047
       1589 13.24166666667   16.02269    41.10112    4096                 3.382
       1590 13.25000000000   15.83085    41.04538    4096                 3.638
       1591 13.25833333333   15.63885    40.99065    4096                 3.910
       1592 13.26666666667   15.44670    40.93690    4096                 4.056
       1593 13.27500000000   15.25441    40.88414    4096                 4.206
       1594 13.28333333333   15.06198    40.83236    4096                 4.072
       1595 13.29166666667   14.86941    40.78155    4096                 4.060
       1596 13.30000000000   14.67671    40.73171    4096                 4.212
       1597 13.30833333333   14.48389    40.68283    4096                 4.347
       1598 13.31666666667   14.29093    40.63490    4096                 4.609
       1599 13.32500000000   14.09786    40.58793    4096                 4.688
       1600 13.33333333333   13.90467    40.54190    4096                 4.994
       1601 13.34166666667   13.71137    40.49680    4096                 5.165
       1602 13.35000000000   13.51796    40.45264    4096                 5.209
       1603 13.35833333333   13.32445    40.40940    4096                 5.381
       1604 13.36666666667   13.13083    40.36709    4096                 5.380
       1605 13.37500000000   12.93712    40.32569    4096                 5.408
       1606 13.38333333333   12.74331    40.28520    4096                 5.486
       1607 13.39166666667   12.54942    40.24562    4096                 5.589
       1608 13.40000000000   12.35544    40.20694    4096                 5.747
       1609 13.40833333333   12.16137    40.16915    4096                 5.667
       1610 13.41666666667   11.96723    40.13224    4096                 5.726
       1611 13.42500000000   11.77300    40.09622    4096                 5.768
       1612 13.43333333333   11.57871    40.06108    4096                 5.755
       1613 13.44166666667   11.38435    40.02681    4096                 5.837
       1614 13.45000000000   11.18992    39.99341    4096                 5.940
       1615 13.45833333333   10.99543    39.96087    4096                 6.198
       1616 13.46666666667   10.80087    39.92919    4096                 6.378
       1617 13.47500000000   10.60627    39.89836    4096                 6.695
       1618 13.48333333333   10.41160    39.86837    4096                 6.752
       1619 13.49166666667   10.21689    39.83923    4096                 6.937
       1620 13.50000000000   10.02214    39.81092    4096                 6.991
       1621 13.50833333333    9.82733    39.78345    4096                 7.086
       1622 13.51666666667    9.63249    39.75680    4096                 7.222
       1623 13.52500000000    9.43761    39.73098    4096                 7.532
       1624 13.53333333333    9.24269    39.70597    4096                 7.788
       1625 13.54166666667    9.04774    39.68177    4096                 8.105
       1626 13.55000000000    8.85276    39.65838    4096                 8.389
       1627 13.55833333333    8.65776    39.63580    4096                 8.200
       1628 13.56666666667    8.46273    39.61401    4096                 8.305
       1629 13.57500000000    8.26768    39.59301    4096                 8.414
       1630 13.58333333333    8.07261    39.57280    4096                 8.718
       1631 13.59166666667    7.87752    39.55338    4096                 8.815
       1632 13.60000000000    7.68243    39.53474    4096                 9.002
       1633 13.60833333333    7.48732    39.51687    4096                 8.863
       1634 13.61666666667    7.29220    39.49977    4096                 8.936
       1635 13.62500000000    7.09708    39.48344    4096                 9.136
       1636 13.63333333333    6.90195    39.46787    4096                 9.294
       1637 13.64166666667    6.70683    39.45305    4096                 9.408
       1638 13.65000000000    6.51170    39.43899    4096                 9.497
       1639 13.65833333333    6.31658    39.42568    4096                 9.449
       1640 13.66666666667    6.12147    39.41311    4096                 9.497
       1641 13.67500000000    5.92636    39.40128    4096                 9.476
       1642 13.68333333333    5.73127    39.39019    4096                 9.847
       1643 13.69166666667    5.53619    39.37983    4096                10.199
       1644 13.70000000000    5.34113    39.37019    4096                10.278
       2829 23.57500000000    5.13868   320.29347    4096                 1.835
       2830 23.58333333333    5.33289   320.28670    4096                 1.955
       2831 23.59166666667    5.52713   320.27921    4096                 2.182
       2832 23.60000000000    5.72140   320.27101    4096                 2.568
       2833 23.60833333333    5.91571   320.26207    4096                 3.263
       2834 23.61666666667    6.11004   320.25241    4096                 3.719
       2835 23.62500000000    6.30439   320.24201    4096                 4.062
       2836 23.63333333333    6.49877   320.23088    4096                 4.070
       2837 23.64166666667    6.69316   320.21901    4096                 3.649
       2838 23.65000000000    6.88758   320.20638    4096                 3.072
       2839 23.65833333333    7.08201   320.19301    4096                 2.560
       2840 23.66666666667    7.27646   320.17889    4096                 1.638
       2841 23.67500000000    7.47091   320.16400    4096                 0.490
       2842 23.68333333333    7.66538   320.14835    4096                -1.149
       2843 23.69166666667    7.85985   320.13193    4096                -2.159
       2844 23.70000000000    8.05432   320.11474    4096                -3.546
       2845 23.70833333333    8.24880   320.09677    4096                -4.756
       2846 23.71666666667    8.44327   320.07802    4096                -5.990
       2847 23.72500000000    8.63774   320.05849    4096                -7.401
       2848 23.73333333333    8.83221   320.03816    4096                -8.566
       2849 23.74166666667    9.02666   320.01703    4096                -9.795
       2850 23.75000000000    9.22110   319.99511    4096               -11.056
       2851 23.75833333333    9.41553   319.97238    4096               -12.016
       2852 23.76666666667    9.60994   319.94884    4096               -13.112
       2853 23.77500000000    9.80433   319.92448    4096               -14.234
       2854 23.78333333333    9.99870   319.89930    4096               -15.094
       2855 23.79166666667   10.19304   319.87330    4096               -15.913
       2856 23.80000000000   10.38735   319.84647    4096               -16.291
       2857 23.80833333333   10.58163   319.81880    4096               -16.895
       2858 23.81666666667   10.77588   319.79029    4096               -17.773
       2859 23.82500000000   10.97008   319.76094    4096               -18.727
       2860 23.83333333333   11.16425   319.73073    4096               -19.556
       2861 23.84166666667   11.35837   319.69967    4096               -20.164
       2862 23.85000000000   11.55245   319.66775    4096               -20.873
       2863 23.85833333333   11.74647   319.63496    4096               -21.609
       2864 23.86666666667   11.94044   319.60130    4096               -22.198
       2865 23.87500000000   12.13436   319.56677    4096               -22.815
       2866 23.88333333333   12.32821   319.53135    4096               -23.422
       2867 23.89166666667   12.52200   319.49505    4096               -23.931
       2868 23.90000000000   12.71572   319.45785    4096               -24.506
       2869 23.90833333333   12.90938   319.41975    4096               -24.942
       2870 23.91666666667   13.10295   319.38075    4096               -25.313
       2871 23.92500000000   13.29646   319.34084    4096               -25.730
       2872 23.93333333333   13.48987   319.30002    4096               -26.118
       2873 23.94166666667   13.68321   319.25827    4096               -26.577
       2874 23.95000000000   13.87646   319.21560    4096               -27.055
       2875 23.95833333333   14.06961   319.17199    4096               -27.437
       2876 23.96666666667   14.26267   319.12745    4096               -27.806
       2877 23.97500000000   14.45562   319.08196    4096               -28.163
       2878 23.98333333333   14.64848   319.03553    4096               -28.405
       2879 23.99166666667   14.84123   318.98813    4096               -28.619
