# Created on 2018-12-12 16:17:48 
# Sources: d:\gpsother\tec-suite\in\2015\abcd0770.15d.Z, d:\gpsother\tec-suite\in\2015\brdc0770.15n.Z
# Satellite: G16
# Interval: 30.0
# Sampling interval: 0.0 (not used).
# Site: abcd
# Position (L, B, H): 253.601641965, 52.1962622634, 578.574894483
# Position (X, Y, Z): -1106129.71, -3758704.03, 5016675.77
# datetime format: %Y-%m-%dT%H:%M:%S
# Columns: tsn, hour, el, az, validity, tec.l1l2
# (I11,1X,F14.11,1X,F10.5,1X,F11.5,1X,I7,1X,F21.3)
          0  0.00000000000   11.15735    59.68740    4096               -28.268
          1  0.00833333333   10.96553    59.75973    4096               -28.300
          2  0.01666666667   10.77393    59.83249    4096               -28.493
          3  0.02500000000   10.58255    59.90565    4096               -27.888
          4  0.03333333333   10.39140    59.97924    4096               -27.633
          5  0.04166666667   10.20047    60.05323    4096               -27.836
          6  0.05000000000   10.00976    60.12763    4096               -27.618
          7  0.05833333333    9.81927    60.20244    4096               -28.825
          8  0.06666666667    9.62901    60.27765    4096               -29.237
          9  0.07500000000    9.43897    60.35326    4096               -29.616
         10  0.08333333333    9.24915    60.42927    4096               -29.601
         11  0.09166666667    9.05955    60.50568    4096               -30.711
         12  0.10000000000    8.87017    60.58247    4096               -30.440
         13  0.10833333333    8.68101    60.65966    4096               -30.349
         14  0.11666666667    8.49208    60.73723    4096               -30.212
         15  0.12500000000    8.30336    60.81518    4096               -30.127
         16  0.13333333333    8.11487    60.89352    4096               -30.039
         17  0.14166666667    7.92659    60.97224    4464                 0.000
         18  0.15000000000    7.73854    61.05133    4464                 0.000
         19  0.15833333333    7.55071    61.13079    4464                 0.000
         20  0.16666666667    7.36309    61.21063    4464                 0.000
         21  0.17500000000    7.17570    61.29083    4096                85.690
         22  0.18333333333    6.98853    61.37140    4096                86.669
         23  0.19166666667    6.80157    61.45233    4096                86.451
         24  0.20000000000    6.61484    61.53363    4096                86.220
         25  0.20833333333    6.42832    61.61528    4096                85.683
         26  0.21666666667    6.24202    61.69729    4096                85.317
         27  0.22500000000    6.05594    61.77965    4096                85.887
         28  0.23333333333    5.87008    61.86237    4096                87.648
         29  0.24166666667    5.68444    61.94543    4096                88.864
         30  0.25000000000    5.49901    62.02884    4464                 0.000
         31  0.25833333333    5.31380    62.11259    4464                 0.000
         32  0.26666666667    5.12880    62.19669    4464                 0.000
         33  0.27500000000    4.94403    62.28112    4464                 0.000
       1189  9.90833333333    5.22602   337.12952    4096                15.464
       1190  9.91666666667    5.39095   337.02954    4096                15.465
       1191  9.92500000000    5.55545   336.92873    4096                15.173
       1192  9.93333333333    5.71955   336.82709    4096                14.786
       1193  9.94166666667    5.88322   336.72461    4096                14.393
       1194  9.95000000000    6.04646   336.62129    4096                14.074
       1195  9.95833333333    6.20927   336.51713    4096                13.642
       1196  9.96666666667    6.37164   336.41213    4096                13.546
       1197  9.97500000000    6.53357   336.30627    4096                13.820
       1198  9.98333333333    6.69505   336.19957    4096                13.915
       1199  9.99166666667    6.85608   336.09202    4096                13.685
       1200 10.00000000000    7.01757   335.98321    4096                13.740
       1201 10.00833333333    7.17676   335.87434    4096                13.618
       1202 10.01666666667    7.33640   335.76422    4096                13.565
       1203 10.02500000000    7.49557   335.65323    4096                13.599
       1204 10.03333333333    7.65425   335.54138    4096                13.524
       1205 10.04166666667    7.81246   335.42867    4096                13.006
       1206 10.05000000000    7.97017   335.31508    4096                12.889
       1207 10.05833333333    8.12739   335.20063    4096                12.594
       1208 10.06666666667    8.28410   335.08530    4096                12.692
       1209 10.07500000000    8.44031   334.96910    4096                12.678
       1210 10.08333333333    8.59601   334.85202    4096                12.590
       1211 10.09166666667    8.75119   334.73406    4096                12.436
       1212 10.10000000000    8.90585   334.61522    4096                12.242
       1213 10.10833333333    9.05999   334.49550    4096                12.143
       1214 10.11666666667    9.21358   334.37489    4096                11.964
       1215 10.12500000000    9.36664   334.25340    4096                11.904
       1216 10.13333333333    9.51915   334.13102    4096                11.928
       1217 10.14166666667    9.67112   334.00774    4096                11.976
       1218 10.15000000000    9.82252   333.88358    4096                12.182
       1219 10.15833333333    9.97336   333.75852    4096                12.747
       1220 10.16666666667   10.12364   333.63256    4096                13.112
       1221 10.17500000000   10.27334   333.50571    4096                13.447
       1222 10.18333333333   10.42246   333.37796    4096                13.700
       1223 10.19166666667   10.57100   333.24931    4096                14.049
       1224 10.20000000000   10.71894   333.11975    4096                14.277
       1225 10.20833333333   10.86629   332.98930    4096                14.306
       1226 10.21666666667   11.01303   332.85794    4096                14.488
       1227 10.22500000000   11.15916   332.72567    4096                14.369
       1228 10.23333333333   11.30468   332.59250    4096                14.381
       1229 10.24166666667   11.44958   332.45841    4096                14.430
       1230 10.25000000000   11.59385   332.32342    4096                14.526
       1231 10.25833333333   11.73749   332.18752    4096                14.522
       1232 10.26666666667   11.88048   332.05070    4096                14.531
       1233 10.27500000000   12.02283   331.91298    4096                14.288
       1234 10.28333333333   12.16453   331.77434    4096                14.345
       1235 10.29166666667   12.30557   331.63478    4096                14.096
       1236 10.30000000000   12.44595   331.49432    4096                14.351
       1237 10.30833333333   12.58566   331.35293    4096                14.140
       1238 10.31666666667   12.72469   331.21063    4096                14.308
       1239 10.32500000000   12.86304   331.06741    4096                14.410
       1240 10.33333333333   13.00070   330.92328    4096                14.383
       1241 10.34166666667   13.13766   330.77823    4096                14.055
       1242 10.35000000000   13.27392   330.63226    4096                14.110
       1243 10.35833333333   13.40948   330.48537    4096                13.662
       1244 10.36666666667   13.54432   330.33757    4096                13.798
       1245 10.37500000000   13.67844   330.18884    4096                13.492
       1246 10.38333333333   13.81183   330.03920    4096                13.618
       1247 10.39166666667   13.94449   329.88864    4096                13.490
       1248 10.40000000000   14.07641   329.73716    4096                13.358
       1249 10.40833333333   14.20759   329.58477    4096                13.378
       1250 10.41666666667   14.33801   329.43145    4096                13.617
       1251 10.42500000000   14.46768   329.27722    4096                13.915
       1252 10.43333333333   14.59658   329.12207    4096                13.923
       1253 10.44166666667   14.72471   328.96601    4096                14.142
       1254 10.45000000000   14.85206   328.80903    4096                14.035
       1255 10.45833333333   14.97862   328.65114    4096                13.713
       1256 10.46666666667   15.10440   328.49233    4096                13.726
       1257 10.47500000000   15.22938   328.33261    4096                13.659
       1258 10.48333333333   15.35355   328.17198    4096                13.933
       1259 10.49166666667   15.47692   328.01044    4096                13.676
       1260 10.50000000000   15.59947   327.84798    4096                13.188
       1261 10.50833333333   15.72120   327.68462    4096                13.342
       1262 10.51666666667   15.84209   327.52036    4096                12.952
       1263 10.52500000000   15.96216   327.35519    4096                13.200
       1264 10.53333333333   16.08138   327.18911    4096                13.057
       1265 10.54166666667   16.19975   327.02213    4096                12.534
       1266 10.55000000000   16.31726   326.85426    4096                12.265
       1267 10.55833333333   16.43392   326.68548    4096                12.298
       1268 10.56666666667   16.54971   326.51581    4096                12.149
       1269 10.57500000000   16.66462   326.34525    4096                11.709
       1270 10.58333333333   16.77865   326.17379    4096                11.790
       1271 10.59166666667   16.89180   326.00145    4096                11.575
       1272 10.60000000000   17.00405   325.82821    4096                11.684
       1273 10.60833333333   17.11541   325.65410    4096                11.477
       1274 10.61666666667   17.22585   325.47910    4096                11.502
       1275 10.62500000000   17.33539   325.30323    4096                11.143
       1276 10.63333333333   17.44400   325.12647    4096                11.002
       1277 10.64166666667   17.55169   324.94885    4096                10.911
       1278 10.65000000000   17.65845   324.77036    4096                10.659
       1279 10.65833333333   17.76428   324.59100    4096                10.973
       1280 10.66666666667   17.86915   324.41077    4096                10.373
       1281 10.67500000000   17.97308   324.22969    4096                10.355
       1282 10.68333333333   18.07605   324.04775    4096                10.244
       1283 10.69166666667   18.17806   323.86496    4096                10.263
       1284 10.70000000000   18.27910   323.68132    4096                10.678
       1285 10.70833333333   18.37917   323.49684    4096                10.291
       1286 10.71666666667   18.47826   323.31152    4096                10.367
       1287 10.72500000000   18.57635   323.12536    4096                10.312
       1288 10.73333333333   18.67346   322.93837    4096                10.214
       1289 10.74166666667   18.76957   322.75055    4096                10.079
       1290 10.75000000000   18.86467   322.56191    4096                10.353
       1291 10.75833333333   18.95876   322.37245    4096                10.055
       1292 10.76666666667   19.05183   322.18218    4096                10.010
       1293 10.77500000000   19.14388   321.99110    4096                 9.899
       1294 10.78333333333   19.23491   321.79921    4096                 9.734
       1295 10.79166666667   19.32490   321.60653    4096                10.046
       1296 10.80000000000   19.41384   321.41306    4096                10.034
       1297 10.80833333333   19.50175   321.21879    4096                 9.518
       1298 10.81666666667   19.58860   321.02375    4096                 9.601
       1299 10.82500000000   19.67439   320.82793    4096                 9.425
       1300 10.83333333333   19.75912   320.63134    4096                 9.430
       1301 10.84166666667   19.84279   320.43399    4096                 9.733
       1302 10.85000000000   19.92538   320.23587    4096                 9.674
       1303 10.85833333333   20.00689   320.03701    4096                 9.901
       1304 10.86666666667   20.08731   319.83740    4096                 9.508
       1305 10.87500000000   20.16665   319.63705    4096                 9.279
       1306 10.88333333333   20.24489   319.43596    4096                 8.746
       1307 10.89166666667   20.32203   319.23415    4096                 8.695
       1308 10.90000000000   20.39807   319.03162    4096                 8.802
       1309 10.90833333333   20.47299   318.82838    4096                 8.497
       1310 10.91666666667   20.54680   318.62443    4096                 8.677
       1311 10.92500000000   20.61949   318.41979    4096                 9.005
       1312 10.93333333333   20.69105   318.21445    4096                 8.845
       1313 10.94166666667   20.76149   318.00842    4096                 8.597
       1314 10.95000000000   20.83078   317.80173    4096                 8.593
       1315 10.95833333333   20.89894   317.59436    4096                 8.749
       1316 10.96666666667   20.96596   317.38633    4096                 8.646
       1317 10.97500000000   21.03182   317.17765    4096                 8.730
       1318 10.98333333333   21.09653   316.96832    4096                 8.631
       1319 10.99166666667   21.16009   316.75835    4096                 8.433
       1320 11.00000000000   21.22248   316.54775    4096                 8.276
       1321 11.00833333333   21.28370   316.33654    4096                 8.162
       1322 11.01666666667   21.34375   316.12471    4096                 8.190
       1323 11.02500000000   21.40263   315.91228    4096                 8.065
       1324 11.03333333333   21.46033   315.69925    4096                 8.214
       1325 11.04166666667   21.51685   315.48563    4096                 8.095
       1326 11.05000000000   21.57218   315.27143    4096                 8.242
       1327 11.05833333333   21.62632   315.05667    4096                 8.092
       1328 11.06666666667   21.67926   314.84135    4096                 8.379
       1329 11.07500000000   21.73101   314.62547    4096                 7.950
       1330 11.08333333333   21.78156   314.40905    4096                 7.820
       1331 11.09166666667   21.83090   314.19210    4096                 7.851
       1332 11.10000000000   21.87903   313.97463    4096                 7.878
       1333 11.10833333333   21.92595   313.75664    4096                 7.725
       1334 11.11666666667   21.97165   313.53815    4096                 7.730
       1335 11.12500000000   22.01614   313.31916    4096                 7.826
       1336 11.13333333333   22.05941   313.09968    4096                 7.766
       1337 11.14166666667   22.10145   312.87974    4096                 7.453
       1338 11.15000000000   22.14227   312.65932    4096                 7.387
       1339 11.15833333333   22.18185   312.43845    4096                 7.626
       1340 11.16666666667   22.22021   312.21714    4096                 7.467
       1341 11.17500000000   22.25733   311.99539    4096                 7.304
       1342 11.18333333333   22.29321   311.77321    4096                 7.353
       1343 11.19166666667   22.32785   311.55062    4096                 7.347
       1344 11.20000000000   22.36125   311.32763    4096                 8.419
       1345 11.20833333333   22.39341   311.10424    4096                 8.334
       1346 11.21666666667   22.42432   310.88046    4096                 8.183
       1347 11.22500000000   22.45398   310.65631    4096                 8.504
       1348 11.23333333333   22.48240   310.43180    4096                 8.030
       1349 11.24166666667   22.50956   310.20694    4096                 8.098
       1350 11.25000000000   22.53547   309.98174    4096                 7.883
       1351 11.25833333333   22.56012   309.75620    4096                 7.732
       1352 11.26666666667   22.58352   309.53035    4096                 7.648
       1353 11.27500000000   22.60566   309.30418    4096                 7.035
       1354 11.28333333333   22.62654   309.07772    4096                 7.351
       1355 11.29166666667   22.64617   308.85097    4096                 7.446
       1356 11.30000000000   22.66453   308.62394    4096                 7.701
       1357 11.30833333333   22.68163   308.39665    4096                 7.569
       1358 11.31666666667   22.69747   308.16910    4096                 7.533
       1359 11.32500000000   22.71204   307.94131    4096                 7.418
       1360 11.33333333333   22.72536   307.71328    4096                 7.269
       1361 11.34166666667   22.73740   307.48503    4096                 7.317
       1362 11.35000000000   22.74819   307.25657    4096                 7.151
       1363 11.35833333333   22.75771   307.02792    4096                 7.120
       1364 11.36666666667   22.76596   306.79907    4096                 6.900
       1365 11.37500000000   22.77295   306.57005    4096                 6.730
       1366 11.38333333333   22.77868   306.34085    4096                 6.967
       1367 11.39166666667   22.78314   306.11151    4096                 6.909
       1368 11.40000000000   22.78633   305.88202    4096                 6.888
       1369 11.40833333333   22.78826   305.65239    4096                 6.888
       1370 11.41666666667   22.78893   305.42265    4096                 7.136
       1371 11.42500000000   22.78834   305.19279    4096                 7.331
       1372 11.43333333333   22.78648   304.96283    4096                 7.286
       1373 11.44166666667   22.78337   304.73278    4096                 7.189
       1374 11.45000000000   22.77899   304.50266    4096                 7.039
       1375 11.45833333333   22.77336   304.27246    4096                 6.872
       1376 11.46666666667   22.76646   304.04222    4096                 6.754
       1377 11.47500000000   22.75831   303.81192    4096                 6.817
       1378 11.48333333333   22.74891   303.58159    4096                 6.568
       1379 11.49166666667   22.73825   303.35124    4096                 6.395
       1380 11.50000000000   22.72634   303.12088    4096                 6.312
       1381 11.50833333333   22.71318   302.89051    4096                 6.199
       1382 11.51666666667   22.69877   302.66016    4096                 6.091
       1383 11.52500000000   22.68311   302.42982    4096                 6.073
       1384 11.53333333333   22.66621   302.19951    4096                 6.068
       1385 11.54166666667   22.64807   301.96925    4096                 6.026
       1386 11.55000000000   22.62869   301.73903    4096                 6.022
       1387 11.55833333333   22.60807   301.50888    4096                 6.064
       1388 11.56666666667   22.58621   301.27880    4096                 6.142
       1389 11.57500000000   22.56312   301.04881    4096                 6.051
       1390 11.58333333333   22.53881   300.81891    4096                 6.211
       1391 11.59166666667   22.51326   300.58911    4096                 6.200
       1392 11.60000000000   22.48649   300.35942    4096                 6.220
       1393 11.60833333333   22.45850   300.12986    4096                 6.256
       1394 11.61666666667   22.42929   299.90043    4096                 6.313
       1395 11.62500000000   22.39886   299.67115    4096                 6.283
       1396 11.63333333333   22.36722   299.44202    4096                 6.247
       1397 11.64166666667   22.33437   299.21305    4096                 6.276
       1398 11.65000000000   22.30032   298.98426    4096                 6.235
       1399 11.65833333333   22.26507   298.75565    4096                 6.341
       1400 11.66666666667   22.22861   298.52723    4096                 6.353
       1401 11.67500000000   22.19097   298.29902    4096                 6.618
       1402 11.68333333333   22.15213   298.07101    4096                 6.614
       1403 11.69166666667   22.11210   297.84323    4096                 6.419
       1404 11.70000000000   22.07090   297.61568    4096                 6.296
       1405 11.70833333333   22.02851   297.38836    4096                 6.335
       1406 11.71666666667   21.98495   297.16130    4096                 6.313
       1407 11.72500000000   21.94022   296.93449    4096                 6.385
       1408 11.73333333333   21.89432   296.70795    4096                 6.548
       1409 11.74166666667   21.84726   296.48168    4096                 6.866
       1410 11.75000000000   21.79904   296.25569    4096                 6.712
       1411 11.75833333333   21.74968   296.03000    4096                 6.858
       1412 11.76666666667   21.69916   295.80461    4096                 7.069
       1413 11.77500000000   21.64750   295.57952    4096                 7.041
       1414 11.78333333333   21.59470   295.35475    4096                 7.062
       1415 11.79166666667   21.54077   295.13031    4096                 6.782
       1416 11.80000000000   21.48571   294.90620    4096                 6.723
       1417 11.80833333333   21.42952   294.68242    4096                 6.742
       1418 11.81666666667   21.37222   294.45900    4096                 6.702
       1419 11.82500000000   21.31380   294.23593    4096                 6.884
       1420 11.83333333333   21.25428   294.01323    4096                 6.905
       1421 11.84166666667   21.19365   293.79089    4096                 6.971
       1422 11.85000000000   21.13192   293.56893    4096                 6.939
       1423 11.85833333333   21.06911   293.34736    4096                 7.088
       1424 11.86666666667   21.00520   293.12618    4096                 7.290
       1425 11.87500000000   20.94022   292.90539    4096                 7.860
       1426 11.88333333333   20.87416   292.68502    4096                 7.951
       1427 11.89166666667   20.80703   292.46505    4096                 7.383
       1428 11.90000000000   20.73883   292.24550    4096                 7.331
       1429 11.90833333333   20.66958   292.02638    4096                 7.064
       1430 11.91666666667   20.59928   291.80768    4096                 6.920
       1431 11.92500000000   20.52793   291.58943    4096                 6.707
       1432 11.93333333333   20.45553   291.37162    4096                 6.655
       1433 11.94166666667   20.38211   291.15425    4096                 6.638
       1434 11.95000000000   20.30765   290.93734    4096                 6.308
       1435 11.95833333333   20.23218   290.72089    4096                 6.350
       1436 11.96666666667   20.15568   290.50491    4096                 6.384
       1437 11.97500000000   20.07818   290.28940    4096                 6.598
       1438 11.98333333333   19.99967   290.07436    4096                 6.711
       1439 11.99166666667   19.92017   289.85980    4096                 6.642
       1440 12.00000000000   19.84005   289.64461    4096                 6.500
       1441 12.00833333333   19.75820   289.43216    4096                 6.702
       1442 12.01666666667   19.67574   289.21908    4096                 6.590
       1443 12.02500000000   19.59231   289.00649    4096                 6.605
       1444 12.03333333333   19.50791   288.79442    4096                 6.895
       1445 12.04166666667   19.42256   288.58285    4096                 6.854
       1446 12.05000000000   19.33625   288.37179    4096                 6.876
       1447 12.05833333333   19.24900   288.16126    4096                 6.763
       1448 12.06666666667   19.16081   287.95124    4096                 6.785
       1449 12.07500000000   19.07168   287.74175    4096                 6.900
       1450 12.08333333333   18.98163   287.53279    4096                 6.736
       1451 12.09166666667   18.89066   287.32436    4096                 6.654
       1452 12.10000000000   18.79878   287.11647    4096                 6.644
       1453 12.10833333333   18.70599   286.90911    4096                 6.632
       1454 12.11666666667   18.61231   286.70230    4096                 6.712
       1455 12.12500000000   18.51773   286.49604    4096                 6.742
       1456 12.13333333333   18.42226   286.29032    4096                 6.812
       1457 12.14166666667   18.32592   286.08515    4096                 7.060
       1458 12.15000000000   18.22871   285.88054    4096                 7.038
       1459 12.15833333333   18.13063   285.67648    4096                 7.030
       1460 12.16666666667   18.03169   285.47299    4096                 7.011
       1461 12.17500000000   17.93190   285.27005    4096                 7.091
       1462 12.18333333333   17.83127   285.06768    4096                 6.998
       1463 12.19166666667   17.72980   284.86587    4096                 6.990
       1464 12.20000000000   17.62750   284.66464    4096                 6.920
       1465 12.20833333333   17.52438   284.46397    4096                 6.942
       1466 12.21666666667   17.42044   284.26387    4096                 6.944
       1467 12.22500000000   17.31569   284.06435    4096                 6.847
       1468 12.23333333333   17.21014   283.86540    4096                 6.929
       1469 12.24166666667   17.10379   283.66703    4096                 6.919
       1470 12.25000000000   16.99666   283.46923    4096                 6.960
       1471 12.25833333333   16.88874   283.27202    4096                 6.921
       1472 12.26666666667   16.78005   283.07538    4096                 6.917
       1473 12.27500000000   16.67059   282.87933    4096                 6.815
       1474 12.28333333333   16.56037   282.68385    4096                 6.778
       1475 12.29166666667   16.44940   282.48896    4096                 6.773
       1476 12.30000000000   16.33768   282.29466    4096                 6.870
       1477 12.30833333333   16.22523   282.10094    4096                 6.943
       1478 12.31666666667   16.11203   281.90780    4096                 7.013
       1479 12.32500000000   15.99812   281.71524    4096                 7.032
       1480 12.33333333333   15.88348   281.52328    4096                 7.099
       1481 12.34166666667   15.76814   281.33189    4096                 7.134
       1482 12.35000000000   15.65209   281.14110    4096                 7.351
       1483 12.35833333333   15.53534   280.95089    4096                 7.332
       1484 12.36666666667   15.41790   280.76126    4096                 7.437
       1485 12.37500000000   15.29978   280.57222    4096                 7.477
       1486 12.38333333333   15.18098   280.38377    4096                 7.503
       1487 12.39166666667   15.06151   280.19590    4096                 7.585
       1488 12.40000000000   14.94138   280.00861    4096                 7.592
       1489 12.40833333333   14.82059   279.82191    4096                 7.490
       1490 12.41666666667   14.69915   279.63579    4096                 7.519
       1491 12.42500000000   14.57707   279.45026    4096                 7.624
       1492 12.43333333333   14.45436   279.26530    4096                 7.734
       1493 12.44166666667   14.33101   279.08093    4096                 7.690
       1494 12.45000000000   14.20705   278.89714    4096                 7.549
       1495 12.45833333333   14.08247   278.71392    4096                 7.560
       1496 12.46666666667   13.95728   278.53129    4096                 7.662
       1497 12.47500000000   13.83149   278.34923    4096                 7.722
       1498 12.48333333333   13.70511   278.16774    4096                 7.721
       1499 12.49166666667   13.57814   277.98683    4096                 7.619
       1500 12.50000000000   13.45058   277.80650    4096                 7.505
       1501 12.50833333333   13.32246   277.62673    4096                 7.483
       1502 12.51666666667   13.19376   277.44754    4096                 7.343
       1503 12.52500000000   13.06451   277.26891    4096                 7.222
       1504 12.53333333333   12.93470   277.09085    4096                 7.155
       1505 12.54166666667   12.80434   276.91336    4096                 7.178
       1506 12.55000000000   12.67344   276.73642    4096                 7.037
       1507 12.55833333333   12.54201   276.56005    4096                 7.025
       1508 12.56666666667   12.41005   276.38424    4096                 7.089
       1509 12.57500000000   12.27757   276.20899    4096                 7.099
       1510 12.58333333333   12.14457   276.03429    4096                 6.957
       1511 12.59166666667   12.01106   275.86014    4096                 6.939
       1512 12.60000000000   11.87706   275.68654    4096                 6.927
       1513 12.60833333333   11.74256   275.51350    4096                 6.954
       1514 12.61666666667   11.60756   275.34099    4096                 6.891
       1515 12.62500000000   11.47209   275.16904    4096                 6.923
       1516 12.63333333333   11.33614   274.99762    4096                 6.927
       1517 12.64166666667   11.19972   274.82675    4096                 6.911
       1518 12.65000000000   11.06284   274.65641    4096                 7.011
       1519 12.65833333333   10.92550   274.48660    4096                 6.868
       1520 12.66666666667   10.78771   274.31733    4096                 6.655
       1521 12.67500000000   10.64947   274.14858    4096                 6.613
       1522 12.68333333333   10.51080   273.98036    4096                 6.619
       1523 12.69166666667   10.37169   273.81266    4096                 6.746
       1524 12.70000000000   10.23216   273.64549    4096                 6.856
       1525 12.70833333333   10.09221   273.47883    4096                 6.795
       1526 12.71666666667    9.95184   273.31268    4096                 6.777
       1527 12.72500000000    9.81107   273.14705    4096                 6.818
       1528 12.73333333333    9.66990   272.98193    4096                 6.993
       1529 12.74166666667    9.52833   272.81731    4096                 7.253
       1530 12.75000000000    9.38636   272.65319    4096                 7.451
       1531 12.75833333333    9.24402   272.48958    4096                 7.279
       1532 12.76666666667    9.10130   272.32646    4096                 7.007
       1533 12.77500000000    8.95821   272.16383    4096                 6.934
       1534 12.78333333333    8.81475   272.00170    4096                 6.872
       1535 12.79166666667    8.67093   271.84005    4096                 7.127
       1536 12.80000000000    8.52675   271.67888    4096                 7.194
       1537 12.80833333333    8.38223   271.51819    4096                 7.290
       1538 12.81666666667    8.23736   271.35798    4096                 7.504
       1539 12.82500000000    8.09216   271.19825    4096                 7.524
       1540 12.83333333333    7.94663   271.03898    4096                 7.632
       1541 12.84166666667    7.80077   270.88018    4096                 7.732
       1542 12.85000000000    7.65459   270.72185    4096                 7.795
       1543 12.85833333333    7.50810   270.56397    4096                 7.753
       1544 12.86666666667    7.36130   270.40655    4096                 7.547
       1545 12.87500000000    7.21419   270.24958    4096                 7.429
       1546 12.88333333333    7.06679   270.09306    4096                 7.353
       1547 12.89166666667    6.91909   269.93698    4096                 7.169
       1548 12.90000000000    6.77111   269.78135    4096                 7.137
       1549 12.90833333333    6.62285   269.62615    4096                 7.242
       1550 12.91666666667    6.47431   269.47139    4096                 7.129
       1551 12.92500000000    6.32550   269.31705    4096                 7.199
       1552 12.93333333333    6.17643   269.16315    4096                 7.223
       1553 12.94166666667    6.02709   269.00967    4096                 7.221
       1554 12.95000000000    5.87750   268.85660    4096                 7.345
       1555 12.95833333333    5.72767   268.70395    4096                 7.140
       1556 12.96666666667    5.57758   268.55172    4096                 7.159
       1557 12.97500000000    5.42726   268.39989    4096                 7.259
       1558 12.98333333333    5.27671   268.24846    4096                 7.377
       1559 12.99166666667    5.12593   268.09743    4096                 7.200
       1560 13.00000000000    4.97492   267.94680    4096                 7.176
       1561 13.00833333333    4.82369   267.79656    4096                 7.085
       2261 18.84166666667    5.31011   167.48952    4096                -7.749
       2262 18.85000000000    5.51732   167.43043    4096                -8.463
       2263 18.85833333333    5.72486   167.37145    4096                -9.104
       2264 18.86666666667    5.93273   167.31259    4096                -9.752
       2265 18.87500000000    6.14092   167.25384    4096               -10.463
       2266 18.88333333333    6.34945   167.19520    4096               -11.361
       2267 18.89166666667    6.55830   167.13667    4096               -12.364
       2268 18.90000000000    6.76748   167.07823    4096               -13.517
       2269 18.90833333333    6.97699   167.01988    4096               -14.618
       2270 18.91666666667    7.18682   166.96163    4096               -15.765
       2271 18.92500000000    7.39696   166.90346    4096               -16.893
       2272 18.93333333333    7.60743   166.84538    4096               -17.933
       2273 18.94166666667    7.81822   166.78737    4096               -18.938
       2274 18.95000000000    8.02933   166.72944    4096               -19.860
       2275 18.95833333333    8.24075   166.67158    4096               -20.697
       2276 18.96666666667    8.45249   166.61378    4096               -21.365
       2277 18.97500000000    8.66454   166.55604    4096               -21.960
       2278 18.98333333333    8.87690   166.49836    4096               -22.667
       2279 18.99166666667    9.08958   166.44073    4096               -23.332
       2280 19.00000000000    9.30256   166.38315    4096               -23.966
       2281 19.00833333333    9.51585   166.32561    4096               -24.549
       2282 19.01666666667    9.72945   166.26811    4096               -25.219
       2283 19.02500000000    9.94336   166.21064    4096               -26.057
       2284 19.03333333333   10.15757   166.15321    4096               -26.820
       2285 19.04166666667   10.37208   166.09579    4096               -27.517
       2286 19.05000000000   10.58689   166.03840    4096               -28.208
       2287 19.05833333333   10.80201   165.98102    4096               -29.016
       2288 19.06666666667   11.01742   165.92365    4096               -29.692
       2289 19.07500000000   11.23313   165.86629    4096               -30.409
       2290 19.08333333333   11.44913   165.80893    4096               -31.055
       2291 19.09166666667   11.66543   165.75156    4096               -31.802
       2292 19.10000000000   11.88202   165.69419    4096               -32.499
       2293 19.10833333333   12.09890   165.63680    4096               -33.163
       2294 19.11666666667   12.31607   165.57939    4096               -33.733
       2295 19.12500000000   12.53353   165.52196    4096               -34.351
       2296 19.13333333333   12.75127   165.46450    4096               -34.955
       2297 19.14166666667   12.96930   165.40700    4096               -35.459
       2298 19.15000000000   13.18762   165.34947    4096               -35.948
       2299 19.15833333333   13.40621   165.29189    4096               -36.526
       2300 19.16666666667   13.62509   165.23426    4096               -36.944
       2301 19.17500000000   13.84424   165.17658    4096               -37.420
       2302 19.18333333333   14.06367   165.11883    4096               -37.873
       2303 19.19166666667   14.28338   165.06103    4096               -38.343
       2304 19.20000000000   14.50336   165.00315    4096               -38.811
       2305 19.20833333333   14.72361   164.94519    4096               -39.395
       2306 19.21666666667   14.94414   164.88715    4096               -39.984
       2307 19.22500000000   15.16493   164.82903    4096               -40.559
       2308 19.23333333333   15.38599   164.77081    4096               -41.157
       2309 19.24166666667   15.60731   164.71249    4096               -41.721
       2310 19.25000000000   15.82890   164.65407    4096               -42.249
       2311 19.25833333333   16.05075   164.59554    4096               -42.791
       2312 19.26666666667   16.27286   164.53689    4096               -43.348
       2313 19.27500000000   16.49523   164.47812    4096               -43.860
       2314 19.28333333333   16.71786   164.41923    4096               -44.336
       2315 19.29166666667   16.94074   164.36020    4096               -44.717
       2316 19.30000000000   17.16388   164.30103    4096               -45.114
       2317 19.30833333333   17.38726   164.24171    4096               -45.488
       2318 19.31666666667   17.61090   164.18224    4096               -45.833
       2319 19.32500000000   17.83478   164.12262    4096               -46.158
       2320 19.33333333333   18.05891   164.06283    4096               -46.407
       2321 19.34166666667   18.28328   164.00287    4096               -46.693
       2322 19.35000000000   18.50789   163.94273    4096               -46.924
       2323 19.35833333333   18.73274   163.88241    4096               -47.153
       2324 19.36666666667   18.95784   163.82190    4096               -47.447
       2325 19.37500000000   19.18316   163.76119    4096               -47.744
       2326 19.38333333333   19.40872   163.70028    4096               -48.006
       2327 19.39166666667   19.63452   163.63916    4096               -48.320
       2328 19.40000000000   19.86054   163.57782    4096               -48.671
       2329 19.40833333333   20.08679   163.51626    4096               -49.046
       2330 19.41666666667   20.31326   163.45446    4096               -49.436
       2331 19.42500000000   20.53996   163.39243    4096               -49.742
       2332 19.43333333333   20.76688   163.33016    4096               -50.067
       2333 19.44166666667   20.99402   163.26763    4096               -50.424
       2334 19.45000000000   21.22137   163.20484    4096               -50.733
       2335 19.45833333333   21.44894   163.14179    4096               -51.054
       2336 19.46666666667   21.67673   163.07846    4096               -51.354
       2337 19.47500000000   21.90472   163.01485    4096               -51.664
       2338 19.48333333333   22.13292   162.95095    4096               -51.986
       2339 19.49166666667   22.36132   162.88676    4096               -52.285
       2340 19.50000000000   22.58993   162.82226    4096               -52.565
       2341 19.50833333333   22.81874   162.75745    4096               -52.816
       2342 19.51666666667   23.04774   162.69232    4096               -53.040
       2343 19.52500000000   23.27695   162.62686    4096               -53.286
       2344 19.53333333333   23.50634   162.56106    4096               -53.572
       2345 19.54166666667   23.73592   162.49492    4096               -53.821
       2346 19.55000000000   23.96570   162.42842    4096               -54.032
       2347 19.55833333333   24.19566   162.36157    4096               -54.229
       2348 19.56666666667   24.42580   162.29434    4096               -54.428
       2349 19.57500000000   24.65612   162.22674    4096               -54.656
       2350 19.58333333333   24.88662   162.15875    4096               -54.926
       2351 19.59166666667   25.11729   162.09036    4096               -55.142
       2352 19.60000000000   25.34814   162.02157    4096               -55.377
       2353 19.60833333333   25.57915   161.95236    4096               -55.629
       2354 19.61666666667   25.81033   161.88273    4096               -55.865
       2355 19.62500000000   26.04167   161.81267    4096               -56.101
       2356 19.63333333333   26.27318   161.74217    4096               -56.332
       2357 19.64166666667   26.50484   161.67121    4096               -56.568
       2358 19.65000000000   26.73665   161.59979    4096               -56.835
       2359 19.65833333333   26.96862   161.52791    4096               -57.038
       2360 19.66666666667   27.20073   161.45554    4096               -57.233
       2361 19.67500000000   27.43300   161.38268    4096               -57.449
       2362 19.68333333333   27.66540   161.30932    4096               -57.630
       2363 19.69166666667   27.89794   161.23545    4096               -57.815
       2364 19.70000000000   28.13061   161.16106    4096               -58.045
       2365 19.70833333333   28.36342   161.08614    4096               -58.241
       2366 19.71666666667   28.59636   161.01067    4096               -58.412
       2367 19.72500000000   28.82942   160.93466    4096               -58.594
       2368 19.73333333333   29.06261   160.85807    4096               -58.773
       2369 19.74166666667   29.29591   160.78091    4096               -58.941
       2370 19.75000000000   29.52933   160.70317    4096               -59.124
       2371 19.75833333333   29.76286   160.62483    4096               -59.312
       2372 19.76666666667   29.99650   160.54588    4096               -59.504
       2373 19.77500000000   30.23024   160.46630    4096               -59.706
       2374 19.78333333333   30.46408   160.38610    4096               -59.894
       2375 19.79166666667   30.69802   160.30525    4096               -60.060
       2376 19.80000000000   30.93205   160.22374    4096               -60.203
       2377 19.80833333333   31.16617   160.14156    4096               -60.335
       2378 19.81666666667   31.40037   160.05870    4096               -60.498
       2379 19.82500000000   31.63466   159.97515    4096               -60.704
       2380 19.83333333333   31.86902   159.89089    4096               -60.864
       2381 19.84166666667   32.10346   159.80591    4096               -61.054
       2382 19.85000000000   32.33796   159.72019    4096               -61.243
       2383 19.85833333333   32.57253   159.63373    4096               -61.417
       2384 19.86666666667   32.80715   159.54650    4096               -61.592
       2385 19.87500000000   33.04183   159.45851    4096               -61.762
       2386 19.88333333333   33.27657   159.36972    4096               -61.954
       2387 19.89166666667   33.51134   159.28013    4096               -62.168
       2388 19.90000000000   33.74616   159.18973    4096               -62.366
       2389 19.90833333333   33.98102   159.09849    4096               -62.562
       2390 19.91666666667   34.21591   159.00641    4096               -62.750
       2391 19.92500000000   34.45083   158.91346    4096               -62.955
       2392 19.93333333333   34.68577   158.81964    4096               -63.182
       2393 19.94166666667   34.92073   158.72493    4096               -63.402
       2394 19.95000000000   35.15570   158.62931    4096               -63.622
       2395 19.95833333333   35.39067   158.53277    4096               -63.865
       2396 19.96666666667   35.62565   158.43528    4096               -64.052
       2397 19.97500000000   35.86063   158.33684    4096               -64.239
       2398 19.98333333333   36.09560   158.23743    4096               -64.431
       2399 19.99166666667   36.33055   158.13703    4096               -64.610
       2400 20.00000000000   36.56578   158.03488    4096               -64.775
       2401 20.00833333333   36.80040   157.93320    4096               -64.924
       2402 20.01666666667   37.03528   157.82973    4096               -65.048
       2403 20.02500000000   37.27012   157.72520    4096               -65.188
       2404 20.03333333333   37.50492   157.61959    4096               -65.320
       2405 20.04166666667   37.73967   157.51289    4096               -65.454
       2406 20.05000000000   37.97437   157.40507    4096               -65.591
       2407 20.05833333333   38.20901   157.29612    4096               -65.708
       2408 20.06666666667   38.44358   157.18602    4096               -65.798
       2409 20.07500000000   38.67808   157.07475    4096               -65.913
       2410 20.08333333333   38.91250   156.96229    4096               -66.019
       2411 20.09166666667   39.14683   156.84861    4096               -66.109
       2412 20.10000000000   39.38107   156.73371    4096               -66.199
       2413 20.10833333333   39.61521   156.61755    4096               -66.303
       2414 20.11666666667   39.84924   156.50012    4096               -66.392
       2415 20.12500000000   40.08316   156.38140    4096               -66.500
       2416 20.13333333333   40.31696   156.26136    4096               -66.585
       2417 20.14166666667   40.55063   156.13998    4096               -66.681
       2418 20.15000000000   40.78417   156.01724    4096               -66.803
       2419 20.15833333333   41.01756   155.89312    4096               -66.924
       2420 20.16666666667   41.25081   155.76759    4096               -67.047
       2421 20.17500000000   41.48389   155.64064    4096               -67.172
       2422 20.18333333333   41.71681   155.51223    4096               -67.273
       2423 20.19166666667   41.94956   155.38235    4096               -67.356
       2424 20.20000000000   42.18212   155.25097    4096               -67.474
       2425 20.20833333333   42.41450   155.11806    4096               -67.594
       2426 20.21666666667   42.64667   154.98360    4096               -67.685
       2427 20.22500000000   42.87864   154.84757    4096               -67.749
       2428 20.23333333333   43.11039   154.70994    4096               -67.803
       2429 20.24166666667   43.34192   154.57068    4096               -67.875
       2430 20.25000000000   43.57321   154.42977    4096               -67.937
       2431 20.25833333333   43.80426   154.28717    4096               -67.991
       2432 20.26666666667   44.03506   154.14287    4096               -68.072
       2433 20.27500000000   44.26560   153.99684    4096               -68.111
       2434 20.28333333333   44.49587   153.84904    4096               -68.147
       2435 20.29166666667   44.72585   153.69945    4096               -68.198
       2436 20.30000000000   44.95555   153.54804    4096               -68.267
       2437 20.30833333333   45.18494   153.39477    4096               -68.305
       2438 20.31666666667   45.41403   153.23963    4096               -68.371
       2439 20.32500000000   45.64279   153.08258    4096               -68.414
       2440 20.33333333333   45.87122   152.92359    4096               -68.461
       2441 20.34166666667   46.09930   152.76263    4096               -68.522
       2442 20.35000000000   46.32704   152.59967    4096               -68.572
       2443 20.35833333333   46.55440   152.43467    4096               -68.615
       2444 20.36666666667   46.78140   152.26761    4096               -68.656
       2445 20.37500000000   47.00800   152.09844    4096               -68.705
       2446 20.38333333333   47.23420   151.92714    4096               -68.761
       2447 20.39166666667   47.45999   151.75368    4096               -68.816
       2448 20.40000000000   47.68536   151.57802    4096               -68.874
       2449 20.40833333333   47.91029   151.40012    4096               -68.922
       2450 20.41666666667   48.13477   151.21995    4096               -68.959
       2451 20.42500000000   48.35879   151.03748    4096               -69.026
       2452 20.43333333333   48.58234   150.85267    4096               -69.056
       2453 20.44166666667   48.80539   150.66548    4096               -69.084
       2454 20.45000000000   49.02795   150.47587    4096               -69.124
       2455 20.45833333333   49.24999   150.28382    4096               -69.169
       2456 20.46666666667   49.47149   150.08927    4096               -69.208
       2457 20.47500000000   49.69246   149.89220    4096               -69.247
       2458 20.48333333333   49.91287   149.69257    4096               -69.290
       2459 20.49166666667   50.13270   149.49032    4096               -69.323
       2460 20.50000000000   50.35195   149.28544    4096               -69.359
       2461 20.50833333333   50.57059   149.07787    4096               -69.380
       2462 20.51666666667   50.78861   148.86757    4096               -69.410
       2463 20.52500000000   51.00600   148.65451    4096               -69.448
       2464 20.53333333333   51.22273   148.43865    4096               -69.503
       2465 20.54166666667   51.43880   148.21993    4096               -69.562
       2466 20.55000000000   51.65419   147.99833    4096               -69.596
       2467 20.55833333333   51.86887   147.77379    4096               -69.635
       2468 20.56666666667   52.08284   147.54628    4096               -69.698
       2469 20.57500000000   52.29607   147.31575    4096               -69.743
       2470 20.58333333333   52.50854   147.08215    4096               -69.806
       2471 20.59166666667   52.72025   146.84546    4096               -69.861
       2472 20.60000000000   52.93116   146.60561    4096               -69.945
       2473 20.60833333333   53.14127   146.36256    4096               -69.996
       2474 20.61666666667   53.35054   146.11628    4096               -70.044
       2475 20.62500000000   53.55897   145.86671    4096               -70.100
       2476 20.63333333333   53.76653   145.61381    4096               -70.171
       2477 20.64166666667   53.97320   145.35753    4096               -70.232
       2478 20.65000000000   54.17897   145.09784    4096               -70.275
       2479 20.65833333333   54.38380   144.83467    4096               -70.342
       2480 20.66666666667   54.58769   144.56799    4096               -70.379
       2481 20.67500000000   54.79060   144.29775    4096               -70.430
       2482 20.68333333333   54.99252   144.02390    4096               -70.475
       2483 20.69166666667   55.19342   143.74640    4096               -70.518
       2484 20.70000000000   55.39329   143.46519    4096               -70.558
       2485 20.70833333333   55.59209   143.18024    4096               -70.618
       2486 20.71666666667   55.78981   142.89149    4096               -70.666
       2487 20.72500000000   55.98642   142.59891    4096               -70.713
       2488 20.73333333333   56.18190   142.30243    4096               -70.768
       2489 20.74166666667   56.37622   142.00202    4096               -70.804
       2490 20.75000000000   56.56935   141.69763    4096               -70.860
       2491 20.75833333333   56.76129   141.38922    4096               -70.901
       2492 20.76666666667   56.95198   141.07673    4096               -70.939
       2493 20.77500000000   57.14142   140.76013    4096               -71.002
       2494 20.78333333333   57.32958   140.43936    4096               -71.045
       2495 20.79166666667   57.51642   140.11439    4096               -71.099
       2496 20.80000000000   57.70192   139.78516    4096               -71.148
       2497 20.80833333333   57.88606   139.45165    4096               -71.184
       2498 20.81666666667   58.06880   139.11379    4096               -71.233
       2499 20.82500000000   58.25012   138.77156    4096               -71.287
       2500 20.83333333333   58.42999   138.42492    4096               -71.356
       2501 20.84166666667   58.60838   138.07381    4096               -71.404
       2502 20.85000000000   58.78525   137.71820    4096               -71.457
       2503 20.85833333333   58.96059   137.35806    4096               -71.512
       2504 20.86666666667   59.13436   136.99335    4096               -71.559
       2505 20.87500000000   59.30653   136.62403    4096               -71.602
       2506 20.88333333333   59.47706   136.25006    4096               -71.645
       2507 20.89166666667   59.64594   135.87142    4096               -71.668
       2508 20.90000000000   59.81311   135.48808    4096               -71.686
       2509 20.90833333333   59.97857   135.10000    4096               -71.725
       2510 20.91666666667   60.14226   134.70715    4096               -71.740
       2511 20.92500000000   60.30416   134.30952    4096               -71.775
       2512 20.93333333333   60.46424   133.90707    4096               -71.781
       2513 20.94166666667   60.62246   133.49979    4096               -71.774
       2514 20.95000000000   60.77880   133.08765    4096               -71.796
       2515 20.95833333333   60.93320   132.67065    4096               -71.802
       2516 20.96666666667   61.08566   132.24875    4096               -71.815
       2517 20.97500000000   61.23611   131.82196    4096               -71.821
       2518 20.98333333333   61.38454   131.39026    4096               -71.822
       2519 20.99166666667   61.53092   130.95365    4096               -71.843
       2520 21.00000000000   61.67519   130.51212    4096               -71.849
       2521 21.00833333333   61.81734   130.06568    4096               -71.858
       2522 21.01666666667   61.95731   129.61431    4096               -71.869
       2523 21.02500000000   62.09509   129.15804    4096               -71.860
       2524 21.03333333333   62.23064   128.69688    4096               -71.865
       2525 21.04166666667   62.36391   128.23082    4096               -71.863
       2526 21.05000000000   62.49487   127.75990    4096               -71.874
       2527 21.05833333333   62.62350   127.28413    4096               -71.884
       2528 21.06666666667   62.74975   126.80354    4096               -71.888
       2529 21.07500000000   62.87358   126.31815    4096               -71.892
       2530 21.08333333333   62.99497   125.82801    4096               -71.904
       2531 21.09166666667   63.11388   125.33315    4096               -71.912
       2532 21.10000000000   63.23027   124.83360    4096               -71.916
       2533 21.10833333333   63.34411   124.32942    4096               -71.929
       2534 21.11666666667   63.45536   123.82066    4096               -71.936
       2535 21.12500000000   63.56400   123.30738    4096               -71.915
       2536 21.13333333333   63.66998   122.78963    4096               -71.922
       2537 21.14166666667   63.77328   122.26748    4096               -71.913
       2538 21.15000000000   63.87386   121.74100    4096               -71.907
       2539 21.15833333333   63.97169   121.21027    4096               -71.905
       2540 21.16666666667   64.06673   120.67537    4096               -71.897
       2541 21.17500000000   64.15896   120.13638    4096               -71.887
       2542 21.18333333333   64.24834   119.59339    4096               -71.887
       2543 21.19166666667   64.33485   119.04651    4096               -71.891
       2544 21.20000000000   64.41845   118.49583    4096               -71.870
       2545 21.20833333333   64.49912   117.94145    4096               -71.863
       2546 21.21666666667   64.57683   117.38349    4096               -71.847
       2547 21.22500000000   64.65154   116.82207    4096               -71.835
       2548 21.23333333333   64.72325   116.25730    4096               -71.836
       2549 21.24166666667   64.79191   115.68931    4096               -71.832
       2550 21.25000000000   64.85750   115.11824    4096               -71.847
       2551 21.25833333333   64.92000   114.54421    4096               -71.842
       2552 21.26666666667   64.97940   113.96736    4096               -71.850
       2553 21.27500000000   65.03566   113.38785    4096               -71.850
       2554 21.28333333333   65.08876   112.80581    4096               -71.855
       2555 21.29166666667   65.13869   112.22140    4096               -71.840
       2556 21.30000000000   65.18543   111.63478    4096               -71.830
       2557 21.30833333333   65.22897   111.04611    4096               -71.821
       2558 21.31666666667   65.26928   110.45554    4096               -71.820
       2559 21.32500000000   65.30635   109.86326    4096               -71.804
       2560 21.33333333333   65.34016   109.26941    4096               -71.801
       2561 21.34166666667   65.37072   108.67419    4096               -71.789
       2562 21.35000000000   65.39800   108.07776    4096               -71.785
       2563 21.35833333333   65.42200   107.48029    4096               -71.777
       2564 21.36666666667   65.44271   106.88198    4096               -71.783
       2565 21.37500000000   65.46013   106.28300    4096               -71.782
       2566 21.38333333333   65.47424   105.68353    4096               -71.780
       2567 21.39166666667   65.48505   105.08376    4096               -71.779
       2568 21.40000000000   65.49255   104.48387    4096               -71.786
       2569 21.40833333333   65.49675   103.88404    4096               -71.784
       2570 21.41666666667   65.49763   103.28446    4096               -71.799
       2571 21.42500000000   65.49522   102.68532    4096               -71.811
       2572 21.43333333333   65.48951   102.08680    4096               -71.825
       2573 21.44166666667   65.48050   101.48907    4096               -71.824
       2574 21.45000000000   65.46821   100.89234    4096               -71.824
       2575 21.45833333333   65.45263   100.29677    4096               -71.831
       2576 21.46666666667   65.43379    99.70256    4096               -71.819
       2577 21.47500000000   65.41169    99.10986    4096               -71.813
       2578 21.48333333333   65.38634    98.51887    4096               -71.801
       2579 21.49166666667   65.35776    97.92975    4096               -71.787
       2580 21.50000000000   65.32596    97.34268    4096               -71.766
       2581 21.50833333333   65.29097    96.75782    4096               -71.740
       2582 21.51666666667   65.25279    96.17534    4096               -71.709
       2583 21.52500000000   65.21144    95.59540    4096               -71.689
       2584 21.53333333333   65.16695    95.01815    4096               -71.664
       2585 21.54166666667   65.11934    94.44376    4096               -71.628
       2586 21.55000000000   65.06862    93.87237    4096               -71.579
       2587 21.55833333333   65.01483    93.30412    4096               -71.550
       2588 21.56666666667   64.95799    92.73916    4096               -71.535
       2589 21.57500000000   64.89811    92.17763    4096               -71.495
       2590 21.58333333333   64.83524    91.61965    4096               -71.454
       2591 21.59166666667   64.76939    91.06536    4096               -71.438
       2592 21.60000000000   64.70060    90.51487    4096               -71.420
       2593 21.60833333333   64.62889    89.96831    4096               -71.401
       2594 21.61666666667   64.55429    89.42579    4096               -71.369
       2595 21.62500000000   64.47684    88.88742    4096               -71.346
       2596 21.63333333333   64.39656    88.35329    4096               -71.325
       2597 21.64166666667   64.31348    87.82351    4096               -71.325
       2598 21.65000000000   64.22765    87.29818    4096               -71.306
       2599 21.65833333333   64.13909    86.77737    4096               -71.299
       2600 21.66666666667   64.04783    86.26117    4096               -71.300
       2601 21.67500000000   63.95392    85.74966    4096               -71.302
       2602 21.68333333333   63.85737    85.24291    4096               -71.296
       2603 21.69166666667   63.75824    84.74099    4096               -71.258
       2604 21.70000000000   63.65655    84.24396    4096               -71.237
       2605 21.70833333333   63.55234    83.75188    4096               -71.217
       2606 21.71666666667   63.44564    83.26480    4096               -71.176
       2607 21.72500000000   63.33650    82.78278    4096               -71.147
       2608 21.73333333333   63.22494    82.30585    4096               -71.121
       2609 21.74166666667   63.11100    81.83406    4096               -71.094
       2610 21.75000000000   62.99473    81.36743    4096               -71.074
       2611 21.75833333333   62.87615    80.90601    4096               -71.045
       2612 21.76666666667   62.75530    80.44981    4096               -71.025
       2613 21.77500000000   62.63222    79.99887    4096               -70.995
       2614 21.78333333333   62.50695    79.55320    4096               -70.972
       2615 21.79166666667   62.37951    79.11281    4096               -70.934
       2616 21.80000000000   62.24996    78.67771    4096               -70.884
       2617 21.80833333333   62.11831    78.24792    4096               -70.839
       2618 21.81666666667   61.98462    77.82344    4096               -70.779
       2619 21.82500000000   61.84892    77.40427    4096               -70.750
       2620 21.83333333333   61.71123    76.99040    4096               -70.703
       2621 21.84166666667   61.57160    76.58183    4096               -70.629
       2622 21.85000000000   61.43006    76.17856    4096               -70.573
       2623 21.85833333333   61.28665    75.78057    4096               -70.524
       2624 21.86666666667   61.14140    75.38785    4096               -70.472
       2625 21.87500000000   60.99435    75.00038    4096               -70.384
       2626 21.88333333333   60.84553    74.61815    4096               -70.327
       2627 21.89166666667   60.69497    74.24113    4096               -70.246
       2628 21.90000000000   60.54271    73.86930    4096               -70.188
       2629 21.90833333333   60.38878    73.50264    4096               -70.131
       2630 21.91666666667   60.23321    73.14112    4096               -70.084
       2631 21.92500000000   60.07604    72.78471    4096               -70.036
       2632 21.93333333333   59.91730    72.43338    4096               -69.980
       2633 21.94166666667   59.75701    72.08709    4096               -69.929
       2634 21.95000000000   59.59522    71.74583    4096               -69.862
       2635 21.95833333333   59.43195    71.40954    4096               -69.811
       2636 21.96666666667   59.26723    71.07819    4096               -69.757
       2637 21.97500000000   59.10110    70.75176    4096               -69.701
       2638 21.98333333333   58.93358    70.43019    4096               -69.633
       2639 21.99166666667   58.76470    70.11345    4096               -69.582
       2640 22.00000000000   58.59354    69.79904    4096               -69.507
       2641 22.00833333333   58.42299    69.49429    4096               -69.476
       2642 22.01666666667   58.25021    69.19179    4096               -69.424
       2643 22.02500000000   58.07618    68.89395    4096               -69.368
       2644 22.03333333333   57.90094    68.60073    4096               -69.304
       2645 22.04166666667   57.72451    68.31209    4096               -69.231
       2646 22.05000000000   57.54692    68.02797    4096               -69.156
       2647 22.05833333333   57.36819    67.74834    4096               -69.070
       2648 22.06666666667   57.18834    67.47316    4096               -68.974
       2649 22.07500000000   57.00742    67.20236    4096               -68.886
       2650 22.08333333333   56.82542    66.93591    4096               -68.809
       2651 22.09166666667   56.64240    66.67377    4096               -68.741
       2652 22.10000000000   56.45836    66.41588    4096               -68.644
       2653 22.10833333333   56.27333    66.16220    4096               -68.555
       2654 22.11666666667   56.08733    65.91268    4096               -68.455
       2655 22.12500000000   55.90039    65.66728    4096               -68.327
       2656 22.13333333333   55.71253    65.42595    4096               -68.191
       2657 22.14166666667   55.52377    65.18865    4096               -68.079
       2658 22.15000000000   55.33414    64.95532    4096               -67.946
       2659 22.15833333333   55.14365    64.72592    4096               -67.866
       2660 22.16666666667   54.95233    64.50041    4096               -67.777
       2661 22.17500000000   54.76019    64.27873    4096               -67.687
       2662 22.18333333333   54.56726    64.06085    4096               -67.559
       2663 22.19166666667   54.37355    63.84672    4096               -67.471
       2664 22.20000000000   54.17909    63.63629    4096               -67.347
       2665 22.20833333333   53.98390    63.42951    4096               -67.237
       2666 22.21666666667   53.78799    63.22635    4096               -67.094
       2667 22.22500000000   53.59138    63.02675    4096               -66.946
       2668 22.23333333333   53.39409    62.83068    4096               -66.941
       2669 22.24166666667   53.19614    62.63809    4096               -66.872
       2670 22.25000000000   52.99755    62.44894    4096               -66.763
       2671 22.25833333333   52.79833    62.26317    4096               -66.606
       2672 22.26666666667   52.59850    62.08076    4096               -66.500
       2673 22.27500000000   52.39808    61.90166    4096               -66.365
       2674 22.28333333333   52.19707    61.72582    4096               -66.350
       2675 22.29166666667   51.99551    61.55321    4096               -66.422
       2676 22.30000000000   51.79340    61.38378    4096               -66.488
       2677 22.30833333333   51.59077    61.21750    4096               -66.589
       2678 22.31666666667   51.38761    61.05431    4096               -66.645
       2679 22.32500000000   51.18396    60.89420    4096               -66.700
       2680 22.33333333333   50.97982    60.73710    4096               -66.768
       2681 22.34166666667   50.77521    60.58299    4096               -66.809
       2682 22.35000000000   50.57014    60.43182    4096               -66.726
       2683 22.35833333333   50.36462    60.28357    4096               -66.689
       2684 22.36666666667   50.15868    60.13818    4096               -66.648
       2685 22.37500000000   49.95232    59.99563    4096               -66.631
       2686 22.38333333333   49.74555    59.85587    4096               -66.513
       2687 22.39166666667   49.53840    59.71888    4096               -66.414
       2688 22.40000000000   49.33086    59.58461    4096               -66.271
       2689 22.40833333333   49.12296    59.45303    4096               -66.198
       2690 22.41666666667   48.91470    59.32410    4096               -66.162
       2691 22.42500000000   48.70609    59.19780    4096               -66.066
       2692 22.43333333333   48.49716    59.07408    4096               -65.983
       2693 22.44166666667   48.28791    58.95291    4096               -65.793
       2694 22.45000000000   48.07834    58.83427    4096               -65.619
       2695 22.45833333333   47.86848    58.71811    4096               -65.409
       2696 22.46666666667   47.65833    58.60441    4096               -65.281
       2697 22.47500000000   47.44790    58.49313    4096               -65.179
       2698 22.48333333333   47.23721    58.38424    4096               -65.145
       2699 22.49166666667   47.02626    58.27772    4096               -65.062
       2700 22.50000000000   46.81506    58.17352    4096               -65.069
       2701 22.50833333333   46.60362    58.07163    4096               -64.965
       2702 22.51666666667   46.39196    57.97201    4096               -64.961
       2703 22.52500000000   46.18008    57.87464    4096               -65.155
       2704 22.53333333333   45.96799    57.77947    4096               -65.234
       2705 22.54166666667   45.75570    57.68650    4096               -65.261
       2706 22.55000000000   45.54322    57.59568    4096               -65.297
       2707 22.55833333333   45.33055    57.50699    4096               -65.393
       2708 22.56666666667   45.11771    57.42040    4096               -65.421
       2709 22.57500000000   44.90471    57.33590    4096               -65.473
       2710 22.58333333333   44.69155    57.25344    4096               -65.470
       2711 22.59166666667   44.47823    57.17301    4096               -65.516
       2712 22.60000000000   44.26478    57.09457    4096               -65.556
       2713 22.60833333333   44.05119    57.01812    4096               -65.502
       2714 22.61666666667   43.83748    56.94361    4096               -65.721
       2715 22.62500000000   43.62364    56.87102    4096               -65.938
       2716 22.63333333333   43.40970    56.80034    4096               -66.151
       2717 22.64166666667   43.19565    56.73153    4096               -66.369
       2718 22.65000000000   42.98150    56.66458    4096               -66.476
       2719 22.65833333333   42.76726    56.59946    4096               -66.407
       2720 22.66666666667   42.55294    56.53615    4096               -66.349
       2721 22.67500000000   42.33854    56.47463    4096               -66.630
       2722 22.68333333333   42.12407    56.41487    4096               -66.838
       2723 22.69166666667   41.90953    56.35685    4096               -67.011
       2724 22.70000000000   41.69494    56.30056    4096               -67.187
       2725 22.70833333333   41.48029    56.24596    4096               -66.928
       2726 22.71666666667   41.26560    56.19305    4096               -66.942
       2727 22.72500000000   41.05087    56.14179    4096               -67.103
       2728 22.73333333333   40.83610    56.09218    4096               -67.484
       2729 22.74166666667   40.62130    56.04419    4096               -67.984
       2730 22.75000000000   40.40648    55.99779    4096               -68.374
       2731 22.75833333333   40.19165    55.95298    4096               -68.577
       2732 22.76666666667   39.97680    55.90973    4096               -68.662
       2733 22.77500000000   39.76194    55.86803    4096               -68.621
       2734 22.78333333333   39.54708    55.82785    4096               -68.535
       2735 22.79166666667   39.33223    55.78918    4096               -68.657
       2736 22.80000000000   39.11738    55.75200    4096               -68.990
       2737 22.80833333333   38.90255    55.71629    4096               -68.852
       2738 22.81666666667   38.68773    55.68204    4096               -69.035
       2739 22.82500000000   38.47294    55.64923    4096               -68.861
       2740 22.83333333333   38.25817    55.61784    4096               -68.868
       2741 22.84166666667   38.04343    55.58785    4096               -68.682
       2742 22.85000000000   37.82874    55.55926    4096               -68.807
       2743 22.85833333333   37.61408    55.53203    4096               -68.993
       2744 22.86666666667   37.39946    55.50617    4096               -68.940
       2745 22.87500000000   37.18489    55.48165    4096               -69.222
       2746 22.88333333333   36.97038    55.45846    4096               -68.947
       2747 22.89166666667   36.75592    55.43658    4096               -68.831
       2748 22.90000000000   36.54153    55.41599    4096               -69.192
       2749 22.90833333333   36.32720    55.39669    4096               -69.392
       2750 22.91666666667   36.11293    55.37866    4096               -69.663
       2751 22.92500000000   35.89874    55.36188    4096               -69.567
       2752 22.93333333333   35.68463    55.34634    4096               -69.614
       2753 22.94166666667   35.47059    55.33203    4096               -69.688
       2754 22.95000000000   35.25664    55.31894    4096               -69.630
       2755 22.95833333333   35.04277    55.30704    4096               -69.775
       2756 22.96666666667   34.82899    55.29633    4096               -69.943
       2757 22.97500000000   34.61531    55.28679    4096               -70.016
       2758 22.98333333333   34.40172    55.27842    4096               -69.899
       2759 22.99166666667   34.18823    55.27119    4096               -69.704
       2760 23.00000000000   33.97484    55.26510    4096               -69.464
       2761 23.00833333333   33.76156    55.26014    4096               -69.298
       2762 23.01666666667   33.54839    55.25628    4096               -69.358
       2763 23.02500000000   33.33533    55.25353    4096               -69.342
       2764 23.03333333333   33.12238    55.25187    4096               -69.383
       2765 23.04166666667   32.90955    55.25128    4096               -69.501
       2766 23.05000000000   32.69684    55.25176    4096               -69.476
       2767 23.05833333333   32.48425    55.25329    4096               -69.385
       2768 23.06666666667   32.27178    55.25587    4096               -69.249
       2769 23.07500000000   32.05945    55.25948    4096               -69.114
       2770 23.08333333333   31.84724    55.26412    4096               -69.044
       2771 23.09166666667   31.63517    55.26976    4096               -69.167
       2772 23.10000000000   31.42323    55.27641    4096               -69.428
       2773 23.10833333333   31.21143    55.28404    4096               -69.425
       2774 23.11666666667   30.99977    55.29266    4096               -69.606
       2775 23.12500000000   30.78826    55.30225    4096               -69.562
       2776 23.13333333333   30.57688    55.31280    4096               -69.700
       2777 23.14166666667   30.36566    55.32430    4096               -69.560
       2778 23.15000000000   30.15458    55.33675    4096               -69.842
       2779 23.15833333333   29.94365    55.35013    4096               -69.763
       2780 23.16666666667   29.73288    55.36443    4096               -69.920
       2781 23.17500000000   29.52226    55.37964    4096               -69.695
       2782 23.18333333333   29.31180    55.39576    4096               -69.467
       2783 23.19166666667   29.10149    55.41278    4096               -69.339
       2784 23.20000000000   28.89135    55.43068    4096               -69.101
       2785 23.20833333333   28.68137    55.44946    4096               -69.154
       2786 23.21666666667   28.47156    55.46911    4096               -69.416
       2787 23.22500000000   28.26191    55.48963    4096               -69.846
       2788 23.23333333333   28.05243    55.51100    4096               -70.014
       2789 23.24166666667   27.84311    55.53321    4096               -69.879
       2790 23.25000000000   27.63397    55.55626    4096               -69.770
       2791 23.25833333333   27.42501    55.58014    4096               -69.755
       2792 23.26666666667   27.21621    55.60484    4096               -69.725
       2793 23.27500000000   27.00760    55.63036    4096               -69.904
       2794 23.28333333333   26.79916    55.65668    4096               -69.713
       2795 23.29166666667   26.59090    55.68380    4096               -69.920
       2796 23.30000000000   26.38282    55.71171    4096               -70.012
       2797 23.30833333333   26.17492    55.74041    4096               -69.881
       2798 23.31666666667   25.96721    55.76988    4096               -69.899
       2799 23.32500000000   25.75968    55.80012    4096               -69.991
       2800 23.33333333333   25.55234    55.83113    4096               -70.134
       2801 23.34166666667   25.34518    55.86288    4096               -70.285
       2802 23.35000000000   25.13822    55.89539    4096               -70.220
       2803 23.35833333333   24.93144    55.92864    4096               -69.973
       2804 23.36666666667   24.72485    55.96263    4096               -69.857
       2805 23.37500000000   24.51846    55.99734    4096               -69.813
       2806 23.38333333333   24.31226    56.03277    4096               -69.674
       2807 23.39166666667   24.10625    56.06892    4096               -69.484
       2808 23.40000000000   23.90044    56.10578    4096               -69.210
       2809 23.40833333333   23.69483    56.14334    4096               -68.868
       2810 23.41666666667   23.48941    56.18160    4096               -68.668
       2811 23.42500000000   23.28419    56.22055    4096               -68.803
       2812 23.43333333333   23.07917    56.26018    4096               -69.236
       2813 23.44166666667   22.87435    56.30050    4096               -69.381
       2814 23.45000000000   22.66974    56.34148    4096               -69.598
       2815 23.45833333333   22.46532    56.38313    4096               -69.658
       2816 23.46666666667   22.26111    56.42544    4096               -69.690
       2817 23.47500000000   22.05710    56.46841    4096               -69.446
       2818 23.48333333333   21.85330    56.51203    4096               -69.335
       2819 23.49166666667   21.64971    56.55629    4096               -69.447
       2820 23.50000000000   21.44632    56.60119    4096               -69.462
       2821 23.50833333333   21.24313    56.64672    4096               -69.568
       2822 23.51666666667   21.04016    56.69288    4096               -69.763
       2823 23.52500000000   20.83739    56.73966    4096               -69.779
       2824 23.53333333333   20.63484    56.78707    4096               -69.968
       2825 23.54166666667   20.43249    56.83508    4096               -70.034
       2826 23.55000000000   20.23035    56.88370    4096               -70.118
       2827 23.55833333333   20.02843    56.93292    4096               -70.189
       2828 23.56666666667   19.82672    56.98274    4096               -70.141
       2829 23.57500000000   19.62522    57.03316    4096               -70.186
       2830 23.58333333333   19.42393    57.08416    4096               -70.225
       2831 23.59166666667   19.22286    57.13574    4096               -70.313
       2832 23.60000000000   19.02200    57.18790    4096               -70.463
       2833 23.60833333333   18.82135    57.24063    4096               -70.550
       2834 23.61666666667   18.62092    57.29393    4096               -70.483
       2835 23.62500000000   18.42071    57.34780    4096               -70.540
       2836 23.63333333333   18.22071    57.40223    4096               -70.498
       2837 23.64166666667   18.02093    57.45721    4096               -70.525
       2838 23.65000000000   17.82137    57.51274    4096               -70.429
       2839 23.65833333333   17.62202    57.56882    4096               -70.476
       2840 23.66666666667   17.42289    57.62544    4096               -70.465
       2841 23.67500000000   17.22398    57.68260    4096               -70.386
       2842 23.68333333333   17.02529    57.74029    4096               -70.408
       2843 23.69166666667   16.82682    57.79851    4096               -70.446
       2844 23.70000000000   16.62856    57.85726    4096               -70.449
       2845 23.70833333333   16.43053    57.91653    4096               -70.350
       2846 23.71666666667   16.23271    57.97631    4096               -70.413
       2847 23.72500000000   16.03512    58.03661    4096               -70.537
       2848 23.73333333333   15.83775    58.09742    4096               -70.524
       2849 23.74166666667   15.64059    58.15873    4096               -70.487
       2850 23.75000000000   15.44366    58.22055    4096               -70.690
       2851 23.75833333333   15.24695    58.28286    4096               -70.667
       2852 23.76666666667   15.05046    58.34566    4096               -70.588
       2853 23.77500000000   14.85419    58.40896    4096               -70.615
       2854 23.78333333333   14.65814    58.47274    4096               -70.452
       2855 23.79166666667   14.46231    58.53701    4096               -70.434
       2856 23.80000000000   14.26671    58.60175    4096               -70.221
       2857 23.80833333333   14.07133    58.66697    4096               -70.079
       2858 23.81666666667   13.87617    58.73267    4096               -70.170
       2859 23.82500000000   13.68123    58.79883    4096               -70.149
       2860 23.83333333333   13.48651    58.86545    4096               -70.037
       2861 23.84166666667   13.29202    58.93254    4096               -69.751
       2862 23.85000000000   13.09775    59.00009    4096               -69.750
       2863 23.85833333333   12.90370    59.06809    4096               -69.525
       2864 23.86666666667   12.70988    59.13654    4096               -69.324
       2865 23.87500000000   12.51627    59.20544    4096               -69.034
       2866 23.88333333333   12.32289    59.27479    4096               -68.759
       2867 23.89166666667   12.12974    59.34458    4096               -68.564
       2868 23.90000000000   11.93680    59.41481    4096               -68.344
       2869 23.90833333333   11.74409    59.48547    4096               -68.553
       2870 23.91666666667   11.55160    59.55657    4096               -68.517
       2871 23.92500000000   11.35934    59.62809    4096               -68.588
       2872 23.93333333333   11.16729    59.70004    4096               -68.360
       2873 23.94166666667   10.97547    59.77241    4096               -68.206
       2874 23.95000000000   10.78387    59.84521    4096               -68.179
       2875 23.95833333333   10.59250    59.91842    4096               -67.915
       2876 23.96666666667   10.40134    59.99205    4096               -67.613
       2877 23.97500000000   10.21041    60.06608    4096               -67.133
       2878 23.98333333333   10.01970    60.14053    4096               -66.692
       2879 23.99166666667    9.82922    60.21538    4096               -66.451
