# Created on 2018-12-12 16:17:55 
# Sources: d:\gpsother\tec-suite\in\2015\abcd0770.15d.Z, d:\gpsother\tec-suite\in\2015\brdc0770.15n.Z
# Satellite: G25
# Interval: 30.0
# Sampling interval: 0.0 (not used).
# Site: abcd
# Position (L, B, H): 253.601641965, 52.1962622634, 578.574894483
# Position (X, Y, Z): -1106129.71, -3758704.03, 5016675.77
# datetime format: %Y-%m-%dT%H:%M:%S
# Columns: tsn, hour, el, az, validity, tec.l1l2
# (I11,1X,F14.11,1X,F10.5,1X,F11.5,1X,I7,1X,F21.3)
        671  5.59166666667    5.18799   307.36934       0                 1.689
        672  5.60000000000    5.38237   307.42038       0                 1.587
        673  5.60833333333    5.57691   307.47092       0                 1.920
        674  5.61666666667    5.77163   307.52095       0                 2.817
        675  5.62500000000    5.96652   307.57046       0                 2.901
        676  5.63333333333    6.16158   307.61946       0                 2.810
        677  5.64166666667    6.35680   307.66795       0                 2.080
        678  5.65000000000    6.55219   307.71591       0                 1.469
        679  5.65833333333    6.74775   307.76334       0                 1.576
        680  5.66666666667    6.94347   307.81025       0                 1.477
        681  5.67500000000    7.13937   307.85663       0                 0.480
        682  5.68333333333    7.33542   307.90247       0                -0.147
        683  5.69166666667    7.53164   307.94777       0                -0.570
        684  5.70000000000    7.72803   307.99254       0                -0.839
        685  5.70833333333    7.92458   308.03675       0                -1.743
        686  5.71666666667    8.12129   308.08042       0                -2.678
        687  5.72500000000    8.31816   308.12354       0                -3.379
        688  5.73333333333    8.51519   308.16610       0                -3.871
        689  5.74166666667    8.71239   308.20810       0                -3.662
        690  5.75000000000    8.90974   308.24953       0                -3.593
        691  5.75833333333    9.10726   308.29040       0                -3.571
        692  5.76666666667    9.30493   308.33070       0                -3.830
        693  5.77500000000    9.50276   308.37043       0                -3.746
        694  5.78333333333    9.70075   308.40958       0                -3.878
        695  5.79166666667    9.89889   308.44814       0                -4.275
        696  5.80000000000   10.09718   308.48612       0                -4.713
        697  5.80833333333   10.29564   308.52351       0                -4.712
        698  5.81666666667   10.49424   308.56031       0                -4.812
        699  5.82500000000   10.69300   308.59651       0                -4.692
        700  5.83333333333   10.89190   308.63211       0                -4.567
        701  5.84166666667   11.09096   308.66710       0                -4.544
        702  5.85000000000   11.29017   308.70148       0                -4.543
        703  5.85833333333   11.48953   308.73525       0                -4.849
        704  5.86666666667   11.68903   308.76840       0                -5.369
        705  5.87500000000   11.88868   308.80093       0                -5.727
        706  5.88333333333   12.08848   308.83283       0                -6.183
        707  5.89166666667   12.28842   308.86410       0                -6.332
        708  5.90000000000   12.48850   308.89473       0                -6.417
        709  5.90833333333   12.68873   308.92473       0                -6.583
        710  5.91666666667   12.88910   308.95408       0                -6.578
        711  5.92500000000   13.08960   308.98278       0                -6.450
        712  5.93333333333   13.29025   309.01083       0                -6.298
        713  5.94166666667   13.49103   309.03822       0                -5.941
        714  5.95000000000   13.69195   309.06494       0                -6.152
        715  5.95833333333   13.89301   309.09100       0                -6.445
        716  5.96666666667   14.09420   309.11639       0                -7.144
        717  5.97500000000   14.29552   309.14110       0                -7.606
        718  5.98333333333   14.49697   309.16513       0                -7.582
        719  5.99166666667   14.69855   309.18847       0                -7.611
        720  6.00000000000   14.90039   309.21124       0                -7.516
        721  6.00833333333   15.10210   309.23308       0                -7.648
        722  6.01666666667   15.30406   309.25433       0                -7.800
        723  6.02500000000   15.50615   309.27487       0                -7.853
        724  6.03333333333   15.70836   309.29471       0                -7.782
        725  6.04166666667   15.91069   309.31382       0                -7.852
        726  6.05000000000   16.11314   309.33222       0                -7.823
        727  6.05833333333   16.31571   309.34988       0                -7.994
        728  6.06666666667   16.51839   309.36682       0                -8.048
        729  6.07500000000   16.72119   309.38301       0                -8.097
        730  6.08333333333   16.92411   309.39846       0                -8.110
        731  6.09166666667   17.12713   309.41316       0                -8.110
        732  6.10000000000   17.33026   309.42710       0                -8.152
        733  6.10833333333   17.53351   309.44028       0                -8.148
        734  6.11666666667   17.73685   309.45270       0                -8.194
        735  6.12500000000   17.94031   309.46434       0                -8.236
        736  6.13333333333   18.14386   309.47521       0                -8.372
        737  6.14166666667   18.34752   309.48529       0                -8.475
        738  6.15000000000   18.55127   309.49457       0                -8.583
        739  6.15833333333   18.75513   309.50307       0                -8.676
        740  6.16666666667   18.95907   309.51076       0                -8.753
        741  6.17500000000   19.16311   309.51764       0                -8.789
        742  6.18333333333   19.36724   309.52370       0                -8.787
        743  6.19166666667   19.57146   309.52894       0                -8.795
        744  6.20000000000   19.77577   309.53336       0                -8.829
        745  6.20833333333   19.98016   309.53694       0                -8.767
        746  6.21666666667   20.18463   309.53967       0                -8.829
        747  6.22500000000   20.38918   309.54157       0                -8.802
        748  6.23333333333   20.59381   309.54260       0                -8.713
        749  6.24166666667   20.79852   309.54278       0                -8.739
        750  6.25000000000   21.00330   309.54208       0                -8.910
        751  6.25833333333   21.20815   309.54051       0                -8.978
        752  6.26666666667   21.41306   309.53806       0                -9.032
        753  6.27500000000   21.61805   309.53472       0                -9.074
        754  6.28333333333   21.82310   309.53048       0                -9.068
        755  6.29166666667   22.02820   309.52534       0                -9.176
        756  6.30000000000   22.23337   309.51929       0                -9.191
        757  6.30833333333   22.43859   309.51232       0                -9.274
        758  6.31666666667   22.64387   309.50442       0                -9.316
        759  6.32500000000   22.84919   309.49559       0                -9.390
        760  6.33333333333   23.05456   309.48582       0                -9.411
        761  6.34166666667   23.25998   309.47510       0                -9.279
        762  6.35000000000   23.46544   309.46342       0                -9.422
        763  6.35833333333   23.67094   309.45078       0                -9.296
        764  6.36666666667   23.87647   309.43716       0                -9.274
        765  6.37500000000   24.08203   309.42257       0                -9.282
        766  6.38333333333   24.28763   309.40698       0                -9.350
        767  6.39166666667   24.49325   309.39040       0                -9.411
        768  6.40000000000   24.69890   309.37281       0                -9.469
        769  6.40833333333   24.90456   309.35421       0                -9.608
        770  6.41666666667   25.11025   309.33459       0                -9.657
        771  6.42500000000   25.31594   309.31393       0                -9.698
        772  6.43333333333   25.52165   309.29223       0                -9.839
        773  6.44166666667   25.72737   309.26949       0                -9.893
        774  6.45000000000   25.93308   309.24568       0                -9.670
        775  6.45833333333   26.13880   309.22081       0                -9.623
        776  6.46666666667   26.34452   309.19487       0                -9.768
        777  6.47500000000   26.55022   309.16783       0                -9.846
        778  6.48333333333   26.75592   309.13971       0                -9.927
        779  6.49166666667   26.96160   309.11048       0               -10.051
        780  6.50000000000   27.16726   309.08013       0               -10.232
        781  6.50833333333   27.37290   309.04866       0               -10.310
        782  6.51666666667   27.57851   309.01606       0               -10.267
        783  6.52500000000   27.78410   308.98232       0               -10.241
        784  6.53333333333   27.98964   308.94742       0               -10.329
        785  6.54166666667   28.19515   308.91136       0               -10.491
        786  6.55000000000   28.40062   308.87413       0               -10.580
        787  6.55833333333   28.60604   308.83571       0               -10.430
        788  6.56666666667   28.81141   308.79610       0               -10.412
        789  6.57500000000   29.01672   308.75528       0               -10.406
        790  6.58333333333   29.22197   308.71325       0               -10.476
        791  6.59166666667   29.42716   308.67000       0               -10.547
        792  6.60000000000   29.63228   308.62550       0               -10.472
        793  6.60833333333   29.83732   308.57976       0               -10.522
        794  6.61666666667   30.04228   308.53276       0               -10.520
        795  6.62500000000   30.24716   308.48449       0               -10.586
        796  6.63333333333   30.45195   308.43494       0               -10.660
        797  6.64166666667   30.65665   308.38409       0               -10.816
        798  6.65000000000   30.86125   308.33195       0               -10.829
        799  6.65833333333   31.06575   308.27848       0               -10.798
        800  6.66666666667   31.27013   308.22369       0               -10.789
        801  6.67500000000   31.47440   308.16755       0               -10.749
        802  6.68333333333   31.67855   308.11007       0               -10.951
        803  6.69166666667   31.88258   308.05122       0               -11.024
        804  6.70000000000   32.08648   307.99099       0               -11.042
        805  6.70833333333   32.29023   307.92938       0               -11.275
        806  6.71666666667   32.49385   307.86636       0               -11.333
        807  6.72500000000   32.69732   307.80193       0               -11.375
        808  6.73333333333   32.90063   307.73607       0               -11.240
        809  6.74166666667   33.10379   307.66877       0               -11.222
        810  6.75000000000   33.30678   307.60002       0               -11.105
        811  6.75833333333   33.50959   307.52980       0               -11.101
        812  6.76666666667   33.71223   307.45810       0               -11.051
        813  6.77500000000   33.91468   307.38491       0               -11.064
        814  6.78333333333   34.11695   307.31021       0               -11.086
        815  6.79166666667   34.31901   307.23399       0               -11.113
        816  6.80000000000   34.52087   307.15624       0               -11.107
        817  6.80833333333   34.72252   307.07693       0               -11.167
        818  6.81666666667   34.92395   306.99607       0               -11.203
        819  6.82500000000   35.12515   306.91363       0               -11.190
        820  6.83333333333   35.32613   306.82960       0               -11.203
        821  6.84166666667   35.52686   306.74396       0               -11.206
        822  6.85000000000   35.72735   306.65670       0               -11.212
        823  6.85833333333   35.92758   306.56780       0               -11.257
        824  6.86666666667   36.12755   306.47726       0               -11.264
        825  6.87500000000   36.32726   306.38505       0               -11.320
        826  6.88333333333   36.52668   306.29116       0               -11.411
        827  6.89166666667   36.72582   306.19558       0               -11.418
        828  6.90000000000   36.92467   306.09828       0               -11.475
        829  6.90833333333   37.12322   305.99926       0               -11.586
        830  6.91666666667   37.32146   305.89849       0               -11.613
        831  6.92500000000   37.51939   305.79597       0               -11.654
        832  6.93333333333   37.71698   305.69168       0               -11.658
        833  6.94166666667   37.91425   305.58559       0               -11.663
        834  6.95000000000   38.11117   305.47770       0               -11.759
        835  6.95833333333   38.30774   305.36798       0               -11.763
        836  6.96666666667   38.50395   305.25643       0               -11.843
        837  6.97500000000   38.69979   305.14302       0               -11.874
        838  6.98333333333   38.89525   305.02774       0               -11.879
        839  6.99166666667   39.09032   304.91057       0               -11.840
        840  7.00000000000   39.28500   304.79150       0               -11.878
        841  7.00833333333   39.47927   304.67050       0               -11.795
        842  7.01666666667   39.67312   304.54756       0               -11.767
        843  7.02500000000   39.86655   304.42267       0               -11.747
        844  7.03333333333   40.05954   304.29581       0               -11.785
        845  7.04166666667   40.25209   304.16695       0               -11.755
        846  7.05000000000   40.44418   304.03608       0               -11.778
        847  7.05833333333   40.63580   303.90319       0               -11.788
        848  7.06666666667   40.82694   303.76826       0               -11.843
        849  7.07500000000   41.01760   303.63126       0               -11.841
        850  7.08333333333   41.20775   303.49219       0               -11.832
        851  7.09166666667   41.39740   303.35102       0               -11.815
        852  7.10000000000   41.58653   303.20773       0               -11.789
        853  7.10833333333   41.77512   303.06231       0               -11.780
        854  7.11666666667   41.96317   302.91474       0               -11.818
        855  7.12500000000   42.15066   302.76501       0               -11.718
        856  7.13333333333   42.33759   302.61308       0               -11.697
        857  7.14166666667   42.52394   302.45895       0               -11.636
        858  7.15000000000   42.70969   302.30260       0               -11.600
        859  7.15833333333   42.89485   302.14401       0               -11.612
        860  7.16666666667   43.07939   301.98316       0               -11.499
        861  7.17500000000   43.26330   301.82003       0               -11.546
        862  7.18333333333   43.44656   301.65461       0               -11.590
        863  7.19166666667   43.62918   301.48687       0               -11.573
        864  7.20000000000   43.81113   301.31680       0               -11.587
        865  7.20833333333   43.99240   301.14439       0               -11.587
        866  7.21666666667   44.17298   300.96960       0               -11.593
        867  7.22500000000   44.35285   300.79243       0               -11.593
        868  7.23333333333   44.53200   300.61285       0               -11.599
        869  7.24166666667   44.71041   300.43086       0               -11.592
        870  7.25000000000   44.88808   300.24642       0               -11.640
        871  7.25833333333   45.06499   300.05952       0               -11.635
        872  7.26666666667   45.24111   299.87015       0               -11.617
        873  7.27500000000   45.41645   299.67829       0               -11.631
        874  7.28333333333   45.59099   299.48392       0               -11.598
        875  7.29166666667   45.76470   299.28702       0               -11.596
        876  7.30000000000   45.93757   299.08758       0               -11.578
        877  7.30833333333   46.10960   298.88557       0               -11.584
        878  7.31666666667   46.28076   298.68099       0               -11.548
        879  7.32500000000   46.45104   298.47381       0               -11.544
        880  7.33333333333   46.62042   298.26403       0               -11.532
        881  7.34166666667   46.78889   298.05161       0               -11.531
        882  7.35000000000   46.95643   297.83655       0               -11.511
        883  7.35833333333   47.12303   297.61884       0               -11.511
        884  7.36666666667   47.28866   297.39844       0               -11.516
        885  7.37500000000   47.45332   297.17536       0               -11.524
        886  7.38333333333   47.61698   296.94958       0               -11.531
        887  7.39166666667   47.77963   296.72107       0               -11.563
        888  7.40000000000   47.94125   296.48984       0               -11.549
        889  7.40833333333   48.10183   296.25586       0               -11.541
        890  7.41666666667   48.26134   296.01911       0               -11.547
        891  7.42500000000   48.41978   295.77960       0               -11.486
        892  7.43333333333   48.57711   295.53730       0               -11.439
        893  7.44166666667   48.73333   295.29220       0               -11.348
        894  7.45000000000   48.88842   295.04430       0               -11.248
        895  7.45833333333   49.04236   294.79357       0               -11.173
        896  7.46666666667   49.19512   294.54001       0               -11.078
        897  7.47500000000   49.34670   294.28362       0               -10.879
        898  7.48333333333   49.49708   294.02437       0               -10.859
        899  7.49166666667   49.64622   293.76226       0               -10.869
        900  7.50000000000   49.79413   293.49729       0               -10.876
        901  7.50833333333   49.94077   293.22944       0               -10.962
        902  7.51666666667   50.08613   292.95871       0               -11.095
        903  7.52500000000   50.23019   292.68509       0               -11.158
        904  7.53333333333   50.37293   292.40858       0               -11.253
        905  7.54166666667   50.51433   292.12917       0               -11.256
        906  7.55000000000   50.65437   291.84686       0               -11.264
        907  7.55833333333   50.79304   291.56164       0               -11.241
        908  7.56666666667   50.93030   291.27351       0               -11.281
        909  7.57500000000   51.06616   290.98247       0               -11.051
        910  7.58333333333   51.20057   290.68852       0               -11.073
        911  7.59166666667   51.33353   290.39166       0               -11.146
        912  7.60000000000   51.46501   290.09189       0               -11.294
        913  7.60833333333   51.59499   289.78922       0               -11.392
        914  7.61666666667   51.72346   289.48364       0               -11.641
        915  7.62500000000   51.85039   289.17515       0               -11.688
        916  7.63333333333   51.97577   288.86378       0               -11.715
        917  7.64166666667   52.09957   288.54951       0               -11.741
        918  7.65000000000   52.22177   288.23236       0               -11.672
        919  7.65833333333   52.34236   287.91234       0               -11.777
        920  7.66666666667   52.46131   287.58945       0               -11.787
        921  7.67500000000   52.57860   287.26371       0               -11.617
        922  7.68333333333   52.69422   286.93512       0               -11.453
        923  7.69166666667   52.80813   286.60371       0               -11.189
        924  7.70000000000   52.92034   286.26948       0               -10.943
        925  7.70833333333   53.03080   285.93245       0               -10.889
        926  7.71666666667   53.13951   285.59264       0               -10.634
        927  7.72500000000   53.24644   285.25007       0               -10.508
        928  7.73333333333   53.35158   284.90475       0               -10.126
        929  7.74166666667   53.45490   284.55670       0                -9.808
        930  7.75000000000   53.55638   284.20595       0               -10.211
        931  7.75833333333   53.65601   283.85252       0               -10.354
        932  7.76666666667   53.75377   283.49644       0               -11.074
        933  7.77500000000   53.84963   283.13773       0               -11.338
        934  7.78333333333   53.94358   282.77641       0               -10.736
        935  7.79166666667   54.03560   282.41253       0               -11.022
        936  7.80000000000   54.12567   282.04610       0               -10.920
        937  7.80833333333   54.21377   281.67716       0               -10.840
        938  7.81666666667   54.29988   281.30575       0               -10.422
        939  7.82500000000   54.38399   280.93189       0               -10.431
        940  7.83333333333   54.46608   280.55563       0               -10.642
        941  7.84166666667   54.54613   280.17700       0               -10.983
        942  7.85000000000   54.62412   279.79604       0               -11.118
        943  7.85833333333   54.70004   279.41279       0               -11.036
        944  7.86666666667   54.77387   279.02730       0               -11.075
        945  7.87500000000   54.84559   278.63960       0               -11.282
        946  7.88333333333   54.91518   278.24974       0               -11.280
        947  7.89166666667   54.98264   277.85777       0               -11.453
        948  7.90000000000   55.04795   277.46373       0               -11.535
        949  7.90833333333   55.11108   277.06768       0               -11.795
        950  7.91666666667   55.17203   276.66966       0               -11.949
        951  7.92500000000   55.23078   276.26972       0               -11.776
        952  7.93333333333   55.28732   275.86792       0               -12.055
        953  7.94166666667   55.34163   275.46432       0               -12.096
        954  7.95000000000   55.39370   275.05896       0               -12.169
        955  7.95833333333   55.44353   274.65191       0               -12.189
        956  7.96666666667   55.49108   274.24321       0               -12.261
        957  7.97500000000   55.53637   273.83294       0               -11.979
        958  7.98333333333   55.57936   273.42115       0               -12.010
        959  7.99166666667   55.62006   273.00790       0               -12.152
        960  8.00000000000   55.65867   272.59272       0               -12.026
        961  8.00833333333   55.69451   272.17728       0               -11.975
        962  8.01666666667   55.72826   271.76003       0               -12.024
        963  8.02500000000   55.75966   271.34158       0               -11.940
        964  8.03333333333   55.78872   270.92200       0               -11.987
        965  8.04166666667   55.81543   270.50134       0               -12.088
        966  8.05000000000   55.83978   270.07968       0               -12.124
        967  8.05833333333   55.86176   269.65708       0               -12.147
        968  8.06666666667   55.88137   269.23361       0               -12.025
        969  8.07500000000   55.89860   268.80935       0               -11.776
        970  8.08333333333   55.91345   268.38436       0               -11.875
        971  8.09166666667   55.92591   267.95872       0               -11.454
        972  8.10000000000   55.93598   267.53248       0               -11.744
        973  8.10833333333   55.94365   267.10574       0               -11.806
        974  8.11666666667   55.94893   266.67854       0               -11.712
        975  8.12500000000   55.95180   266.25098       0               -11.779
        976  8.13333333333   55.95228   265.82311       0               -11.655
        977  8.14166666667   55.95035   265.39502       0               -11.648
        978  8.15000000000   55.94602   264.96677       0               -11.581
        979  8.15833333333   55.93929   264.53843       0               -11.708
        980  8.16666666667   55.93016   264.11008       0               -11.829
        981  8.17500000000   55.91862   263.68179       0               -11.657
        982  8.18333333333   55.90469   263.25363       0               -11.498
        983  8.19166666667   55.88837   262.82567       0               -11.601
        984  8.20000000000   55.86965   262.39798       0               -11.556
        985  8.20833333333   55.84854   261.97064       0               -11.603
        986  8.21666666667   55.82505   261.54370       0               -11.591
        987  8.22500000000   55.79918   261.11725       0               -11.756
        988  8.23333333333   55.77094   260.69135       0               -11.644
        989  8.24166666667   55.74032   260.26606       0               -11.270
        990  8.25000000000   55.70735   259.84146       0               -11.546
        991  8.25833333333   55.67203   259.41761       0               -11.642
        992  8.26666666667   55.63435   258.99458       0               -11.718
        993  8.27500000000   55.59434   258.57243       0               -11.934
        994  8.28333333333   55.55200   258.15123       0               -11.737
        995  8.29166666667   55.50734   257.73104       0               -11.757
        996  8.30000000000   55.46037   257.31193       0               -11.957
        997  8.30833333333   55.41110   256.89394       0               -11.878
        998  8.31666666667   55.35954   256.47715       0               -12.174
        999  8.32500000000   55.30571   256.06161       0               -11.989
       1000  8.33333333333   55.24960   255.64739       0               -12.134
       1001  8.34166666667   55.19124   255.23452       0               -11.753
       1002  8.35000000000   55.13064   254.82309       0               -11.804
       1003  8.35833333333   55.06782   254.41312       0               -11.980
       1004  8.36666666667   55.00277   254.00469       0               -11.397
       1005  8.37500000000   54.93553   253.59784       0               -12.119
       1006  8.38333333333   54.86609   253.19262       0               -12.336
       1007  8.39166666667   54.79449   252.78907       0               -12.433
       1008  8.40000000000   54.72072   252.38726       0               -12.197
       1009  8.40833333333   54.64482   251.98722       0               -11.796
       1010  8.41666666667   54.56679   251.58899       0               -11.697
       1011  8.42500000000   54.48664   251.19263       0               -12.309
       1012  8.43333333333   54.40440   250.79817       0               -12.234
       1013  8.44166666667   54.32009   250.40565       0               -11.890
       1014  8.45000000000   54.23371   250.01512       0               -11.874
       1015  8.45833333333   54.14529   249.62660       0               -12.243
       1016  8.46666666667   54.05484   249.24015       0               -12.257
       1017  8.47500000000   53.96238   248.85578       0               -12.041
       1018  8.48333333333   53.86793   248.47353       0               -11.923
       1019  8.49166666667   53.77151   248.09344       0               -12.059
       1020  8.50000000000   53.67313   247.71554       0               -11.926
       1021  8.50833333333   53.57282   247.33985       0               -11.845
       1022  8.51666666667   53.47058   246.96640       0               -11.978
       1023  8.52500000000   53.36645   246.59522       0               -12.354
       1024  8.53333333333   53.26044   246.22634       0               -12.166
       1025  8.54166666667   53.15257   245.85977       0               -12.245
       1026  8.55000000000   53.04286   245.49553       0               -11.938
       1027  8.55833333333   52.93132   245.13366       0               -11.861
       1028  8.56666666667   52.81799   244.77416       0               -11.808
       1029  8.57500000000   52.70287   244.41706       0               -12.005
       1030  8.58333333333   52.58598   244.06237       0               -12.291
       1031  8.59166666667   52.46735   243.71011       0               -12.013
       1032  8.60000000000   52.34700   243.36029       0               -11.613
       1033  8.60833333333   52.22495   243.01293       0               -11.838
       1034  8.61666666667   52.10121   242.66803       0               -12.066
       1035  8.62500000000   51.97580   242.32561       0               -11.844
       1036  8.63333333333   51.84875   241.98567       0               -10.864
       1037  8.64166666667   51.72008   241.64823       0               -10.363
       1038  8.65000000000   51.58981   241.31329       0               -11.291
       1039  8.65833333333   51.45794   240.98085       0               -11.382
       1040  8.66666666667   51.32452   240.65093       0               -11.449
       1041  8.67500000000   51.18955   240.32353       0               -11.482
       1042  8.68333333333   51.05306   239.99864       0               -10.282
       1043  8.69166666667   50.91506   239.67627       0               -10.782
       1044  8.70000000000   50.77558   239.35642       0               -11.597
       1045  8.70833333333   50.63463   239.03910       0               -11.433
       1046  8.71666666667   50.49223   238.72429       0               -11.617
       1047  8.72500000000   50.34842   238.41201       0               -11.563
       1048  8.73333333333   50.20319   238.10224       0               -11.642
       1049  8.74166666667   50.05658   237.79498       0               -11.715
       1050  8.75000000000   49.90860   237.49023       0               -11.893
       1051  8.75833333333   49.75928   237.18798       0               -11.370
       1052  8.76666666667   49.60862   236.88823       0               -11.001
       1053  8.77500000000   49.45666   236.59098       0               -11.433
       1054  8.78333333333   49.30341   236.29620       0               -11.356
       1055  8.79166666667   49.14888   236.00390       0               -11.232
       1056  8.80000000000   48.99311   235.71407       0               -11.896
       1057  8.80833333333   48.83610   235.42670       0               -11.906
       1058  8.81666666667   48.67787   235.14177       0               -11.932
       1059  8.82500000000   48.51845   234.85928       0               -11.361
       1060  8.83333333333   48.35785   234.57922       0               -10.713
       1061  8.84166666667   48.19609   234.30158       0               -11.606
       1062  8.85000000000   48.03318   234.02634       0               -11.862
       1063  8.85833333333   47.86916   233.75349       0               -12.074
       1064  8.86666666667   47.70402   233.48302       0               -11.418
       1065  8.87500000000   47.53780   233.21492       0               -11.769
       1066  8.88333333333   47.37051   232.94917       0               -12.164
       1067  8.89166666667   47.20216   232.68575       0               -12.259
       1068  8.90000000000   47.03278   232.42466       0               -11.630
       1069  8.90833333333   46.86238   232.16588       0               -11.888
       1070  8.91666666667   46.69097   231.90940       0               -12.126
       1071  8.92500000000   46.51858   231.65519       0               -12.266
       1072  8.93333333333   46.34522   231.40324       0               -12.320
       1073  8.94166666667   46.17090   231.15354       0               -11.998
       1074  8.95000000000   45.99565   230.90608       0               -11.963
       1075  8.95833333333   45.81948   230.66082       0               -12.181
       1076  8.96666666667   45.64241   230.41777       0               -12.117
       1077  8.97500000000   45.46444   230.17689       0               -11.772
       1078  8.98333333333   45.28561   229.93818       0               -11.639
       1079  8.99166666667   45.10591   229.70161       0               -11.953
       1080  9.00000000000   44.92538   229.46717       0               -12.130
       1081  9.00833333333   44.74401   229.23485       0               -12.353
       1082  9.01666666667   44.56184   229.00461       0               -12.122
       1083  9.02500000000   44.37886   228.77646       0               -11.491
       1084  9.03333333333   44.19511   228.55036       0               -11.415
       1085  9.04166666667   44.01059   228.32630       0               -11.347
       1086  9.05000000000   43.82531   228.10426       0               -11.926
       1087  9.05833333333   43.63929   227.88422       0               -11.883
       1088  9.06666666667   43.45255   227.66617       0               -11.747
       1089  9.07500000000   43.26510   227.45008       0               -12.206
       1090  9.08333333333   43.07695   227.23594       0               -12.237
       1091  9.09166666667   42.88812   227.02374       0               -11.703
       1092  9.10000000000   42.69861   226.81344       0               -12.097
       1093  9.10833333333   42.50845   226.60503       0               -12.555
       1094  9.11666666667   42.31764   226.39850       0               -12.462
       1095  9.12500000000   42.12620   226.19382       0               -12.502
       1096  9.13333333333   41.93415   225.99098       0               -12.573
       1097  9.14166666667   41.74148   225.78996       0               -12.557
       1098  9.15000000000   41.54823   225.59073       0               -12.615
       1099  9.15833333333   41.35439   225.39329       0               -12.570
       1100  9.16666666667   41.15998   225.19761       0               -12.413
       1101  9.17500000000   40.96502   225.00368       0               -12.296
       1102  9.18333333333   40.76951   224.81147       0               -12.334
       1103  9.19166666667   40.57347   224.62096       0               -12.324
       1104  9.20000000000   40.37691   224.43215       0               -12.305
       1105  9.20833333333   40.17984   224.24500       0               -12.312
       1106  9.21666666667   39.98227   224.05951       0               -12.296
       1107  9.22500000000   39.78421   223.87566       0               -12.237
       1108  9.23333333333   39.58568   223.69342       0               -12.187
       1109  9.24166666667   39.38668   223.51278       0               -12.145
       1110  9.25000000000   39.18722   223.33372       0               -12.160
       1111  9.25833333333   38.98732   223.15622       0               -12.185
       1112  9.26666666667   38.78699   222.98027       0               -12.176
       1113  9.27500000000   38.58623   222.80584       0               -12.128
       1114  9.28333333333   38.38506   222.63293       0               -12.157
       1115  9.29166666667   38.18349   222.46150       0               -12.183
       1116  9.30000000000   37.98153   222.29156       0               -12.296
       1117  9.30833333333   37.77918   222.12307       0               -12.170
       1118  9.31666666667   37.57646   221.95602       0               -12.137
       1119  9.32500000000   37.37337   221.79040       0               -12.207
       1120  9.33333333333   37.16993   221.62618       0               -12.197
       1121  9.34166666667   36.96615   221.46336       0               -12.191
       1122  9.35000000000   36.76203   221.30190       0               -12.179
       1123  9.35833333333   36.55758   221.14181       0               -12.207
       1124  9.36666666667   36.35281   220.98306       0               -12.119
       1125  9.37500000000   36.14774   220.82563       0               -11.975
       1126  9.38333333333   35.94237   220.66950       0               -12.094
       1127  9.39166666667   35.73670   220.51468       0               -12.175
       1128  9.40000000000   35.53075   220.36112       0               -12.240
       1129  9.40833333333   35.32453   220.20883       0               -12.214
       1130  9.41666666667   35.11805   220.05779       0               -12.204
       1131  9.42500000000   34.91130   219.90797       0               -12.184
       1132  9.43333333333   34.70430   219.75936       0               -12.183
       1133  9.44166666667   34.49707   219.61196       0               -12.246
       1134  9.45000000000   34.28960   219.46574       0               -12.254
       1135  9.45833333333   34.08190   219.32068       0               -12.325
       1136  9.46666666667   33.87398   219.17678       0               -12.300
       1137  9.47500000000   33.66586   219.03402       0               -12.254
       1138  9.48333333333   33.45753   218.89238       0               -12.223
       1139  9.49166666667   33.24900   218.75185       0               -12.077
       1140  9.50000000000   33.04029   218.61242       0               -11.982
       1141  9.50833333333   32.83139   218.47407       0               -11.864
       1142  9.51666666667   32.62232   218.33678       0               -11.697
       1143  9.52500000000   32.41309   218.20054       0               -11.686
       1144  9.53333333333   32.20369   218.06535       0               -11.612
       1145  9.54166666667   31.99414   217.93117       0               -11.611
       1146  9.55000000000   31.78444   217.79801       0               -11.555
       1147  9.55833333333   31.57460   217.66585       0               -11.465
       1148  9.56666666667   31.36463   217.53467       0               -11.342
       1149  9.57500000000   31.15453   217.40446       0               -11.375
       1150  9.58333333333   30.94431   217.27520       0               -11.356
       1151  9.59166666667   30.73397   217.14690       0               -11.240
       1152  9.60000000000   30.52353   217.01952       0               -11.150
       1153  9.60833333333   30.31299   216.89306       0               -11.164
       1154  9.61666666667   30.10235   216.76750       0               -11.122
       1155  9.62500000000   29.89162   216.64284       0               -10.942
       1156  9.63333333333   29.68080   216.51906       0               -10.704
       1157  9.64166666667   29.46991   216.39615       0               -10.417
       1158  9.65000000000   29.25894   216.27410       0               -10.202
       1159  9.65833333333   29.04791   216.15288       0               -10.192
       1160  9.66666666667   28.83682   216.03250       0               -10.151
       1161  9.67500000000   28.62567   215.91295       0               -10.124
       1162  9.68333333333   28.41447   215.79419       0                -9.997
       1163  9.69166666667   28.20322   215.67624       0               -10.000
       1164  9.70000000000   27.99194   215.55907       0                -9.802
       1165  9.70833333333   27.78062   215.44267       0                -9.792
       1166  9.71666666667   27.56927   215.32704       0                -9.684
       1167  9.72500000000   27.35790   215.21215       0                -9.744
       1168  9.73333333333   27.14651   215.09801       0                -9.739
       1169  9.74166666667   26.93511   214.98460       0                -9.847
       1170  9.75000000000   26.72369   214.87190       0                -9.868
       1171  9.75833333333   26.51227   214.75991       0                -9.874
       1172  9.76666666667   26.30086   214.64862       0                -9.790
       1173  9.77500000000   26.08945   214.53801       0                -9.726
       1174  9.78333333333   25.87805   214.42808       0                -9.663
       1175  9.79166666667   25.66666   214.31881       0                -9.548
       1176  9.80000000000   25.45529   214.21020       0                -9.459
       1177  9.80833333333   25.24395   214.10223       0                -9.421
       1178  9.81666666667   25.03263   213.99490       0                -9.307
       1179  9.82500000000   24.82135   213.88819       0                -9.247
       1180  9.83333333333   24.61010   213.78210       0                -9.166
       1181  9.84166666667   24.39890   213.67661       0                -9.011
       1182  9.85000000000   24.18774   213.57172       0                -8.934
       1183  9.85833333333   23.97663   213.46741       0                -8.817
       1184  9.86666666667   23.76558   213.36368       0                -8.924
       1185  9.87500000000   23.55458   213.26051       0                -8.884
       1186  9.88333333333   23.34364   213.15790       0                -8.786
       1187  9.89166666667   23.13278   213.05584       0                -8.729
       1188  9.90000000000   22.92198   212.95432       0                -8.757
       1189  9.90833333333   22.71125   212.85333       0                -8.635
       1190  9.91666666667   22.50060   212.75286       0                -8.661
       1191  9.92500000000   22.29003   212.65290       0                -8.548
       1192  9.93333333333   22.07955   212.55344       0                -8.455
       1193  9.94166666667   21.86916   212.45448       0                -8.397
       1194  9.95000000000   21.65886   212.35600       0                -8.410
       1195  9.95833333333   21.44865   212.25800       0                -8.451
       1196  9.96666666667   21.23855   212.16047       0                -8.380
       1197  9.97500000000   21.02855   212.06340       0                -8.379
       1198  9.98333333333   20.81865   211.96678       0                -8.310
       1199  9.99166666667   20.60887   211.87061       0                -8.356
       1200 10.00000000000   20.39893   211.77467       0                -8.336
       1201 10.00833333333   20.18964   211.67955       0                -8.275
       1202 10.01666666667   19.98021   211.58466       0                -8.193
       1203 10.02500000000   19.77090   211.49018       0                -8.205
       1204 10.03333333333   19.56171   211.39610       0                -8.251
       1205 10.04166666667   19.35266   211.30242       0                -8.203
       1206 10.05000000000   19.14374   211.20912       0                -8.207
       1207 10.05833333333   18.93495   211.11621       0                -8.175
       1208 10.06666666667   18.72630   211.02366       0                -8.129
       1209 10.07500000000   18.51780   210.93149       0                -8.126
       1210 10.08333333333   18.30944   210.83967       0                -8.103
       1211 10.09166666667   18.10123   210.74820       0                -8.047
       1212 10.10000000000   17.89318   210.65707       0                -8.028
       1213 10.10833333333   17.68527   210.56628       0                -8.004
       1214 10.11666666667   17.47753   210.47582       0                -7.921
       1215 10.12500000000   17.26994   210.38568       0                -7.939
       1216 10.13333333333   17.06252   210.29585       0                -7.939
       1217 10.14166666667   16.85526   210.20633       0                -7.860
       1218 10.15000000000   16.64817   210.11711       0                -7.782
       1219 10.15833333333   16.44125   210.02819       0                -7.595
       1220 10.16666666667   16.23451   209.93955       0                -7.641
       1221 10.17500000000   16.02794   209.85119       0                -7.591
       1222 10.18333333333   15.82155   209.76310       0                -7.500
       1223 10.19166666667   15.61535   209.67529       0                -7.392
       1224 10.20000000000   15.40933   209.58773       0                -7.276
       1225 10.20833333333   15.20349   209.50042       0                -7.311
       1226 10.21666666667   14.99785   209.41336       0                -7.226
       1227 10.22500000000   14.79240   209.32654       0                -7.162
       1228 10.23333333333   14.58714   209.23995       0                -7.136
       1229 10.24166666667   14.38208   209.15360       0                -7.134
       1230 10.25000000000   14.17722   209.06746       0                -7.099
       1231 10.25833333333   13.97256   208.98154       0                -7.013
       1232 10.26666666667   13.76811   208.89583       0                -6.885
       1233 10.27500000000   13.56386   208.81032       0                -6.787
       1234 10.28333333333   13.35983   208.72501       0                -6.669
       1235 10.29166666667   13.15600   208.63988       0                -6.525
       1236 10.30000000000   12.95239   208.55495       0                -6.427
       1237 10.30833333333   12.74900   208.47019       0                -6.329
       1238 10.31666666667   12.54582   208.38560       0                -6.214
       1239 10.32500000000   12.34286   208.30118       0                -6.165
       1240 10.33333333333   12.14013   208.21693       0                -6.092
       1241 10.34166666667   11.93762   208.13283       0                -6.004
       1242 10.35000000000   11.73535   208.04888       0                -5.909
       1243 10.35833333333   11.53330   207.96507       0                -5.851
       1244 10.36666666667   11.33148   207.88140       0                -5.713
       1245 10.37500000000   11.12989   207.79786       0                -5.636
       1246 10.38333333333   10.92855   207.71446       0                -5.537
       1247 10.39166666667   10.72744   207.63117       0                -5.422
       1248 10.40000000000   10.52657   207.54800       0                -5.286
       1249 10.40833333333   10.32594   207.46494       0                -5.184
       1250 10.41666666667   10.12556   207.38199       0                -5.082
       1251 10.42500000000    9.92542   207.29914       0                -4.904
       1252 10.43333333333    9.72553   207.21638       0                -4.785
       1253 10.44166666667    9.52590   207.13371       0                -4.644
       1254 10.45000000000    9.32651   207.05113       0                -4.375
       1255 10.45833333333    9.12738   206.96863       0                -4.182
       1256 10.46666666667    8.92851   206.88620       0                -3.855
       1257 10.47500000000    8.72989   206.80384       0                -3.681
       1258 10.48333333333    8.53154   206.72154       0                -3.529
       1259 10.49166666667    8.33344   206.63930       0                -3.440
       1260 10.50000000000    8.13562   206.55712       0                -3.316
       1261 10.50833333333    7.93805   206.47499       0                -3.349
       1262 10.51666666667    7.74076   206.39290       0                -3.361
       1263 10.52500000000    7.54374   206.31085       0                -3.304
       1264 10.53333333333    7.34698   206.22883       0                -3.256
       1265 10.54166666667    7.15050   206.14685       0                -3.097
       1266 10.55000000000    6.95430   206.06489       0                -2.928
       1267 10.55833333333    6.75837   205.98295       0                -2.718
       1268 10.56666666667    6.56273   205.90102       0                -2.521
       1269 10.57500000000    6.36736   205.81910       0                -2.204
       1270 10.58333333333    6.17228   205.73720       0                -1.935
       1271 10.59166666667    5.97748   205.65529       0                -1.729
       1272 10.60000000000    5.78296   205.57338       0                -1.571
       1273 10.60833333333    5.58874   205.49146       0                -1.429
       1274 10.61666666667    5.39480   205.40952       0                -1.404
       1275 10.62500000000    5.20116   205.32757       0                -1.269
       1276 10.63333333333    5.00781   205.24560       0                -1.195
       1940 16.16666666667    5.17397   108.61401       0                -7.018
       1941 16.17500000000    5.33862   108.47091       0                -7.487
       1942 16.18333333333    5.50320   108.32748       0                -7.973
       1943 16.19166666667    5.66773   108.18371       0                -8.243
       1944 16.20000000000    5.83218   108.03962       0                -8.437
       1945 16.20833333333    5.99657   107.89518       0                -8.537
       1946 16.21666666667    6.16088   107.75039       0                -8.759
       1947 16.22500000000    6.32511   107.60526       0                -8.973
       1948 16.23333333333    6.48926   107.45977       0                -9.163
       1949 16.24166666667    6.65332   107.31392       0                -9.531
       1950 16.25000000000    6.81728   107.16770       0                -9.693
       1951 16.25833333333    6.98114   107.02112       0                -9.779
       1952 16.26666666667    7.14490   106.87416       0                -9.888
       1953 16.27500000000    7.30855   106.72682       0               -10.096
       1954 16.28333333333    7.47208   106.57909       0               -10.216
       1955 16.29166666667    7.63550   106.43098       0               -10.064
       1956 16.30000000000    7.79879   106.28247       0                -9.934
       1957 16.30833333333    7.96195   106.13356       0                -9.800
       1958 16.31666666667    8.12498   105.98424       0               -10.078
       1959 16.32500000000    8.28787   105.83452       0               -10.424
       1960 16.33333333333    8.45061   105.68438       0               -10.430
       1961 16.34166666667    8.61320   105.53383       0               -10.113
       1962 16.35000000000    8.77564   105.38285       0               -10.086
       1963 16.35833333333    8.93792   105.23144       0               -10.142
       1964 16.36666666667    9.10003   105.07959       0               -10.284
       1965 16.37500000000    9.26197   104.92731       0               -10.455
       1966 16.38333333333    9.42373   104.77459       0               -10.679
       1967 16.39166666667    9.58532   104.62141       0               -10.773
       1968 16.40000000000    9.74671   104.46778       0               -10.779
       1969 16.40833333333    9.90791   104.31370       0               -11.071
       1970 16.41666666667   10.06892   104.15915       0               -11.403
       1971 16.42500000000   10.22972   104.00413       0               -11.825
       1972 16.43333333333   10.39030   103.84864       0               -11.909
       1973 16.44166666667   10.55068   103.69268       0               -12.011
       1974 16.45000000000   10.71083   103.53623       0               -11.962
       1975 16.45833333333   10.87076   103.37929       0               -11.983
       1976 16.46666666667   11.03045   103.22187       0               -12.246
       1977 16.47500000000   11.18991   103.06394       0               -12.556
       1978 16.48333333333   11.34912   102.90552       0               -12.786
       1979 16.49166666667   11.50809   102.74659       0               -13.038
       1980 16.50000000000   11.66679   102.58715       0               -13.102
       1981 16.50833333333   11.82524   102.42719       0               -13.180
       1982 16.51666666667   11.98342   102.26671       0               -13.311
       1983 16.52500000000   12.14132   102.10571       0               -13.577
       1984 16.53333333333   12.29895   101.94418       0               -13.861
       1985 16.54166666667   12.45629   101.78212       0               -14.115
       1986 16.55000000000   12.61333   101.61951       0               -14.263
       1987 16.55833333333   12.77008   101.45637       0               -14.520
       1988 16.56666666667   12.92653   101.29267       0               -14.738
       1989 16.57500000000   13.08266   101.12843       0               -14.881
       1990 16.58333333333   13.23848   100.96362       0               -15.099
       1991 16.59166666667   13.39397   100.79826       0               -15.341
       1992 16.60000000000   13.54914   100.63233       0               -15.630
       1993 16.60833333333   13.70397   100.46583       0               -15.729
       1994 16.61666666667   13.85846   100.29876       0               -15.822
       1995 16.62500000000   14.01259   100.13110       0               -16.037
       1996 16.63333333333   14.16638    99.96287       0               -16.251
       1997 16.64166666667   14.31980    99.79405       0               -16.406
       1998 16.65000000000   14.47285    99.62463       0               -16.583
       1999 16.65833333333   14.62553    99.45462       0               -16.815
       2000 16.66666666667   14.77783    99.28401       0               -17.138
       2001 16.67500000000   14.92974    99.11280       0               -17.361
       2002 16.68333333333   15.08125    98.94098       0               -17.463
       2003 16.69166666667   15.23236    98.76855       0               -17.699
       2004 16.70000000000   15.38306    98.59550       0               -17.988
       2005 16.70833333333   15.53335    98.42183       0               -18.194
       2006 16.71666666667   15.68322    98.24753       0               -18.377
       2007 16.72500000000   15.83265    98.07261       0               -18.569
       2008 16.73333333333   15.98165    97.89706       0               -18.700
       2009 16.74166666667   16.13021    97.72087       0               -18.862
       2010 16.75000000000   16.27831    97.54404       0               -19.145
       2011 16.75833333333   16.42596    97.36657       0               -19.387
       2012 16.76666666667   16.57314    97.18845       0               -19.566
       2013 16.77500000000   16.71985    97.00968       0               -19.738
       2014 16.78333333333   16.86609    96.83026       0               -19.915
       2015 16.79166666667   17.01183    96.65018       0               -20.120
       2016 16.80000000000   17.15709    96.46944       0               -20.206
       2017 16.80833333333   17.30184    96.28804       0               -20.364
       2018 16.81666666667   17.44608    96.10597       0               -20.493
       2019 16.82500000000   17.58981    95.92323       0               -20.678
       2020 16.83333333333   17.73302    95.73981       0               -20.758
       2021 16.84166666667   17.87569    95.55572       0               -20.906
       2022 16.85000000000   18.01783    95.37095       0               -20.983
       2023 16.85833333333   18.15943    95.18550       0               -21.107
       2024 16.86666666667   18.30047    94.99936       0               -21.253
       2025 16.87500000000   18.44095    94.81253       0               -21.389
       2026 16.88333333333   18.58086    94.62502       0               -21.510
       2027 16.89166666667   18.72020    94.43681       0               -21.599
       2028 16.90000000000   18.85895    94.24790       0               -21.728
       2029 16.90833333333   18.99711    94.05829       0               -21.934
       2030 16.91666666667   19.13468    93.86799       0               -22.033
       2031 16.92500000000   19.27164    93.67698       0               -22.189
       2032 16.93333333333   19.40798    93.48526       0               -22.298
       2033 16.94166666667   19.54370    93.29284       0               -22.434
       2034 16.95000000000   19.67880    93.09971       0               -22.450
       2035 16.95833333333   19.81325    92.90587       0               -22.553
       2036 16.96666666667   19.94706    92.71131       0               -22.715
       2037 16.97500000000   20.08022    92.51604       0               -22.861
       2038 16.98333333333   20.21271    92.32005       0               -22.950
       2039 16.99166666667   20.34454    92.12334       0               -23.060
       2040 17.00000000000   20.47569    91.92591       0               -23.168
       2041 17.00833333333   20.60615    91.72777       0               -23.237
       2042 17.01666666667   20.73592    91.52889       0               -23.318
       2043 17.02500000000   20.86499    91.32930       0               -23.381
       2044 17.03333333333   20.99335    91.12898       0               -23.442
       2045 17.04166666667   21.12100    90.92794       0               -23.598
       2046 17.05000000000   21.24791    90.72617       0               -23.682
       2047 17.05833333333   21.37410    90.52367       0               -23.730
       2048 17.06666666667   21.49954    90.32044       0               -23.823
       2049 17.07500000000   21.62423    90.11649       0               -23.963
       2050 17.08333333333   21.74817    89.91181       0               -24.015
       2051 17.09166666667   21.87134    89.70639       0               -24.113
       2052 17.10000000000   21.99373    89.50025       0               -24.187
       2053 17.10833333333   22.11534    89.29339       0               -24.272
       2054 17.11666666667   22.23616    89.08579       0               -24.337
       2055 17.12500000000   22.35619    88.87746       0               -24.379
       2056 17.13333333333   22.47540    88.66841       0               -24.424
       2057 17.14166666667   22.59380    88.45863       0               -24.426
       2058 17.15000000000   22.71138    88.24812       0               -24.498
       2059 17.15833333333   22.82812    88.03689       0               -24.550
       2060 17.16666666667   22.94403    87.82493       0               -24.590
       2061 17.17500000000   23.05908    87.61225       0               -24.611
       2062 17.18333333333   23.17328    87.39885       0               -24.648
       2063 17.19166666667   23.28662    87.18472       0               -24.671
       2064 17.20000000000   23.39908    86.96988       0               -24.761
       2065 17.20833333333   23.51066    86.75432       0               -24.816
       2066 17.21666666667   23.62135    86.53804       0               -24.867
       2067 17.22500000000   23.73114    86.32105       0               -24.865
       2068 17.23333333333   23.84003    86.10334       0               -24.950
       2069 17.24166666667   23.94801    85.88493       0               -24.999
       2070 17.25000000000   24.05506    85.66581       0               -25.035
       2071 17.25833333333   24.16118    85.44599       0               -25.074
       2072 17.26666666667   24.26636    85.22546       0               -25.105
       2073 17.27500000000   24.37060    85.00423       0               -25.183
       2074 17.28333333333   24.47388    84.78231       0               -25.207
       2075 17.29166666667   24.57620    84.55970       0               -25.259
       2076 17.30000000000   24.67755    84.33640       0               -25.295
       2077 17.30833333333   24.77792    84.11242       0               -25.371
       2078 17.31666666667   24.87730    83.88775       0               -25.411
       2079 17.32500000000   24.97569    83.66240       0               -25.492
       2080 17.33333333333   25.07308    83.43638       0               -25.578
       2081 17.34166666667   25.16945    83.20970       0               -25.673
       2082 17.35000000000   25.26480    82.98235       0               -25.747
       2083 17.35833333333   25.35913    82.75433       0               -25.837
       2084 17.36666666667   25.45243    82.52567       0               -25.958
       2085 17.37500000000   25.54468    82.29635       0               -26.039
       2086 17.38333333333   25.63588    82.06639       0               -26.089
       2087 17.39166666667   25.72602    81.83579       0               -26.197
       2088 17.40000000000   25.81510    81.60455       0               -26.281
       2089 17.40833333333   25.90310    81.37269       0               -26.386
       2090 17.41666666667   25.99003    81.14020       0               -26.458
       2091 17.42500000000   26.07586    80.90710       0               -26.497
       2092 17.43333333333   26.16060    80.67338       0               -26.586
       2093 17.44166666667   26.24424    80.43906       0               -26.622
       2094 17.45000000000   26.32676    80.20415       0               -26.630
       2095 17.45833333333   26.40817    79.96864       0               -26.660
       2096 17.46666666667   26.48845    79.73256       0               -26.719
       2097 17.47500000000   26.56760    79.49589       0               -26.748
       2098 17.48333333333   26.64561    79.25866       0               -26.779
       2099 17.49166666667   26.72247    79.02086       0               -26.843
       2100 17.50000000000   26.79818    78.78251       0               -26.855
       2101 17.50833333333   26.87273    78.54362       0               -26.830
       2102 17.51666666667   26.94611    78.30418       0               -26.816
       2103 17.52500000000   27.01831    78.06422       0               -26.862
       2104 17.53333333333   27.08934    77.82374       0               -26.856
       2105 17.54166666667   27.15917    77.58274       0               -26.826
       2106 17.55000000000   27.22781    77.34124       0               -26.808
       2107 17.55833333333   27.29525    77.09924       0               -26.812
       2108 17.56666666667   27.36148    76.85676       0               -26.755
       2109 17.57500000000   27.42650    76.61380       0               -26.735
       2110 17.58333333333   27.49029    76.37037       0               -26.748
       2111 17.59166666667   27.55286    76.12649       0               -26.723
       2112 17.60000000000   27.61420    75.88216       0               -26.718
       2113 17.60833333333   27.67430    75.63739       0               -26.680
       2114 17.61666666667   27.73315    75.39219       0               -26.678
       2115 17.62500000000   27.79075    75.14657       0               -26.669
       2116 17.63333333333   27.84710    74.90055       0               -26.643
       2117 17.64166666667   27.90218    74.65413       0               -26.602
       2118 17.65000000000   27.95600    74.40733       0               -26.588
       2119 17.65833333333   28.00854    74.16015       0               -26.539
       2120 17.66666666667   28.05980    73.91261       0               -26.499
       2121 17.67500000000   28.10978    73.66471       0               -26.473
       2122 17.68333333333   28.15847    73.41648       0               -26.455
       2123 17.69166666667   28.20587    73.16792       0               -26.432
       2124 17.70000000000   28.25197    72.91903       0               -26.445
       2125 17.70833333333   28.29676    72.66985       0               -26.483
       2126 17.71666666667   28.34025    72.42036       0               -26.458
       2127 17.72500000000   28.38242    72.17060       0               -26.448
       2128 17.73333333333   28.42327    71.92057       0               -26.497
       2129 17.74166666667   28.46280    71.67028       0               -26.534
       2130 17.75000000000   28.50101    71.41974       0               -26.558
       2131 17.75833333333   28.53789    71.16898       0               -26.549
       2132 17.76666666667   28.57343    70.91799       0               -26.534
       2133 17.77500000000   28.60763    70.66680       0               -26.549
       2134 17.78333333333   28.64049    70.41541       0               -26.610
       2135 17.79166666667   28.67200    70.16385       0               -26.650
       2136 17.80000000000   28.70217    69.91212       0               -26.637
       2137 17.80833333333   28.73098    69.66023       0               -26.689
       2138 17.81666666667   28.75844    69.40821       0               -26.712
       2139 17.82500000000   28.78453    69.15606       0               -26.727
       2140 17.83333333333   28.80927    68.90379       0               -26.737
       2141 17.84166666667   28.83264    68.65143       0               -26.799
       2142 17.85000000000   28.85464    68.39898       0               -26.825
       2143 17.85833333333   28.87527    68.14646       0               -26.841
       2144 17.86666666667   28.89453    67.89388       0               -26.848
       2145 17.87500000000   28.91241    67.64126       0               -26.832
       2146 17.88333333333   28.92891    67.38860       0               -26.856
       2147 17.89166666667   28.94404    67.13594       0               -26.886
       2148 17.90000000000   28.95778    66.88327       0               -26.875
       2149 17.90833333333   28.97014    66.63062       0               -26.893
       2150 17.91666666667   28.98112    66.37799       0               -26.922
       2151 17.92500000000   28.99070    66.12541       0               -26.935
       2152 17.93333333333   28.99890    65.87288       0               -26.912
       2153 17.94166666667   29.00571    65.62042       0               -26.894
       2154 17.95000000000   29.01113    65.36805       0               -26.887
       2155 17.95833333333   29.01516    65.11578       0               -26.871
       2156 17.96666666667   29.01780    64.86362       0               -26.869
       2157 17.97500000000   29.01904    64.61159       0               -26.845
       2158 17.98333333333   29.01889    64.35971       0               -26.841
       2159 17.99166666667   29.01735    64.10798       0               -26.813
       2160 18.00000000000   29.01472    63.85698       0               -26.763
       2161 18.00833333333   29.01008    63.60507       0               -26.748
       2162 18.01666666667   29.00435    63.35390       0               -26.707
       2163 18.02500000000   28.99723    63.10296       0               -26.658
       2164 18.03333333333   28.98871    62.85224       0               -26.650
       2165 18.04166666667   28.97880    62.60177       0               -26.597
       2166 18.05000000000   28.96750    62.35157       0               -26.562
       2167 18.05833333333   28.95481    62.10163       0               -26.540
       2168 18.06666666667   28.94072    61.85199       0               -26.511
       2169 18.07500000000   28.92525    61.60265       0               -26.501
       2170 18.08333333333   28.90838    61.35363       0               -26.477
       2171 18.09166666667   28.89013    61.10494       0               -26.435
       2172 18.10000000000   28.87049    60.85660       0               -26.401
       2173 18.10833333333   28.84946    60.60862       0               -26.391
       2174 18.11666666667   28.82706    60.36102       0               -26.374
       2175 18.12500000000   28.80327    60.11381       0               -26.353
       2176 18.13333333333   28.77810    59.86700       0               -26.296
       2177 18.14166666667   28.75155    59.62061       0               -26.269
       2178 18.15000000000   28.72363    59.37465       0               -26.254
       2179 18.15833333333   28.69434    59.12914       0               -26.200
       2180 18.16666666667   28.66367    58.88408       0               -26.129
       2181 18.17500000000   28.63164    58.63950       0               -26.086
       2182 18.18333333333   28.59824    58.39541       0               -26.023
       2183 18.19166666667   28.56348    58.15182       0               -25.976
       2184 18.20000000000   28.52736    57.90874       0               -25.959
       2185 18.20833333333   28.48989    57.66619       0               -25.921
       2186 18.21666666667   28.45106    57.42418       0               -25.899
       2187 18.22500000000   28.41089    57.18272       0               -25.850
       2188 18.23333333333   28.36936    56.94183       0               -25.787
       2189 18.24166666667   28.32650    56.70152       0               -25.741
       2190 18.25000000000   28.28229    56.46181       0               -25.697
       2191 18.25833333333   28.23675    56.22269       0               -25.665
       2192 18.26666666667   28.18988    55.98420       0               -25.655
       2193 18.27500000000   28.14169    55.74633       0               -25.639
       2194 18.28333333333   28.09217    55.50911       0               -25.619
       2195 18.29166666667   28.04133    55.27254       0               -25.603
       2196 18.30000000000   27.98918    55.03664       0               -25.574
       2197 18.30833333333   27.93572    54.80141       0               -25.556
       2198 18.31666666667   27.88096    54.56688       0               -25.485
       2199 18.32500000000   27.82489    54.33304       0               -25.456
       2200 18.33333333333   27.76753    54.09992       0               -25.406
       2201 18.34166666667   27.70889    53.86753       0               -25.389
       2202 18.35000000000   27.64895    53.63587       0               -25.366
       2203 18.35833333333   27.58774    53.40495       0               -25.327
       2204 18.36666666667   27.52525    53.17479       0               -25.279
       2205 18.37500000000   27.46149    52.94540       0               -25.267
       2206 18.38333333333   27.39647    52.71679       0               -25.251
       2207 18.39166666667   27.33019    52.48897       0               -25.237
       2208 18.40000000000   27.26266    52.26194       0               -25.236
       2209 18.40833333333   27.19388    52.03572       0               -25.182
       2210 18.41666666667   27.12386    51.81033       0               -25.137
       2211 18.42500000000   27.05260    51.58576       0               -25.126
       2212 18.43333333333   26.98011    51.36202       0               -25.093
       2213 18.44166666667   26.90640    51.13914       0               -25.063
       2214 18.45000000000   26.83148    50.91711       0               -25.021
       2215 18.45833333333   26.75534    50.69595       0               -24.987
       2216 18.46666666667   26.67800    50.47566       0               -24.943
       2217 18.47500000000   26.59946    50.25625       0               -24.886
       2218 18.48333333333   26.51973    50.03773       0               -24.859
       2219 18.49166666667   26.43881    49.82012       0               -24.806
       2220 18.50000000000   26.35671    49.60341       0               -24.742
       2221 18.50833333333   26.27344    49.38761       0               -24.678
       2222 18.51666666667   26.18901    49.17274       0               -24.612
       2223 18.52500000000   26.10341    48.95880       0               -24.548
       2224 18.53333333333   26.01667    48.74580       0               -24.456
       2225 18.54166666667   25.92878    48.53374       0               -24.372
       2226 18.55000000000   25.83975    48.32264       0               -24.281
       2227 18.55833333333   25.74959    48.11249       0               -24.209
       2228 18.56666666667   25.65830    47.90332       0               -24.112
       2229 18.57500000000   25.56590    47.69511       0               -24.017
       2230 18.58333333333   25.47238    47.48788       0               -23.875
       2231 18.59166666667   25.37777    47.28164       0               -23.786
       2232 18.60000000000   25.28206    47.07639       0               -23.668
       2233 18.60833333333   25.18525    46.87214       0               -23.591
       2234 18.61666666667   25.08737    46.66889       0               -23.490
       2235 18.62500000000   24.98841    46.46665       0               -23.398
       2236 18.63333333333   24.88839    46.26542       0               -23.340
       2237 18.64166666667   24.78731    46.06521       0               -23.231
       2238 18.65000000000   24.68517    45.86603       0               -23.159
       2239 18.65833333333   24.58199    45.66787       0               -23.080
       2240 18.66666666667   24.47778    45.47075       0               -23.000
       2241 18.67500000000   24.37253    45.27466       0               -22.916
       2242 18.68333333333   24.26626    45.07962       0               -22.872
       2243 18.69166666667   24.15898    44.88562       0               -22.774
       2244 18.70000000000   24.05069    44.69267       0               -22.664
       2245 18.70833333333   23.94141    44.50078       0               -22.596
       2246 18.71666666667   23.83113    44.30994       0               -22.482
       2247 18.72500000000   23.71986    44.12017       0               -22.368
       2248 18.73333333333   23.60762    43.93146       0               -22.255
       2249 18.74166666667   23.49441    43.74382       0               -22.144
       2250 18.75000000000   23.38024    43.55725       0               -22.031
       2251 18.75833333333   23.26512    43.37175       0               -21.899
       2252 18.76666666667   23.14905    43.18733       0               -21.770
       2253 18.77500000000   23.03205    43.00399       0               -21.697
       2254 18.78333333333   22.91411    42.82173       0               -21.592
       2255 18.79166666667   22.79525    42.64056       0               -21.468
       2256 18.80000000000   22.67548    42.46047       0               -21.316
       2257 18.80833333333   22.55480    42.28147       0               -21.234
       2258 18.81666666667   22.43322    42.10355       0               -21.138
       2259 18.82500000000   22.31074    41.92673       0               -21.060
       2260 18.83333333333   22.18739    41.75101       0               -20.924
       2261 18.84166666667   22.06316    41.57638       0               -20.834
       2262 18.85000000000   21.93806    41.40284       0               -20.723
       2263 18.85833333333   21.81210    41.23040       0               -20.600
       2264 18.86666666667   21.68529    41.05906       0               -20.502
       2265 18.87500000000   21.55763    40.88882       0               -20.426
       2266 18.88333333333   21.42913    40.71968       0               -20.337
       2267 18.89166666667   21.29981    40.55164       0               -20.261
       2268 18.90000000000   21.16966    40.38470       0               -20.185
       2269 18.90833333333   21.03870    40.21887       0               -20.091
       2270 18.91666666667   20.90693    40.05413       0               -19.960
       2271 18.92500000000   20.77436    39.89050       0               -19.852
       2272 18.93333333333   20.64100    39.72797       0               -19.730
       2273 18.94166666667   20.50686    39.56654       0               -19.601
       2274 18.95000000000   20.37194    39.40622       0               -19.461
       2275 18.95833333333   20.23625    39.24699       0               -19.333
       2276 18.96666666667   20.09980    39.08887       0               -19.171
       2277 18.97500000000   19.96259    38.93185       0               -19.020
       2278 18.98333333333   19.82464    38.77593       0               -18.940
       2279 18.99166666667   19.68595    38.62111       0               -18.830
       2280 19.00000000000   19.54653    38.46739       0               -18.661
       2281 19.00833333333   19.40639    38.31476       0               -18.526
       2282 19.01666666667   19.26552    38.16324       0               -18.331
       2283 19.02500000000   19.12395    38.01281       0               -18.165
       2284 19.03333333333   18.98168    37.86348       0               -18.004
       2285 19.04166666667   18.83871    37.71524       0               -17.859
       2286 19.05000000000   18.69506    37.56809       0               -17.699
       2287 19.05833333333   18.55072    37.42203       0               -17.613
       2288 19.06666666667   18.40571    37.27707       0               -17.473
       2289 19.07500000000   18.26004    37.13319       0               -17.335
       2290 19.08333333333   18.11371    36.99040       0               -17.270
       2291 19.09166666667   17.96673    36.84869       0               -17.182
       2292 19.10000000000   17.81910    36.70807       0               -17.055
       2293 19.10833333333   17.67084    36.56853       0               -16.927
       2294 19.11666666667   17.52194    36.43006       0               -16.789
       2295 19.12500000000   17.37242    36.29268       0               -16.690
       2296 19.13333333333   17.22229    36.15637       0               -16.498
       2297 19.14166666667   17.07155    36.02113       0               -16.360
       2298 19.15000000000   16.92020    35.88696       0               -16.254
       2299 19.15833333333   16.76826    35.75386       0               -16.157
       2300 19.16666666667   16.61573    35.62183       0               -16.011
       2301 19.17500000000   16.46262    35.49086       0               -15.846
       2302 19.18333333333   16.30893    35.36095       0               -15.690
       2303 19.19166666667   16.15468    35.23210       0               -15.478
       2304 19.20000000000   15.99986    35.10431       0               -15.328
       2305 19.20833333333   15.84449    34.97757       0               -15.103
       2306 19.21666666667   15.68857    34.85188       0               -14.874
       2307 19.22500000000   15.53211    34.72724       0               -14.629
       2308 19.23333333333   15.37511    34.60365       0               -14.399
       2309 19.24166666667   15.21759    34.48109       0               -14.120
       2310 19.25000000000   15.05954    34.35958       0               -13.866
       2311 19.25833333333   14.90098    34.23910       0               -13.606
       2312 19.26666666667   14.74190    34.11965       0               -13.420
       2313 19.27500000000   14.58232    34.00124       0               -13.150
       2314 19.28333333333   14.42225    33.88385       0               -12.940
       2315 19.29166666667   14.26168    33.76749       0               -12.655
       2316 19.30000000000   14.10063    33.65215       0               -12.437
       2317 19.30833333333   13.93911    33.53783       0               -12.270
       2318 19.31666666667   13.77710    33.42452       0               -12.111
       2319 19.32500000000   13.61464    33.31222       0               -11.822
       2320 19.33333333333   13.45171    33.20093       0               -11.674
       2321 19.34166666667   13.28833    33.09065       0               -11.448
       2322 19.35000000000   13.12450    32.98137       0               -11.409
       2323 19.35833333333   12.96023    32.87308       0               -11.472
       2324 19.36666666667   12.79552    32.76579       0               -11.442
       2325 19.37500000000   12.63038    32.65949       0               -11.201
       2326 19.38333333333   12.46481    32.55418       0               -10.956
       2327 19.39166666667   12.29883    32.44986       0               -10.747
       2328 19.40000000000   12.13243    32.34651       0               -10.589
       2329 19.40833333333   11.96562    32.24414       0               -10.381
       2330 19.41666666667   11.79841    32.14275       0               -10.143
       2331 19.42500000000   11.63081    32.04232       0                -9.950
       2332 19.43333333333   11.46281    31.94287       0                -9.968
       2333 19.44166666667   11.29443    31.84437       0                -9.790
       2334 19.45000000000   11.12567    31.74684       0                -9.665
       2335 19.45833333333   10.95653    31.65026       0                -9.558
       2336 19.46666666667   10.78702    31.55463       0                -9.622
       2337 19.47500000000   10.61715    31.45995       0                -9.528
       2338 19.48333333333   10.44692    31.36621       0                -9.561
       2339 19.49166666667   10.27633    31.27342       0                -9.378
       2340 19.50000000000   10.10540    31.18156       0                -9.342
       2341 19.50833333333    9.93412    31.09064       0                -9.228
       2342 19.51666666667    9.76251    31.00064       0                -9.234
       2343 19.52500000000    9.59056    30.91158       0                -9.184
       2344 19.53333333333    9.41828    30.82343       0                -9.107
       2345 19.54166666667    9.24568    30.73620       0                -8.961
       2346 19.55000000000    9.07276    30.64989       0                -9.031
       2347 19.55833333333    8.89953    30.56449       0                -9.179
       2348 19.56666666667    8.72598    30.47999       0                -9.199
       2349 19.57500000000    8.55214    30.39640       0                -9.227
       2350 19.58333333333    8.37799    30.31371       0                -9.185
       2351 19.59166666667    8.20355    30.23192       0                -9.282
       2352 19.60000000000    8.02882    30.15101       0                -9.156
       2353 19.60833333333    7.85381    30.07100       0                -9.142
       2354 19.61666666667    7.67851    29.99186       0                -9.052
       2355 19.62500000000    7.50294    29.91361       0                -9.182
       2356 19.63333333333    7.32710    29.83624       0                -9.411
       2357 19.64166666667    7.15099    29.75974       0                -9.246
       2358 19.65000000000    6.97461    29.68411       0                -9.404
       2359 19.65833333333    6.79798    29.60934       0                -9.182
       2360 19.66666666667    6.62109    29.53543       0                -8.874
       2361 19.67500000000    6.44396    29.46239       0                -8.854
       2362 19.68333333333    6.26658    29.39019       0                -8.100
       2363 19.69166666667    6.08896    29.31885       0                -8.562
       2364 19.70000000000    5.91110    29.24835       0                -8.417
       2365 19.70833333333    5.73300    29.17870       0                -7.724
       2366 19.71666666667    5.55468    29.10988       0                -7.854
       2367 19.72500000000    5.37614    29.04190       0                -7.289
       2368 19.73333333333    5.19737    28.97475       0                -7.023
