# Created on 2018-12-12 16:17:49 
# Sources: d:\gpsother\tec-suite\in\2015\abcd0770.15d.Z, d:\gpsother\tec-suite\in\2015\brdc0770.15n.Z
# Satellite: G11
# Interval: 30.0
# Sampling interval: 0.0 (not used).
# Site: abcd
# Position (L, B, H): 253.601641965, 52.1962622634, 578.574894483
# Position (X, Y, Z): -1106129.71, -3758704.03, 5016675.77
# datetime format: %Y-%m-%dT%H:%M:%S
# Columns: tsn, hour, el, az, validity, tec.l1l2
# (I11,1X,F14.11,1X,F10.5,1X,F11.5,1X,I7,1X,F21.3)
          0  0.00000000000    7.40154   138.97828    4096               -24.622
          1  0.00833333333    7.57114   138.85926    4096               -24.993
          2  0.01666666667    7.74092   138.74004    4096               -25.628
          3  0.02500000000    7.91085   138.62061    4096               -26.551
          4  0.03333333333    8.08094   138.50096    4096               -27.098
          5  0.04166666667    8.25118   138.38109    4096               -27.472
          6  0.05000000000    8.42157   138.26099    4096               -27.838
          7  0.05833333333    8.59212   138.14067    4096               -28.185
          8  0.06666666667    8.76281   138.02011    4096               -28.683
          9  0.07500000000    8.93364   137.89931    4096               -29.149
         10  0.08333333333    9.10461   137.77826    4096               -29.593
         11  0.09166666667    9.27571   137.65696    4096               -29.884
         12  0.10000000000    9.44695   137.53541    4096               -30.140
         13  0.10833333333    9.61831   137.41360    4096               -30.415
         14  0.11666666667    9.78980   137.29152    4096               -30.814
         15  0.12500000000    9.96141   137.16917    4096               -31.100
         16  0.13333333333   10.13314   137.04654    4096               -31.311
         17  0.14166666667   10.30498   136.92363    4096               -31.400
         18  0.15000000000   10.47694   136.80044    4096               -31.469
         19  0.15833333333   10.64900   136.67695    4096               -31.730
         20  0.16666666667   10.82117   136.55317    4096               -32.131
         21  0.17500000000   10.99344   136.42908    4096               -32.529
         22  0.18333333333   11.16580   136.30468    4096               -32.974
         23  0.19166666667   11.33826   136.17997    4096               -33.824
         24  0.20000000000   11.51081   136.05494    4096               -34.290
         25  0.20833333333   11.68345   135.92959    4096               -34.519
         26  0.21666666667   11.85616   135.80390    4096               -35.527
         27  0.22500000000   12.02896   135.67788    4096               -36.213
         28  0.23333333333   12.20183   135.55152    4096               -37.104
         29  0.24166666667   12.37477   135.42481    4096               -37.548
         30  0.25000000000   12.54778   135.29774    4096               -38.031
         31  0.25833333333   12.72085   135.17032    4096               -38.363
         32  0.26666666667   12.89398   135.04254    4096               -38.672
         33  0.27500000000   13.06717   134.91438    4096               -38.842
         34  0.28333333333   13.24041   134.78585    4096               -39.102
         35  0.29166666667   13.41370   134.65694    4096               -39.349
         36  0.30000000000   13.58702   134.52764    4096               -39.462
         37  0.30833333333   13.76039   134.39794    4096               -39.478
         38  0.31666666667   13.93379   134.26785    4096               -39.260
         39  0.32500000000   14.10723   134.13735    4096               -39.270
         40  0.33333333333   14.28069   134.00645    4096               -39.280
         41  0.34166666667   14.45417   133.87512    4096               -39.691
         42  0.35000000000   14.62767   133.74337    4096               -40.196
         43  0.35833333333   14.80119   133.61120    4096               -40.073
         44  0.36666666667   14.97471   133.47858    4096               -40.264
         45  0.37500000000   15.14824   133.34553    4096               -40.301
         46  0.38333333333   15.32177   133.21203    4096               -40.568
         47  0.39166666667   15.49530   133.07808    4096               -40.727
         48  0.40000000000   15.66882   132.94367    4096               -40.620
         49  0.40833333333   15.84232   132.80879    4096               -40.604
         50  0.41666666667   16.01581   132.67344    4096               -40.789
         51  0.42500000000   16.18928   132.53761    4096               -40.806
         52  0.43333333333   16.36271   132.40130    4096               -40.971
         53  0.44166666667   16.53612   132.26450    4096               -40.944
         54  0.45000000000   16.70949   132.12720    4096               -41.007
         55  0.45833333333   16.88282   131.98940    4096               -40.896
         56  0.46666666667   17.05611   131.85108    4096               -40.771
         57  0.47500000000   17.22934   131.71225    4096               -40.729
         58  0.48333333333   17.40252   131.57290    4096               -40.542
         59  0.49166666667   17.57563   131.43302    4096               -40.683
         60  0.50000000000   17.74868   131.29261    4096               -40.360
         61  0.50833333333   17.92166   131.15165    4096               -39.908
         62  0.51666666667   18.09457   131.01015    4096               -40.121
         63  0.52500000000   18.26739   130.86809    4096               -40.181
         64  0.53333333333   18.44012   130.72547    4096               -39.804
         65  0.54166666667   18.61277   130.58228    4096               -40.345
         66  0.55000000000   18.78532   130.43851    4096               -41.167
         67  0.55833333333   18.95776   130.29417    4096               -41.910
         68  0.56666666667   19.13010   130.14923    4096               -41.963
         69  0.57500000000   19.30232   130.00371    4096               -41.891
         70  0.58333333333   19.47443   129.85758    4096               -41.571
         71  0.59166666667   19.64641   129.71084    4096               -41.584
         72  0.60000000000   19.81826   129.56349    4096               -41.701
         73  0.60833333333   19.98998   129.41551    4096               -41.568
         74  0.61666666667   20.16155   129.26691    4096               -41.052
         75  0.62500000000   20.33298   129.11767    4096               -40.962
         76  0.63333333333   20.50426   128.96780    4096               -41.334
         77  0.64166666667   20.67537   128.81727    4096               -41.226
         78  0.65000000000   20.84633   128.66608    4096               -40.696
         79  0.65833333333   21.01711   128.51424    4096               -40.477
         80  0.66666666667   21.18771   128.36172    4096               -40.570
         81  0.67500000000   21.35814   128.20853    4096               -40.533
         82  0.68333333333   21.52837   128.05466    4096               -40.547
         83  0.69166666667   21.69841   127.90009    4096               -40.677
         84  0.70000000000   21.86825   127.74483    4096               -40.335
         85  0.70833333333   22.03788   127.58887    4096               -40.322
         86  0.71666666667   22.20730   127.43219    4096               -40.556
         87  0.72500000000   22.37649   127.27480    4096               -40.714
         88  0.73333333333   22.54546   127.11668    4096               -40.804
         89  0.74166666667   22.71420   126.95783    4096               -40.745
         90  0.75000000000   22.88270   126.79825    4096               -40.923
         91  0.75833333333   23.05095   126.63791    4096               -40.969
         92  0.76666666667   23.21895   126.47683    4096               -41.141
         93  0.77500000000   23.38668   126.31498    4096               -41.311
         94  0.78333333333   23.55416   126.15237    4096               -41.487
         95  0.79166666667   23.72135   125.98899    4096               -41.484
         96  0.80000000000   23.88827   125.82483    4096               -41.533
         97  0.80833333333   24.05490   125.65987    4096               -41.761
         98  0.81666666667   24.22124   125.49413    4096               -41.897
         99  0.82500000000   24.38728   125.32758    4096               -42.029
        100  0.83333333333   24.55300   125.16023    4096               -42.256
        101  0.84166666667   24.71841   124.99206    4096               -42.504
        102  0.85000000000   24.88350   124.82307    4096               -42.857
        103  0.85833333333   25.04826   124.65325    4096               -43.155
        104  0.86666666667   25.21268   124.48259    4096               -43.427
        105  0.87500000000   25.37675   124.31110    4096               -43.805
        106  0.88333333333   25.54047   124.13875    4096               -43.980
        107  0.89166666667   25.70383   123.96555    4096               -44.200
        108  0.90000000000   25.86683   123.79148    4096               -44.299
        109  0.90833333333   26.02944   123.61655    4096               -44.232
        110  0.91666666667   26.19168   123.44074    4096               -44.138
        111  0.92500000000   26.35352   123.26405    4096               -44.001
        112  0.93333333333   26.51496   123.08646    4096               -43.736
        113  0.94166666667   26.67600   122.90798    4096               -43.426
        114  0.95000000000   26.83662   122.72860    4096               -43.333
        115  0.95833333333   26.99682   122.54831    4096               -43.196
        116  0.96666666667   27.15659   122.36710    4096               -43.281
        117  0.97500000000   27.31591   122.18497    4096               -43.303
        118  0.98333333333   27.47479   122.00192    4096               -43.082
        119  0.99166666667   27.63322   121.81792    4096               -42.910
        120  1.00000000000   27.79118   121.63299    4096               -42.744
        121  1.00833333333   27.94866   121.44710    4096               -42.794
        122  1.01666666667   28.10567   121.26027    4096               -42.868
        123  1.02500000000   28.26218   121.07247    4096               -43.015
        124  1.03333333333   28.41820   120.88371    4096               -43.295
        125  1.04166666667   28.57371   120.69397    4096               -43.517
        126  1.05000000000   28.72870   120.50325    4096               -43.706
        127  1.05833333333   28.88317   120.31156    4096               -43.917
        128  1.06666666667   29.03710   120.11887    4096               -44.283
        129  1.07500000000   29.19049   119.92518    4096               -44.641
        130  1.08333333333   29.34333   119.73049    4096               -44.914
        131  1.09166666667   29.49561   119.53480    4096               -45.005
        132  1.10000000000   29.64732   119.33809    4096               -45.197
        133  1.10833333333   29.79845   119.14037    4096               -45.405
        134  1.11666666667   29.94899   118.94162    4096               -45.499
        135  1.12500000000   30.09894   118.74184    4096               -45.558
        136  1.13333333333   30.24828   118.54103    4096               -45.726
        137  1.14166666667   30.39700   118.33918    4096               -45.849
        138  1.15000000000   30.54509   118.13628    4096               -45.933
        139  1.15833333333   30.69255   117.93234    4096               -45.977
        140  1.16666666667   30.83937   117.72734    4096               -46.158
        141  1.17500000000   30.98553   117.52128    4096               -46.322
        142  1.18333333333   31.13103   117.31416    4096               -46.585
        143  1.19166666667   31.27585   117.10598    4096               -46.708
        144  1.20000000000   31.42000   116.89672    4096               -46.847
        145  1.20833333333   31.56344   116.68639    4096               -46.908
        146  1.21666666667   31.70619   116.47497    4096               -47.044
        147  1.22500000000   31.84822   116.26248    4096               -47.004
        148  1.23333333333   31.98953   116.04890    4096               -46.957
        149  1.24166666667   32.13010   115.83422    4096               -47.004
        150  1.25000000000   32.26993   115.61845    4096               -46.931
        151  1.25833333333   32.40901   115.40159    4096               -46.683
        152  1.26666666667   32.54733   115.18362    4096               -46.589
        153  1.27500000000   32.68487   114.96455    4096               -46.390
        154  1.28333333333   32.82162   114.74438    4096               -46.459
        155  1.29166666667   32.95759   114.52310    4096               -46.408
        156  1.30000000000   33.09275   114.30070    4096               -46.354
        157  1.30833333333   33.22709   114.07719    4096               -46.452
        158  1.31666666667   33.36061   113.85257    4096               -46.607
        159  1.32500000000   33.49329   113.62683    4096               -46.701
        160  1.33333333333   33.62513   113.39997    4096               -46.766
        161  1.34166666667   33.75611   113.17199    4096               -46.651
        162  1.35000000000   33.88622   112.94289    4096               -46.672
        163  1.35833333333   34.01546   112.71266    4096               -46.523
        164  1.36666666667   34.14380   112.48132    4096               -46.501
        165  1.37500000000   34.27125   112.24885    4096               -46.534
        166  1.38333333333   34.39779   112.01525    4096               -46.578
        167  1.39166666667   34.52341   111.78053    4096               -46.496
        168  1.40000000000   34.64809   111.54468    4096               -46.438
        169  1.40833333333   34.77184   111.30771    4096               -46.378
        170  1.41666666667   34.89463   111.06962    4096               -46.485
        171  1.42500000000   35.01646   110.83040    4096               -46.609
        172  1.43333333333   35.13732   110.59007    4096               -46.744
        173  1.44166666667   35.25719   110.34861    4096               -46.791
        174  1.45000000000   35.37606   110.10603    4096               -46.769
        175  1.45833333333   35.49393   109.86233    4096               -46.819
        176  1.46666666667   35.61078   109.61752    4096               -46.733
        177  1.47500000000   35.72661   109.37160    4096               -46.721
        178  1.48333333333   35.84139   109.12456    4096               -46.600
        179  1.49166666667   35.95513   108.87642    4096               -46.486
        180  1.50000000000   36.06781   108.62718    4096               -46.339
        181  1.50833333333   36.17941   108.37683    4096               -46.177
        182  1.51666666667   36.28994   108.12539    4096               -46.090
        183  1.52500000000   36.39937   107.87285    4096               -46.152
        184  1.53333333333   36.50770   107.61922    4096               -45.887
        185  1.54166666667   36.61491   107.36452    4096               -45.999
        186  1.55000000000   36.72100   107.10873    4096               -46.181
        187  1.55833333333   36.82596   106.85187    4096               -46.443
        188  1.56666666667   36.92977   106.59394    4096               -46.963
        189  1.57500000000   37.03242   106.33494    4096               -47.187
        190  1.58333333333   37.13391   106.07490    4096               -47.375
        191  1.59166666667   37.23422   105.81380    4096               -47.590
        192  1.60000000000   37.33334   105.55166    4096               -47.749
        193  1.60833333333   37.43126   105.28848    4096               -47.857
        194  1.61666666667   37.52797   105.02428    4096               -47.938
        195  1.62500000000   37.62347   104.75905    4096               -47.867
        196  1.63333333333   37.71773   104.49282    4096               -47.548
        197  1.64166666667   37.81076   104.22558    4096               -47.413
        198  1.65000000000   37.90253   103.95735    4096               -47.400
        199  1.65833333333   37.99305   103.68813    4096               -46.990
        200  1.66666666667   38.08229   103.41794    4096               -46.893
        201  1.67500000000   38.17025   103.14678    4096               -47.080
        202  1.68333333333   38.25693   102.87466    4096               -47.410
        203  1.69166666667   38.34230   102.60161    4096               -47.634
        204  1.70000000000   38.42637   102.32761    4096               -47.965
        205  1.70833333333   38.50911   102.05270    4096               -48.170
        206  1.71666666667   38.59053   101.77687    4096               -48.519
        207  1.72500000000   38.67060   101.50015    4096               -48.520
        208  1.73333333333   38.74933   101.22254    4096               -48.594
        209  1.74166666667   38.82670   100.94405    4096               -48.694
        210  1.75000000000   38.90271   100.66471    4096               -48.816
        211  1.75833333333   38.97734   100.38452    4096               -48.880
        212  1.76666666667   39.05058   100.10349    4096               -49.039
        213  1.77500000000   39.12243    99.82165    4096               -48.872
        214  1.78333333333   39.19288    99.53900    4096               -48.937
        215  1.79166666667   39.26191    99.25556    4096               -48.760
        216  1.80000000000   39.32953    98.97135    4096               -48.740
        217  1.80833333333   39.39572    98.68638    4096               -48.624
        218  1.81666666667   39.46047    98.40066    4096               -48.346
        219  1.82500000000   39.52378    98.11422    4096               -48.435
        220  1.83333333333   39.58563    97.82707    4096               -49.042
        221  1.84166666667   39.64602    97.53922    4096               -49.166
        222  1.85000000000   39.70494    97.25070    4096               -49.112
        223  1.85833333333   39.76239    96.96151    4096               -49.273
        224  1.86666666667   39.81835    96.67169    4096               -49.600
        225  1.87500000000   39.87282    96.38124    4096               -49.765
        226  1.88333333333   39.92580    96.09019    4096               -50.470
        227  1.89166666667   39.97726    95.79856    4096               -50.776
        228  1.90000000000   40.02722    95.50635    4096               -50.718
        229  1.90833333333   40.07565    95.21360    4096               -50.493
        230  1.91666666667   40.12256    94.92032    4096               -49.990
        231  1.92500000000   40.16794    94.62654    4096               -49.681
        232  1.93333333333   40.21178    94.33226    4096               -49.612
        233  1.94166666667   40.25408    94.03752    4096               -49.515
        234  1.95000000000   40.29482    93.74234    4096               -49.193
        235  1.95833333333   40.33401    93.44672    4096               -49.276
        236  1.96666666667   40.37164    93.15071    4096               -49.275
        237  1.97500000000   40.40770    92.85431    4096               -49.771
        238  1.98333333333   40.44219    92.55755    4096               -49.898
        239  1.99166666667   40.47510    92.26045    4096               -49.739
        240  2.00000000000   40.50643    91.96303    4096               -50.218
        241  2.00833333333   40.53617    91.66532    4096               -50.322
        242  2.01666666667   40.56432    91.36734    4096               -49.834
        243  2.02500000000   40.59088    91.06910    4096               -49.900
        244  2.03333333333   40.61584    90.77065    4096               -49.864
        245  2.04166666667   40.63920    90.47199    4096               -49.731
        246  2.05000000000   40.66095    90.17315    4096               -49.722
        247  2.05833333333   40.68109    89.87415    4096               -49.528
        248  2.06666666667   40.69962    89.57502    4096               -50.208
        249  2.07500000000   40.71653    89.27579    4096               -51.244
        250  2.08333333333   40.73183    88.97646    4096               -49.597
        251  2.09166666667   40.74550    88.67708    4096               -49.246
        252  2.10000000000   40.75756    88.37766    4096               -49.373
        253  2.10833333333   40.76798    88.07823    4096               -50.136
        254  2.11666666667   40.77678    87.77881    4096               -50.111
        255  2.12500000000   40.78395    87.47942    4096               -50.316
        256  2.13333333333   40.78949    87.18010    4096               -50.694
        257  2.14166666667   40.79340    86.88086    4096               -50.986
        258  2.15000000000   40.79568    86.58173    4096               -50.586
        259  2.15833333333   40.79632    86.28274    4096               -50.823
        260  2.16666666667   40.79533    85.98390    4096               -50.726
        261  2.17500000000   40.79271    85.68525    4096               -50.026
        262  2.18333333333   40.78845    85.38681    4096               -50.605
        263  2.19166666667   40.78256    85.08859    4096               -50.721
        264  2.20000000000   40.77503    84.79064    4096               -50.278
        265  2.20833333333   40.76587    84.49297    4096               -50.203
        266  2.21666666667   40.75508    84.19560    4096               -49.746
        267  2.22500000000   40.74266    83.89856    4096               -49.453
        268  2.23333333333   40.72861    83.60188    4096               -49.321
        269  2.24166666667   40.71292    83.30558    4096               -49.685
        270  2.25000000000   40.69561    83.00968    4096               -49.488
        271  2.25833333333   40.67668    82.71421    4096               -50.777
        272  2.26666666667   40.65612    82.41920    4096               -51.395
        273  2.27500000000   40.63394    82.12465    4096               -51.134
        274  2.28333333333   40.61014    81.83061    4096               -50.289
        275  2.29166666667   40.58473    81.53709    4096               -52.128
        276  2.30000000000   40.55770    81.24412    4096               -50.927
        277  2.30833333333   40.52906    80.95172    4096               -50.237
        278  2.31666666667   40.49882    80.65991    4096               -51.851
        279  2.32500000000   40.46697    80.36871    4096               -51.197
        280  2.33333333333   40.43352    80.07816    4096               -50.592
        281  2.34166666667   40.39848    79.78827    4096               -50.318
        282  2.35000000000   40.36185    79.49906    4096               -50.047
        283  2.35833333333   40.32362    79.21056    4096               -49.453
        284  2.36666666667   40.28382    78.92278    4096               -49.138
        285  2.37500000000   40.24244    78.63576    4096               -48.889
        286  2.38333333333   40.19948    78.34951    4096               -49.342
        287  2.39166666667   40.15496    78.06405    4096               -49.525
        288  2.40000000000   40.10887    77.77941    4096               -48.680
        289  2.40833333333   40.06122    77.49560    4096               -47.829
        290  2.41666666667   40.01203    77.21265    4096               -47.378
        291  2.42500000000   39.96128    76.93057    4096               -44.986
        292  2.43333333333   39.90900    76.64939    4096               -45.175
        293  2.44166666667   39.85518    76.36912    4096               -45.617
        294  2.45000000000   39.79984    76.08979    4096               -47.167
        295  2.45833333333   39.74297    75.81142    4096               -47.331
        296  2.46666666667   39.68459    75.53401    4096               -47.486
        297  2.47500000000   39.62470    75.25760    4096               -47.769
        298  2.48333333333   39.56330    74.98220    4096               -47.799
        299  2.49166666667   39.50042    74.70783    4096               -47.335
        300  2.50000000000   39.43604    74.43450    4096               -46.625
        301  2.50833333333   39.37019    74.16224    4096               -44.975
        302  2.51666666667   39.30287    73.89105    4096               -47.262
        303  2.52500000000   39.23408    73.62096    4096               -48.142
        304  2.53333333333   39.16383    73.35199    4096               -48.066
        305  2.54166666667   39.09213    73.08414    4096               -48.078
        306  2.55000000000   39.01900    72.81744    4096               -47.892
        307  2.55833333333   38.94443    72.55189    4096               -47.370
        308  2.56666666667   38.86843    72.28753    4096               -49.293
        309  2.57500000000   38.79102    72.02435    4096               -48.815
        310  2.58333333333   38.71220    71.76237    4096               -47.861
        311  2.59166666667   38.63198    71.50161    4096               -49.162
        312  2.60000000000   38.55038    71.24209    4096               -49.507
        313  2.60833333333   38.46739    70.98380    4096               -49.749
        314  2.61666666667   38.38302    70.72678    4096               -49.829
        315  2.62500000000   38.29730    70.47102    4096               -49.545
        316  2.63333333333   38.21021    70.21655    4096               -49.968
        317  2.64166666667   38.12179    69.96337    4096               -49.857
        318  2.65000000000   38.03202    69.71150    4096               -49.801
        319  2.65833333333   37.94093    69.46094    4096               -49.173
        320  2.66666666667   37.84852    69.21171    4096               -49.330
        321  2.67500000000   37.75481    68.96381    4096               -49.656
        322  2.68333333333   37.65979    68.71727    4096               -49.544
        323  2.69166666667   37.56349    68.47208    4096               -49.513
        324  2.70000000000   37.46590    68.22826    4096               -49.265
        325  2.70833333333   37.36705    67.98582    4096               -49.179
        326  2.71666666667   37.26694    67.74476    4096               -49.377
        327  2.72500000000   37.16558    67.50509    4096               -49.411
        328  2.73333333333   37.06297    67.26683    4096               -49.345
        329  2.74166666667   36.95914    67.02997    4096               -49.052
        330  2.75000000000   36.85409    66.79454    4096               -48.947
        331  2.75833333333   36.74782    66.56052    4096               -48.884
        332  2.76666666667   36.64036    66.32794    4096               -48.639
        333  2.77500000000   36.53171    66.09679    4096               -48.911
        334  2.78333333333   36.42188    65.86708    4096               -49.333
        335  2.79166666667   36.31088    65.63883    4096               -49.683
        336  2.80000000000   36.19872    65.41203    4096               -49.619
        337  2.80833333333   36.08541    65.18669    4096               -49.558
        338  2.81666666667   35.97096    64.96281    4096               -49.749
        339  2.82500000000   35.85538    64.74040    4096               -49.865
        340  2.83333333333   35.73869    64.51947    4096               -49.988
        341  2.84166666667   35.62089    64.30001    4096               -50.191
        342  2.85000000000   35.50199    64.08203    4096               -50.464
        343  2.85833333333   35.38200    63.86554    4096               -50.633
        344  2.86666666667   35.26093    63.65054    4096               -50.620
        345  2.87500000000   35.13880    63.43703    4096               -50.756
        346  2.88333333333   35.01562    63.22501    4096               -50.288
        347  2.89166666667   34.89138    63.01448    4096               -49.900
        348  2.90000000000   34.76612    62.80546    4096               -49.785
        349  2.90833333333   34.63982    62.59793    4096               -49.879
        350  2.91666666667   34.51251    62.39190    4096               -50.033
        351  2.92500000000   34.38420    62.18738    4096               -50.122
        352  2.93333333333   34.25489    61.98436    4096               -49.918
        353  2.94166666667   34.12460    61.78285    4096               -50.050
        354  2.95000000000   33.99334    61.58284    4096               -50.269
        355  2.95833333333   33.86111    61.38433    4096               -50.126
        356  2.96666666667   33.72793    61.18733    4096               -49.923
        357  2.97500000000   33.59380    60.99184    4096               -50.038
        358  2.98333333333   33.45874    60.79785    4096               -50.269
        359  2.99166666667   33.32276    60.60536    4096               -50.326
        360  3.00000000000   33.18587    60.41438    4096               -50.188
        361  3.00833333333   33.04807    60.22491    4096               -50.296
        362  3.01666666667   32.90938    60.03693    4096               -50.579
        363  3.02500000000   32.76981    59.85045    4096               -50.700
        364  3.03333333333   32.62937    59.66548    4096               -50.857
        365  3.04166666667   32.48806    59.48200    4096               -50.740
        366  3.05000000000   32.34590    59.30002    4096               -50.570
        367  3.05833333333   32.20290    59.11953    4096               -50.499
        368  3.06666666667   32.05906    58.94053    4096               -50.438
        369  3.07500000000   31.91440    58.76302    4096               -50.237
        370  3.08333333333   31.76893    58.58699    4096               -49.992
        371  3.09166666667   31.62265    58.41245    4096               -50.111
        372  3.10000000000   31.47558    58.23939    4096               -50.196
        373  3.10833333333   31.32773    58.06781    4096               -50.319
        374  3.11666666667   31.17910    57.89770    4096               -50.382
        375  3.12500000000   31.02970    57.72906    4096               -50.356
        376  3.13333333333   30.87955    57.56189    4096               -50.626
        377  3.14166666667   30.72865    57.39619    4096               -50.665
        378  3.15000000000   30.57701    57.23194    4096               -50.455
        379  3.15833333333   30.42465    57.06915    4096               -50.626
        380  3.16666666667   30.27157    56.90782    4096               -50.750
        381  3.17500000000   30.11777    56.74793    4096               -50.879
        382  3.18333333333   29.96328    56.58949    4096               -50.893
        383  3.19166666667   29.80810    56.43248    4096               -50.821
        384  3.20000000000   29.65223    56.27691    4096               -50.771
        385  3.20833333333   29.49569    56.12278    4096               -50.740
        386  3.21666666667   29.33849    55.97007    4096               -50.739
        387  3.22500000000   29.18063    55.81878    4096               -50.845
        388  3.23333333333   29.02212    55.66890    4096               -51.025
        389  3.24166666667   28.86298    55.52044    4096               -51.134
        390  3.25000000000   28.70320    55.37339    4096               -51.206
        391  3.25833333333   28.54281    55.22773    4096               -51.277
        392  3.26666666667   28.38180    55.08348    4096               -51.397
        393  3.27500000000   28.22019    54.94061    4096               -51.389
        394  3.28333333333   28.05799    54.79913    4096               -51.364
        395  3.29166666667   27.89520    54.65904    4096               -51.265
        396  3.30000000000   27.73183    54.52031    4096               -51.189
        397  3.30833333333   27.56789    54.38296    4096               -51.134
        398  3.31666666667   27.40338    54.24697    4096               -51.083
        399  3.32500000000   27.23833    54.11234    4096               -51.045
        400  3.33333333333   27.07273    53.97906    4096               -51.123
        401  3.34166666667   26.90659    53.84713    4096               -51.172
        402  3.35000000000   26.73992    53.71654    4096               -51.180
        403  3.35833333333   26.57272    53.58728    4096               -51.148
        404  3.36666666667   26.40502    53.45936    4096               -51.115
        405  3.37500000000   26.23681    53.33276    4096               -51.047
        406  3.38333333333   26.06810    53.20747    4096               -50.971
        407  3.39166666667   25.89889    53.08350    4096               -50.827
        408  3.40000000000   25.72921    52.96083    4096               -50.737
        409  3.40833333333   25.55905    52.83946    4096               -50.695
        410  3.41666666667   25.38842    52.71939    4096               -50.564
        411  3.42500000000   25.21733    52.60060    4096               -50.625
        412  3.43333333333   25.04578    52.48309    4096               -50.615
        413  3.44166666667   24.87379    52.36686    4096               -50.662
        414  3.45000000000   24.70136    52.25190    4096               -50.754
        415  3.45833333333   24.52850    52.13819    4096               -50.793
        416  3.46666666667   24.35521    52.02575    4096               -50.916
        417  3.47500000000   24.18150    51.91455    4096               -50.794
        418  3.48333333333   24.00738    51.80460    4096               -50.575
        419  3.49166666667   23.83286    51.69588    4096               -50.474
        420  3.50000000000   23.65794    51.58840    4096               -50.392
        421  3.50833333333   23.48263    51.48214    4096               -50.432
        422  3.51666666667   23.30693    51.37710    4096               -50.404
        423  3.52500000000   23.13086    51.27326    4096               -50.301
        424  3.53333333333   22.95441    51.17064    4096               -50.128
        425  3.54166666667   22.77761    51.06921    4096               -50.209
        426  3.55000000000   22.60044    50.96898    4096               -50.052
        427  3.55833333333   22.42292    50.86993    4096               -50.026
        428  3.56666666667   22.24505    50.77206    4096               -49.942
        429  3.57500000000   22.06685    50.67537    4096               -49.870
        430  3.58333333333   21.88831    50.57984    4096               -49.805
        431  3.59166666667   21.70945    50.48547    4096               -49.803
        432  3.60000000000   21.53027    50.39226    4096               -49.689
        433  3.60833333333   21.35077    50.30020    4096               -49.625
        434  3.61666666667   21.17096    50.20928    4096               -49.573
        435  3.62500000000   20.99085    50.11949    4096               -49.436
        436  3.63333333333   20.81044    50.03083    4096               -49.283
        437  3.64166666667   20.62974    49.94330    4096               -49.128
        438  3.65000000000   20.44875    49.85688    4096               -48.829
        439  3.65833333333   20.26749    49.77157    4096               -48.691
        440  3.66666666667   20.08595    49.68737    4096               -48.553
        441  3.67500000000   19.90414    49.60426    4096               -48.536
        442  3.68333333333   19.72207    49.52225    4096               -48.420
        443  3.69166666667   19.53973    49.44132    4096               -48.318
        444  3.70000000000   19.35715    49.36147    4096               -48.148
        445  3.70833333333   19.17432    49.28269    4096               -48.071
        446  3.71666666667   18.99125    49.20498    4096               -47.919
        447  3.72500000000   18.80794    49.12833    4096               -47.773
        448  3.73333333333   18.62440    49.05273    4096               -47.649
        449  3.74166666667   18.44063    48.97818    4096               -47.387
        450  3.75000000000   18.25664    48.90468    4096               -47.300
        451  3.75833333333   18.07244    48.83221    4096               -47.270
        452  3.76666666667   17.88802    48.76077    4096               -47.081
        453  3.77500000000   17.70339    48.69035    4096               -46.885
        454  3.78333333333   17.51857    48.62096    4096               -46.933
        455  3.79166666667   17.33354    48.55257    4096               -47.108
        456  3.80000000000   17.14833    48.48519    4096               -46.682
        457  3.80833333333   16.96293    48.41881    4096               -46.415
        458  3.81666666667   16.77734    48.35343    4096               -46.122
        459  3.82500000000   16.59157    48.28903    4096               -46.188
        460  3.83333333333   16.40564    48.22562    4096               -46.125
        461  3.84166666667   16.21953    48.16318    4096               -45.854
        462  3.85000000000   16.03325    48.10172    4096               -45.525
        463  3.85833333333   15.84682    48.04122    4096               -45.427
        464  3.86666666667   15.66023    47.98167    4096               -44.753
        465  3.87500000000   15.47348    47.92309    4096               -44.465
        466  3.88333333333   15.28659    47.86545    4096               -44.736
        467  3.89166666667   15.09956    47.80875    4096               -44.511
        468  3.90000000000   14.91238    47.75299    4096               -44.683
        469  3.90833333333   14.72507    47.69816    4096               -45.117
        470  3.91666666667   14.53763    47.64426    4096               -45.293
        471  3.92500000000   14.35006    47.59128    4096               -45.383
        472  3.93333333333   14.16237    47.53921    4096               -45.106
        473  3.94166666667   13.97456    47.48805    4096               -43.991
        474  3.95000000000   13.78663    47.43779    4096               -47.126
        475  3.95833333333   13.59859    47.38844    4096               -47.463
        476  3.96666666667   13.41045    47.33997    4096               -47.027
        477  3.97500000000   13.22219    47.29240    4096               -46.714
        478  3.98333333333   13.03384    47.24570    4096               -46.010
        479  3.99166666667   12.84539    47.19988    4096               -45.549
        480  4.00000000000   12.65681    47.15494    4096               -45.228
        481  4.00833333333   12.46821    47.11086    4096               -45.198
        482  4.01666666667   12.27949    47.06764    4096               -44.874
        483  4.02500000000   12.09069    47.02528    4096               -45.527
        484  4.03333333333   11.90181    46.98377    4096               -45.074
        485  4.04166666667   11.71285    46.94310    4096               -44.503
        486  4.05000000000   11.52382    46.90328    4096               -44.806
        487  4.05833333333   11.33472    46.86429    4096               -44.779
        488  4.06666666667   11.14555    46.82613    4096               -45.177
        489  4.07500000000   10.95632    46.78880    4096               -45.041
        490  4.08333333333   10.76703    46.75229    4096               -43.876
        491  4.09166666667   10.57769    46.71659    4096               -45.464
        492  4.10000000000   10.38829    46.68171    4096               -45.828
        493  4.10833333333   10.19884    46.64763    4096               -46.008
        494  4.11666666667   10.00934    46.61436    4096               -46.774
        495  4.12500000000    9.81980    46.58188    4096               -47.176
        496  4.13333333333    9.63022    46.55019    4096               -47.265
        497  4.14166666667    9.44060    46.51929    4096               -47.387
        498  4.15000000000    9.25094    46.48917    4096               -46.997
        499  4.15833333333    9.06125    46.45983    4096               -46.466
        500  4.16666666667    8.87153    46.43126    4096               -46.898
        501  4.17500000000    8.68179    46.40346    4096               -47.535
        502  4.18333333333    8.49202    46.37643    4096               -47.954
        503  4.19166666667    8.30222    46.35015    4096               -48.054
        504  4.20000000000    8.11241    46.32463    4096               -48.663
        505  4.20833333333    7.92259    46.29986    4096               -48.721
        506  4.21666666667    7.73275    46.27584    4096               -48.823
        507  4.22500000000    7.54290    46.25256    4096               -49.217
        508  4.23333333333    7.35304    46.23001    4096               -49.245
        509  4.24166666667    7.16317    46.20820    4096               -49.104
        510  4.25000000000    6.97330    46.18712    4096               -49.352
        511  4.25833333333    6.78343    46.16676    4096               -49.397
        512  4.26666666667    6.59357    46.14712    4096               -49.454
        513  4.27500000000    6.40370    46.12820    4096               -49.291
        514  4.28333333333    6.21385    46.10998    4096               -49.431
        515  4.29166666667    6.02400    46.09248    4096               -49.397
        516  4.30000000000    5.83416    46.07568    4096               -49.038
        517  4.30833333333    5.64434    46.05958    4096               -49.250
        518  4.31666666667    5.45453    46.04417    4096               -49.753
       1726 14.38333333333    5.55621   318.89479    4096                -0.504
       1727 14.39166666667    5.74109   318.85075    4096                -0.652
       1728 14.40000000000    5.92586   318.80594    4096                -0.800
       1729 14.40833333333    6.11052   318.76036    4096                -0.808
       1730 14.41666666667    6.29507   318.71401    4096                -0.857
       1731 14.42500000000    6.47950   318.66688    4096                -1.103
       1732 14.43333333333    6.66381   318.61897    4096                -1.046
       1733 14.44166666667    6.84800   318.57027    4096                -0.930
       1734 14.45000000000    7.03206   318.52079    4096                -1.118
       1735 14.45833333333    7.21598   318.47051    4096                -1.073
       1736 14.46666666667    7.39978   318.41943    4096                -1.111
       1737 14.47500000000    7.58344   318.36755    4096                -1.185
       1738 14.48333333333    7.76695   318.31486    4096                -1.094
       1739 14.49166666667    7.95033   318.26137    4096                -0.999
       1740 14.50000000000    8.13355   318.20706    4096                -1.109
       1741 14.50833333333    8.31662   318.15193    4096                -1.156
       1742 14.51666666667    8.49954   318.09598    4096                -1.211
       1743 14.52500000000    8.68230   318.03920    4096                -1.161
       1744 14.53333333333    8.86490   317.98158    4096                -1.392
       1745 14.54166666667    9.04733   317.92314    4096                -1.053
       1746 14.55000000000    9.22959   317.86385    4096                -0.869
       1747 14.55833333333    9.41167   317.80372    4096                -0.884
       1748 14.56666666667    9.59358   317.74274    4096                -0.638
       1749 14.57500000000    9.77530   317.68091    4096                -0.731
       1750 14.58333333333    9.95684   317.61821    4096                -0.807
       1751 14.59166666667   10.13819   317.55466    4096                -0.531
       1752 14.60000000000   10.31935   317.49024    4096                -0.945
       1753 14.60833333333   10.50030   317.42495    4096                -1.314
       1754 14.61666666667   10.68106   317.35879    4096                -1.157
       1755 14.62500000000   10.86161   317.29175    4096                -1.123
       1756 14.63333333333   11.04194   317.22382    4096                -1.148
       1757 14.64166666667   11.22207   317.15500    4096                -0.784
       1758 14.65000000000   11.40197   317.08530    4096                -0.570
       1759 14.65833333333   11.58165   317.01469    4096                -0.878
       1760 14.66666666667   11.76110   316.94318    4096                -0.923
       1761 14.67500000000   11.94032   316.87077    4096                -0.971
       1762 14.68333333333   12.11930   316.79745    4096                -0.644
       1763 14.69166666667   12.29805   316.72321    4096                -0.666
       1764 14.70000000000   12.47654   316.64805    4096                -0.450
       1765 14.70833333333   12.65479   316.57197    4096                -0.586
       1766 14.71666666667   12.83278   316.49496    4096                -0.661
       1767 14.72500000000   13.01051   316.41701    4096                -0.734
       1768 14.73333333333   13.18797   316.33813    4096                -0.707
       1769 14.74166666667   13.36517   316.25831    4096                -0.745
       1770 14.75000000000   13.54209   316.17753    4096                -0.944
       1771 14.75833333333   13.71874   316.09581    4096                -1.309
       1772 14.76666666667   13.89510   316.01314    4096                -1.219
       1773 14.77500000000   14.07117   315.92950    4096                -1.370
       1774 14.78333333333   14.24695   315.84489    4096                -1.122
       1775 14.79166666667   14.42243   315.75932    4096                -1.069
       1776 14.80000000000   14.59760   315.67278    4096                -1.229
       1777 14.80833333333   14.77247   315.58525    4096                -1.317
       1778 14.81666666667   14.94702   315.49674    4096                -1.466
       1779 14.82500000000   15.12126   315.40725    4096                -1.358
       1780 14.83333333333   15.29517   315.31676    4096                -1.211
       1781 14.84166666667   15.46875   315.22528    4096                -1.057
       1782 14.85000000000   15.64199   315.13279    4096                -0.976
       1783 14.85833333333   15.81489   315.03930    4096                -0.552
       1784 14.86666666667   15.98745   314.94480    4096                -0.859
       1785 14.87500000000   16.15966   314.84928    4096                -0.839
       1786 14.88333333333   16.33151   314.75275    4096                -0.521
       1787 14.89166666667   16.50299   314.65519    4096                -0.810
       1788 14.90000000000   16.67411   314.55660    4096                -1.016
       1789 14.90833333333   16.84485   314.45698    4096                -1.110
       1790 14.91666666667   17.01522   314.35633    4096                -1.047
       1791 14.92500000000   17.18520   314.25463    4096                -0.898
       1792 14.93333333333   17.35479   314.15189    4096                -0.974
       1793 14.94166666667   17.52398   314.04809    4096                -0.999
       1794 14.95000000000   17.69277   313.94325    4096                -0.956
       1795 14.95833333333   17.86115   313.83734    4096                -0.785
       1796 14.96666666667   18.02911   313.73037    4096                -0.865
       1797 14.97500000000   18.19666   313.62233    4096                -0.827
       1798 14.98333333333   18.36377   313.51322    4096                -0.693
       1799 14.99166666667   18.53046   313.40304    4096                -0.620
       1800 15.00000000000   18.69670   313.29177    4096                -0.379
       1801 15.00833333333   18.86250   313.17942    4096                -0.121
       1802 15.01666666667   19.02785   313.06598    4096                -0.100
       1803 15.02500000000   19.19274   312.95145    4096                -0.256
       1804 15.03333333333   19.35716   312.83582    4096                -0.470
       1805 15.04166666667   19.52112   312.71909    4096                -0.379
       1806 15.05000000000   19.68459   312.60125    4096                -0.455
       1807 15.05833333333   19.84759   312.48231    4096                -0.426
       1808 15.06666666667   20.01009   312.36225    4096                -0.419
       1809 15.07500000000   20.17209   312.24107    4096                -0.251
       1810 15.08333333333   20.33360   312.11878    4096                -0.164
       1811 15.09166666667   20.49459   311.99536    4096                -0.106
       1812 15.10000000000   20.65506   311.87081    4096                -0.278
       1813 15.10833333333   20.81501   311.74513    4096                -0.413
       1814 15.11666666667   20.97443   311.61831    4096                -0.205
       1815 15.12500000000   21.13332   311.49035    4096                -0.290
       1816 15.13333333333   21.29165   311.36125    4096                -0.199
       1817 15.14166666667   21.44944   311.23100    4096                -0.128
       1818 15.15000000000   21.60667   311.09961    4096                -0.314
       1819 15.15833333333   21.76333   310.96705    4096                -0.221
       1820 15.16666666667   21.91942   310.83335    4096                -0.216
       1821 15.17500000000   22.07493   310.69848    4096                -0.249
       1822 15.18333333333   22.22986   310.56244    4096                -0.144
       1823 15.19166666667   22.38419   310.42524    4096                -0.172
       1824 15.20000000000   22.53792   310.28687    4096                -0.203
       1825 15.20833333333   22.69104   310.14733    4096                 0.053
       1826 15.21666666667   22.84354   310.00661    4096                 0.110
       1827 15.22500000000   22.99543   309.86471    4096                -0.281
       1828 15.23333333333   23.14668   309.72163    4096                -0.303
       1829 15.24166666667   23.29729   309.57736    4096                -0.493
       1830 15.25000000000   23.44726   309.43191    4096                -0.496
       1831 15.25833333333   23.59657   309.28527    4096                -0.531
       1832 15.26666666667   23.74522   309.13743    4096                -0.540
       1833 15.27500000000   23.89321   308.98840    4096                -0.567
       1834 15.28333333333   24.04052   308.83818    4096                -0.478
       1835 15.29166666667   24.18714   308.68675    4096                -0.475
       1836 15.30000000000   24.33308   308.53412    4096                -0.379
       1837 15.30833333333   24.47832   308.38029    4096                -0.472
       1838 15.31666666667   24.62284   308.22526    4096                -0.399
       1839 15.32500000000   24.76666   308.06901    4096                -0.430
       1840 15.33333333333   24.90975   307.91156    4096                -0.484
       1841 15.34166666667   25.05211   307.75289    4096                -0.371
       1842 15.35000000000   25.19374   307.59302    4096                -0.453
       1843 15.35833333333   25.33461   307.43193    4096                -0.147
       1844 15.36666666667   25.47474   307.26962    4096                -0.190
       1845 15.37500000000   25.61410   307.10610    4096                -0.573
       1846 15.38333333333   25.75269   306.94136    4096                -0.624
       1847 15.39166666667   25.89050   306.77541    4096                -0.558
       1848 15.40000000000   26.02753   306.60823    4096                -0.547
       1849 15.40833333333   26.16376   306.43984    4096                -0.437
       1850 15.41666666667   26.29919   306.27022    4096                -0.434
       1851 15.42500000000   26.43381   306.09938    4096                -0.282
       1852 15.43333333333   26.56761   305.92733    4096                -0.350
       1853 15.44166666667   26.70059   305.75405    4096                -0.137
       1854 15.45000000000   26.83273   305.57955    4096                -0.067
       1855 15.45833333333   26.96402   305.40383    4096                -0.119
       1856 15.46666666667   27.09447   305.22689    4096                -0.237
       1857 15.47500000000   27.22405   305.04873    4096                -0.424
       1858 15.48333333333   27.35277   304.86934    4096                -0.711
       1859 15.49166666667   27.48061   304.68874    4096                -0.987
       1860 15.50000000000   27.60757   304.50692    4096                -0.958
       1861 15.50833333333   27.73364   304.32389    4096                -0.986
       1862 15.51666666667   27.85880   304.13964    4096                -0.904
       1863 15.52500000000   27.98306   303.95417    4096                -0.953
       1864 15.53333333333   28.10639   303.76749    4096                -0.967
       1865 15.54166666667   28.22881   303.57960    4096                -1.009
       1866 15.55000000000   28.35028   303.39049    4096                -0.958
       1867 15.55833333333   28.47082   303.20018    4096                -1.068
       1868 15.56666666667   28.59041   303.00867    4096                -1.145
       1869 15.57500000000   28.70903   302.81595    4096                -1.155
       1870 15.58333333333   28.82669   302.62203    4096                -1.194
       1871 15.59166666667   28.94338   302.42692    4096                -1.232
       1872 15.60000000000   29.05908   302.23061    4096                -1.331
       1873 15.60833333333   29.17378   302.03310    4096                -1.515
       1874 15.61666666667   29.28749   301.83441    4096                -1.517
       1875 15.62500000000   29.40019   301.63453    4096                -1.591
       1876 15.63333333333   29.51188   301.43348    4096                -1.439
       1877 15.64166666667   29.62254   301.23124    4096                -1.417
       1878 15.65000000000   29.73216   301.02783    4096                -1.463
       1879 15.65833333333   29.84075   300.82325    4096                -1.307
       1880 15.66666666667   29.94828   300.61751    4096                -1.227
       1881 15.67500000000   30.05476   300.41061    4096                -1.086
       1882 15.68333333333   30.16018   300.20255    4096                -1.021
       1883 15.69166666667   30.26452   299.99334    4096                -0.981
       1884 15.70000000000   30.36777   299.78299    4096                -0.969
       1885 15.70833333333   30.46994   299.57149    4096                -0.753
       1886 15.71666666667   30.57102   299.35887    4096                -0.696
       1887 15.72500000000   30.67098   299.14511    4096                -0.463
       1888 15.73333333333   30.76984   298.93023    4096                -0.210
       1889 15.74166666667   30.86757   298.71424    4096                -0.453
       1890 15.75000000000   30.96417   298.49714    4096                -0.497
       1891 15.75833333333   31.05964   298.27894    4096                -0.669
       1892 15.76666666667   31.15397   298.05964    4096                -0.797
       1893 15.77500000000   31.24714   297.83925    4096                -0.909
       1894 15.78333333333   31.33915   297.61779    4096                -0.772
       1895 15.79166666667   31.43000   297.39525    4096                -0.700
       1896 15.80000000000   31.51967   297.17164    4096                -0.819
       1897 15.80833333333   31.60816   296.94698    4096                -0.930
       1898 15.81666666667   31.69546   296.72127    4096                -0.986
       1899 15.82500000000   31.78157   296.49452    4096                -0.985
       1900 15.83333333333   31.86647   296.26674    4096                -0.998
       1901 15.84166666667   31.95016   296.03793    4096                -1.020
       1902 15.85000000000   32.03263   295.80811    4096                -1.022
       1903 15.85833333333   32.11388   295.57729    4096                -0.932
       1904 15.86666666667   32.19390   295.34547    4096                -0.907
       1905 15.87500000000   32.27268   295.11267    4096                -0.989
       1906 15.88333333333   32.35021   294.87890    4096                -0.994
       1907 15.89166666667   32.42649   294.64416    4096                -0.955
       1908 15.90000000000   32.50151   294.40846    4096                -0.910
       1909 15.90833333333   32.57527   294.17183    4096                -0.944
       1910 15.91666666667   32.64775   293.93426    4096                -0.931
       1911 15.92500000000   32.71896   293.69577    4096                -0.906
       1912 15.93333333333   32.78889   293.45637    4096                -0.952
       1913 15.94166666667   32.85752   293.21607    4096                -1.057
       1914 15.95000000000   32.92486   292.97488    4096                -1.067
       1915 15.95833333333   32.99089   292.73282    4096                -0.971
       1916 15.96666666667   33.05562   292.48990    4096                -0.910
       1917 15.97500000000   33.11903   292.24613    4096                -0.800
       1918 15.98333333333   33.18112   292.00152    4096                -0.759
       1919 15.99166666667   33.24189   291.75609    4096                -0.720
       1920 16.00000000000   33.30186   291.50926    4096                -0.750
       1921 16.00833333333   33.35943   291.26280    4096                -0.721
       1922 16.01666666667   33.41619   291.01497    4096                -0.715
       1923 16.02500000000   33.47160   290.76637    4096                -0.704
       1924 16.03333333333   33.52567   290.51701    4096                -0.788
       1925 16.04166666667   33.57837   290.26691    4096                -0.828
       1926 16.05000000000   33.62972   290.01607    4096                -0.869
       1927 16.05833333333   33.67970   289.76452    4096                -0.920
       1928 16.06666666667   33.72831   289.51227    4096                -0.979
       1929 16.07500000000   33.77555   289.25934    4096                -1.035
       1930 16.08333333333   33.82141   289.00573    4096                -0.953
       1931 16.09166666667   33.86589   288.75147    4096                -0.971
       1932 16.10000000000   33.90898   288.49656    4096                -0.903
       1933 16.10833333333   33.95068   288.24102    4096                -0.956
       1934 16.11666666667   33.99099   287.98488    4096                -0.930
       1935 16.12500000000   34.02990   287.72814    4096                -0.867
       1936 16.13333333333   34.06741   287.47082    4096                -0.831
       1937 16.14166666667   34.10351   287.21293    4096                -0.755
       1938 16.15000000000   34.13821   286.95450    4096                -0.721
       1939 16.15833333333   34.17150   286.69553    4096                -0.759
       1940 16.16666666667   34.20337   286.43605    4096                -0.803
       1941 16.17500000000   34.23383   286.17607    4096                -0.837
       1942 16.18333333333   34.26288   285.91560    4096                -0.895
       1943 16.19166666667   34.29050   285.65467    4096                -0.841
       1944 16.20000000000   34.31670   285.39328    4096                -0.855
       1945 16.20833333333   34.34147   285.13146    4096                -0.792
       1946 16.21666666667   34.36482   284.86923    4096                -0.796
       1947 16.22500000000   34.38674   284.60659    4096                -0.800
       1948 16.23333333333   34.40723   284.34358    4096                -0.789
       1949 16.24166666667   34.42629   284.08019    4096                -0.835
       1950 16.25000000000   34.44391   283.81646    4096                -0.856
       1951 16.25833333333   34.46011   283.55239    4096                -0.804
       1952 16.26666666667   34.47486   283.28801    4096                -0.804
       1953 16.27500000000   34.48818   283.02333    4096                -0.812
       1954 16.28333333333   34.50007   282.75837    4096                -0.756
       1955 16.29166666667   34.51052   282.49315    4096                -0.677
       1956 16.30000000000   34.51953   282.22768    4096                -0.642
       1957 16.30833333333   34.52710   281.96198    4096                -0.580
       1958 16.31666666667   34.53323   281.69607    4096                -0.533
       1959 16.32500000000   34.53793   281.42997    4096                -0.576
       1960 16.33333333333   34.54119   281.16369    4096                -0.532
       1961 16.34166666667   34.54302   280.89725    4096                -0.449
       1962 16.35000000000   34.54341   280.63067    4096                -0.335
       1963 16.35833333333   34.54236   280.36397    4096                -0.290
       1964 16.36666666667   34.53988   280.09716    4096                -0.225
       1965 16.37500000000   34.53596   279.83026    4096                -0.188
       1966 16.38333333333   34.53062   279.56328    4096                -0.009
       1967 16.39166666667   34.52384   279.29626    4096                 0.047
       1968 16.40000000000   34.51563   279.02919    4096                 0.044
       1969 16.40833333333   34.50600   278.76210    4096                 0.030
       1970 16.41666666667   34.49494   278.49501    4096                 0.023
       1971 16.42500000000   34.48245   278.22793    4096                 0.107
       1972 16.43333333333   34.46855   277.96088    4096                 0.201
       1973 16.44166666667   34.45322   277.69388    4096                 0.199
       1974 16.45000000000   34.43648   277.42694    4096                 0.268
       1975 16.45833333333   34.41833   277.16009    4096                 0.281
       1976 16.46666666667   34.39876   276.89333    4096                 0.358
       1977 16.47500000000   34.37779   276.62668    4096                 0.418
       1978 16.48333333333   34.35541   276.36017    4096                 0.462
       1979 16.49166666667   34.33163   276.09380    4096                 0.627
       1980 16.50000000000   34.30645   275.82759    4096                 0.614
       1981 16.50833333333   34.27987   275.56156    4096                 0.611
       1982 16.51666666667   34.25190   275.29573    4096                 0.649
       1983 16.52500000000   34.22255   275.03011    4096                 0.689
       1984 16.53333333333   34.19181   274.76471    4096                 0.742
       1985 16.54166666667   34.15969   274.49956    4096                 0.784
       1986 16.55000000000   34.12620   274.23466    4096                 0.795
       1987 16.55833333333   34.09133   273.97003    4096                 0.815
       1988 16.56666666667   34.05510   273.70570    4096                 0.885
       1989 16.57500000000   34.01751   273.44166    4096                 0.959
       1990 16.58333333333   33.97856   273.17795    4096                 0.941
       1991 16.59166666667   33.93826   272.91456    4096                 0.940
       1992 16.60000000000   33.89661   272.65152    4096                 0.977
       1993 16.60833333333   33.85362   272.38885    4096                 1.015
       1994 16.61666666667   33.80929   272.12655    4096                 1.076
       1995 16.62500000000   33.76363   271.86463    4096                 1.091
       1996 16.63333333333   33.71664   271.60312    4096                 1.126
       1997 16.64166666667   33.66834   271.34203    4096                 1.158
       1998 16.65000000000   33.61872   271.08137    4096                 1.227
       1999 16.65833333333   33.56779   270.82115    4096                 1.278
       2000 16.66666666667   33.51555   270.56138    4096                 1.288
       2001 16.67500000000   33.46203   270.30209    4096                 1.322
       2002 16.68333333333   33.40721   270.04328    4096                 1.363
       2003 16.69166666667   33.35110   269.78496    4096                 1.443
       2004 16.70000000000   33.29372   269.52714    4096                 1.494
       2005 16.70833333333   33.23507   269.26985    4096                 1.551
       2006 16.71666666667   33.17516   269.01308    4096                 1.603
       2007 16.72500000000   33.11398   268.75686    4096                 1.633
       2008 16.73333333333   33.05156   268.50119    4096                 1.679
       2009 16.74166666667   32.98789   268.24609    4096                 1.740
       2010 16.75000000000   32.92298   267.99156    4096                 1.786
       2011 16.75833333333   32.85685   267.73761    4096                 1.784
       2012 16.76666666667   32.78949   267.48427    4096                 1.838
       2013 16.77500000000   32.72091   267.23152    4096                 1.898
       2014 16.78333333333   32.65113   266.97940    4096                 1.953
       2015 16.79166666667   32.58014   266.72790    4096                 2.028
       2016 16.80000000000   32.50797   266.47704    4096                 2.090
       2017 16.80833333333   32.43460   266.22683    4096                 2.131
       2018 16.81666666667   32.36006   265.97727    4096                 2.203
       2019 16.82500000000   32.28435   265.72837    4096                 2.295
       2020 16.83333333333   32.20747   265.48015    4096                 2.395
       2021 16.84166666667   32.12944   265.23261    4096                 2.461
       2022 16.85000000000   32.05027   264.98576    4096                 2.530
       2023 16.85833333333   31.96995   264.73960    4096                 2.579
       2024 16.86666666667   31.88851   264.49415    4096                 2.659
       2025 16.87500000000   31.80594   264.24942    4096                 2.727
       2026 16.88333333333   31.72225   264.00540    4096                 2.792
       2027 16.89166666667   31.63746   263.76211    4096                 2.894
       2028 16.90000000000   31.55157   263.51956    4096                 2.972
       2029 16.90833333333   31.46459   263.27775    4096                 2.999
       2030 16.91666666667   31.37653   263.03669    4096                 3.066
       2031 16.92500000000   31.28740   262.79638    4096                 3.133
       2032 16.93333333333   31.19720   262.55683    4096                 3.222
       2033 16.94166666667   31.10594   262.31804    4096                 3.318
       2034 16.95000000000   31.01364   262.08003    4096                 3.330
       2035 16.95833333333   30.92030   261.84280    4096                 3.393
       2036 16.96666666667   30.82592   261.60635    4096                 3.478
       2037 16.97500000000   30.73053   261.37068    4096                 3.522
       2038 16.98333333333   30.63412   261.13581    4096                 3.585
       2039 16.99166666667   30.53670   260.90174    4096                 3.634
       2040 17.00000000000   30.43829   260.66846    4096                 3.685
       2041 17.00833333333   30.33889   260.43600    4096                 3.734
       2042 17.01666666667   30.23852   260.20434    4096                 3.826
       2043 17.02500000000   30.13717   259.97349    4096                 3.898
       2044 17.03333333333   30.03486   259.74346    4096                 3.973
       2045 17.04166666667   29.93160   259.51425    4096                 4.059
       2046 17.05000000000   29.82739   259.28587    4096                 4.111
       2047 17.05833333333   29.72225   259.05831    4096                 4.230
       2048 17.06666666667   29.61619   258.83158    4096                 4.300
       2049 17.07500000000   29.50920   258.60568    4096                 4.407
       2050 17.08333333333   29.40131   258.38062    4096                 4.520
       2051 17.09166666667   29.29252   258.15639    4096                 4.595
       2052 17.10000000000   29.18284   257.93300    4096                 4.685
       2053 17.10833333333   29.07227   257.71045    4096                 4.764
       2054 17.11666666667   28.96083   257.48875    4096                 4.851
       2055 17.12500000000   28.84853   257.26788    4096                 4.955
       2056 17.13333333333   28.73537   257.04786    4096                 5.068
       2057 17.14166666667   28.62137   256.82869    4096                 5.187
       2058 17.15000000000   28.50653   256.61036    4096                 5.276
       2059 17.15833333333   28.39086   256.39289    4096                 5.377
       2060 17.16666666667   28.27437   256.17626    4096                 5.513
       2061 17.17500000000   28.15706   255.96048    4096                 5.695
       2062 17.18333333333   28.03896   255.74555    4096                 5.850
       2063 17.19166666667   27.92006   255.53146    4096                 5.975
       2064 17.20000000000   27.80038   255.31823    4096                 6.088
       2065 17.20833333333   27.67991   255.10585    4096                 6.219
       2066 17.21666666667   27.55869   254.89432    4096                 6.373
       2067 17.22500000000   27.43670   254.68363    4096                 6.546
       2068 17.23333333333   27.31396   254.47379    4096                 6.698
       2069 17.24166666667   27.19048   254.26481    4096                 6.841
       2070 17.25000000000   27.06627   254.05666    4096                 6.966
       2071 17.25833333333   26.94134   253.84937    4096                 7.101
       2072 17.26666666667   26.81569   253.64292    4096                 7.212
       2073 17.27500000000   26.68933   253.43731    4096                 7.333
       2074 17.28333333333   26.56227   253.23254    4096                 7.455
       2075 17.29166666667   26.43453   253.02862    4096                 7.657
       2076 17.30000000000   26.30610   252.82553    4096                 7.843
       2077 17.30833333333   26.17700   252.62328    4096                 7.989
       2078 17.31666666667   26.04723   252.42187    4096                 8.144
       2079 17.32500000000   25.91681   252.22129    4096                 8.322
       2080 17.33333333333   25.78574   252.02154    4096                 8.493
       2081 17.34166666667   25.65404   251.82262    4096                 8.652
       2082 17.35000000000   25.52170   251.62453    4096                 8.762
       2083 17.35833333333   25.38874   251.42726    4096                 8.896
       2084 17.36666666667   25.25516   251.23081    4096                 9.044
       2085 17.37500000000   25.12098   251.03519    4096                 9.216
       2086 17.38333333333   24.98620   250.84038    4096                 9.360
       2087 17.39166666667   24.85083   250.64638    4096                 9.492
       2088 17.40000000000   24.71488   250.45320    4096                 9.649
       2089 17.40833333333   24.57835   250.26082    4096                 9.823
       2090 17.41666666667   24.44126   250.06925    4096                 9.970
       2091 17.42500000000   24.30361   249.87849    4096                10.118
       2092 17.43333333333   24.16542   249.68852    4096                10.305
       2093 17.44166666667   24.02668   249.49934    4096                10.507
       2094 17.45000000000   23.88740   249.31096    4096                10.667
       2095 17.45833333333   23.74760   249.12337    4096                10.824
       2096 17.46666666667   23.60729   248.93656    4096                10.950
       2097 17.47500000000   23.46646   248.75053    4096                11.105
       2098 17.48333333333   23.32513   248.56528    4096                11.350
       2099 17.49166666667   23.18331   248.38080    4096                11.571
       2100 17.50000000000   23.04099   248.19710    4096                11.707
       2101 17.50833333333   22.89820   248.01416    4096                11.863
       2102 17.51666666667   22.75494   247.83198    4096                11.971
       2103 17.52500000000   22.61121   247.65056    4096                12.120
       2104 17.53333333333   22.46702   247.46990    4096                12.343
       2105 17.54166666667   22.32239   247.28999    4096                12.590
       2106 17.55000000000   22.17731   247.11082    4096                12.801
       2107 17.55833333333   22.03180   246.93239    4096                13.110
       2108 17.56666666667   21.88586   246.75470    4096                13.342
       2109 17.57500000000   21.73950   246.57774    4096                13.542
       2110 17.58333333333   21.59273   246.40152    4096                13.756
       2111 17.59166666667   21.44555   246.22601    4096                13.999
       2112 17.60000000000   21.29797   246.05123    4096                14.270
       2113 17.60833333333   21.15000   245.87716    4096                14.514
       2114 17.61666666667   21.00164   245.70380    4096                14.770
       2115 17.62500000000   20.85291   245.53115    4096                15.052
       2116 17.63333333333   20.70381   245.35919    4096                15.303
       2117 17.64166666667   20.55434   245.18794    4096                15.553
       2118 17.65000000000   20.40452   245.01738    4096                15.778
       2119 17.65833333333   20.25434   244.84750    4096                16.031
       2120 17.66666666667   20.10383   244.67831    4096                16.334
       2121 17.67500000000   19.95297   244.50979    4096                16.659
       2122 17.68333333333   19.80179   244.34195    4096                16.943
       2123 17.69166666667   19.65028   244.17477    4096                17.193
       2124 17.70000000000   19.49845   244.00826    4096                17.381
       2125 17.70833333333   19.34632   243.84240    4096                17.589
       2126 17.71666666667   19.19388   243.67720    4096                17.880
       2127 17.72500000000   19.04114   243.51265    4096                18.207
       2128 17.73333333333   18.88812   243.34873    4096                18.569
       2129 17.74166666667   18.73480   243.18546    4096                18.888
       2130 17.75000000000   18.58121   243.02282    4096                19.117
       2131 17.75833333333   18.42735   242.86081    4096                19.166
       2132 17.76666666667   18.27322   242.69942    4096                19.367
       2133 17.77500000000   18.11884   242.53864    4096                19.570
       2134 17.78333333333   17.96419   242.37848    4096                19.865
       2135 17.79166666667   17.80931   242.21893    4096                20.193
       2136 17.80000000000   17.65418   242.05998    4096                20.514
       2137 17.80833333333   17.49881   241.90163    4096                20.818
       2138 17.81666666667   17.34321   241.74386    4096                21.065
       2139 17.82500000000   17.18740   241.58669    4096                21.374
       2140 17.83333333333   17.03136   241.43009    4096                21.633
       2141 17.84166666667   16.87511   241.27408    4096                21.884
       2142 17.85000000000   16.71866   241.11863    4096                22.104
       2143 17.85833333333   16.56200   240.96375    4096                22.311
       2144 17.86666666667   16.40516   240.80943    4096                22.558
       2145 17.87500000000   16.24812   240.65567    4096                22.822
       2146 17.88333333333   16.09090   240.50245    4096                23.132
       2147 17.89166666667   15.93350   240.34978    4096                23.452
       2148 17.90000000000   15.77593   240.19765    4096                23.720
       2149 17.90833333333   15.61819   240.04606    4096                24.024
       2150 17.91666666667   15.46029   239.89499    4096                24.295
       2151 17.92500000000   15.30224   239.74445    4096                24.572
       2152 17.93333333333   15.14403   239.59443    4096                24.783
       2153 17.94166666667   14.98568   239.44492    4096                25.062
       2154 17.95000000000   14.82719   239.29592    4096                25.413
       2155 17.95833333333   14.66857   239.14742    4096                25.756
       2156 17.96666666667   14.50981   238.99942    4096                26.105
       2157 17.97500000000   14.35093   238.85192    4096                26.460
       2158 17.98333333333   14.19194   238.70490    4096                26.762
       2159 17.99166666667   14.03282   238.55836    4096                26.989
       2160 18.00000000000   13.87391   238.41105    4096                27.296
       2161 18.00833333333   13.71428   238.26671    4096                27.597
       2162 18.01666666667   13.55485   238.12159    4096                27.928
       2163 18.02500000000   13.39534   237.97693    4096                28.271
       2164 18.03333333333   13.23573   237.83273    4096                28.648
       2165 18.04166666667   13.07604   237.68897    4096                29.078
       2166 18.05000000000   12.91627   237.54567    4096                29.449
       2167 18.05833333333   12.75642   237.40280    4096                29.810
       2168 18.06666666667   12.59650   237.26037    4096                30.172
       2169 18.07500000000   12.43652   237.11837    4096                30.525
       2170 18.08333333333   12.27648   236.97680    4096                30.874
       2171 18.09166666667   12.11638   236.83564    4096                31.213
       2172 18.10000000000   11.95623   236.69490    4096                31.575
       2173 18.10833333333   11.79603   236.55457    4096                31.931
       2174 18.11666666667   11.63580   236.41465    4096                32.186
       2175 18.12500000000   11.47552   236.27512    4096                32.603
       2176 18.13333333333   11.31521   236.13599    4096                32.996
       2177 18.14166666667   11.15487   235.99726    4096                33.331
       2178 18.15000000000   10.99450   235.85890    4096                33.711
       2179 18.15833333333   10.83412   235.72092    4096                34.080
       2180 18.16666666667   10.67372   235.58332    4096                34.498
       2181 18.17500000000   10.51331   235.44609    4096                34.871
       2182 18.18333333333   10.35289   235.30923    4096                35.259
       2183 18.19166666667   10.19247   235.17272    4096                35.671
       2184 18.20000000000   10.03205   235.03657    4096                36.121
       2185 18.20833333333    9.87163   234.90076    4096                36.532
       2186 18.21666666667    9.71122   234.76531    4096                36.977
       2187 18.22500000000    9.55083   234.63019    4096                37.416
       2188 18.23333333333    9.39045   234.49541    4096                37.885
       2189 18.24166666667    9.23010   234.36095    4096                38.359
       2190 18.25000000000    9.06977   234.22683    4096                38.893
       2191 18.25833333333    8.90947   234.09302    4096                39.420
       2192 18.26666666667    8.74920   233.95953    4096                40.033
       2193 18.27500000000    8.58898   233.82635    4096                40.633
       2194 18.28333333333    8.42879   233.69348    4096                41.251
       2195 18.29166666667    8.26865   233.56090    4096                41.915
       2196 18.30000000000    8.10855   233.42863    4096                42.526
       2197 18.30833333333    7.94851   233.29664    4096                43.072
       2198 18.31666666667    7.78853   233.16494    4096                43.541
       2199 18.32500000000    7.62860   233.03353    4096                44.085
       2200 18.33333333333    7.46874   232.90239    4096                44.615
       2201 18.34166666667    7.30895   232.77152    4096                45.157
       2202 18.35000000000    7.14923   232.64093    4096                45.838
       2203 18.35833333333    6.98959   232.51059    4096                46.602
       2204 18.36666666667    6.83002   232.38052    4096                47.327
       2205 18.37500000000    6.67053   232.25070    4096                48.123
       2206 18.38333333333    6.51113   232.12112    4096                48.977
       2207 18.39166666667    6.35182   231.99180    4096                49.883
       2208 18.40000000000    6.19261   231.86271    4096                50.867
       2209 18.40833333333    6.03349   231.73386    4096                51.854
       2210 18.41666666667    5.87447   231.60524    4096                52.872
       2211 18.42500000000    5.71555   231.47685    4096                53.914
       2212 18.43333333333    5.55674   231.34868    4096                54.984
       2213 18.44166666667    5.39804   231.22073    4096                56.118
       2214 18.45000000000    5.23945   231.09300    4096                57.246
       2215 18.45833333333    5.08098   230.96547    4096                58.391
       2216 18.46666666667    4.92263   230.83814    4096                59.623
       2858 23.81666666667    5.07162   140.62595    4096                -3.933
       2859 23.82500000000    5.23865   140.50931    4096                -4.117
       2860 23.83333333333    5.40589   140.39253    4096                -4.296
       2861 23.84166666667    5.57333   140.27560    4096                -4.629
       2862 23.85000000000    5.74097   140.15852    4096                -4.976
       2863 23.85833333333    5.90880   140.04129    4096                -5.276
       2865 23.87500000000    6.24505   139.80635    4464                 0.000
       2866 23.88333333333    6.41345   139.68863    4096                -3.948
       2867 23.89166666667    6.58205   139.57074    4096                -4.309
       2868 23.90000000000    6.75082   139.45267    4096                -4.595
       2869 23.90833333333    6.91977   139.33441    4096                -4.773
       2870 23.91666666667    7.08890   139.21597    4096                -4.907
       2871 23.92500000000    7.25820   139.09734    4096                -5.141
       2872 23.93333333333    7.42767   138.97851    4096                -5.320
       2873 23.94166666667    7.59731   138.85949    4096                -5.746
       2874 23.95000000000    7.76711   138.74025    4096                -6.225
       2875 23.95833333333    7.93707   138.62080    4096                -6.636
       2876 23.96666666667    8.10719   138.50114    4096                -7.068
       2877 23.97500000000    8.27746   138.38126    4096                -7.592
       2878 23.98333333333    8.44788   138.26115    4096                -8.026
       2879 23.99166666667    8.61845   138.14081    4096                -8.446
