# Created on 2018-12-12 16:17:48 
# Sources: d:\gpsother\tec-suite\in\2015\abcd0770.15d.Z, d:\gpsother\tec-suite\in\2015\brdc0770.15n.Z
# Satellite: G19
# Interval: 30.0
# Sampling interval: 0.0 (not used).
# Site: abcd
# Position (L, B, H): 253.601641965, 52.1962622634, 578.574894483
# Position (X, Y, Z): -1106129.71, -3758704.03, 5016675.77
# datetime format: %Y-%m-%dT%H:%M:%S
# Columns: tsn, hour, el, az, validity, tec.l1l2
# (I11,1X,F14.11,1X,F10.5,1X,F11.5,1X,I7,1X,F21.3)
          0  0.00000000000   48.20829    95.54412    4096               -35.864
          1  0.00833333333   48.25166    95.18655    4096               -35.899
          2  0.01666666667   48.29305    94.82833    4096               -35.956
          3  0.02500000000   48.33244    94.46951    4096               -35.674
          4  0.03333333333   48.36983    94.11012    4096               -35.763
          5  0.04166666667   48.40521    93.75021    4096               -36.138
          6  0.05000000000   48.43858    93.38981    4096               -35.836
          7  0.05833333333   48.46993    93.02897    4096               -35.776
          8  0.06666666667   48.49925    92.66772    4096               -36.061
          9  0.07500000000   48.52655    92.30611    4096               -35.697
         10  0.08333333333   48.55181    91.94418    4096               -35.720
         11  0.09166666667   48.57503    91.58197    4096               -35.649
         12  0.10000000000   48.59622    91.21953    4096               -35.571
         13  0.10833333333   48.61535    90.85689    4096               -35.858
         14  0.11666666667   48.63244    90.49410    4096               -35.429
         15  0.12500000000   48.64748    90.13120    4096               -35.713
         16  0.13333333333   48.66047    89.76823    4096               -35.123
         17  0.14166666667   48.67140    89.40524    4096               -33.531
         18  0.15000000000   48.68028    89.04228    4096               -33.794
         19  0.15833333333   48.68710    88.67938    4096               -34.892
         20  0.16666666667   48.69186    88.31659    4096               -35.013
         21  0.17500000000   48.69456    87.95395    4096               -35.302
         22  0.18333333333   48.69521    87.59151    4096               -35.918
         23  0.19166666667   48.69379    87.22931    4096               -35.816
         24  0.20000000000   48.69032    86.86740    4096               -35.989
         25  0.20833333333   48.68480    86.50581    4096               -36.184
         26  0.21666666667   48.67722    86.14460    4096               -36.352
         27  0.22500000000   48.66758    85.78380    4096               -36.187
         28  0.23333333333   48.65590    85.42345    4096               -36.037
         29  0.24166666667   48.64217    85.06361    4096               -36.162
         30  0.25000000000   48.62639    84.70432    4096               -36.191
         31  0.25833333333   48.60858    84.34561    4096               -36.193
         32  0.26666666667   48.58873    83.98753    4096               -36.234
         33  0.27500000000   48.56684    83.63013    4096               -36.022
         34  0.28333333333   48.54292    83.27343    4096               -35.802
         35  0.29166666667   48.51699    82.91750    4096               -35.830
         36  0.30000000000   48.48903    82.56236    4096               -35.716
         37  0.30833333333   48.45906    82.20806    4096               -35.562
         38  0.31666666667   48.42708    81.85464    4096               -35.577
         39  0.32500000000   48.39311    81.50214    4096               -35.618
         40  0.33333333333   48.35714    81.15060    4096               -35.981
         41  0.34166666667   48.31918    80.80005    4096               -35.977
         42  0.35000000000   48.27924    80.45054    4096               -35.923
         43  0.35833333333   48.23733    80.10211    4096               -35.768
         44  0.36666666667   48.19346    79.75479    4096               -35.529
         45  0.37500000000   48.14763    79.40861    4096               -35.590
         46  0.38333333333   48.09985    79.06363    4096               -35.692
         47  0.39166666667   48.05014    78.71986    4096               -35.901
         48  0.40000000000   47.99849    78.37736    4096               -35.825
         49  0.40833333333   47.94493    78.03615    4096               -35.776
         50  0.41666666667   47.88946    77.69626    4096               -35.596
         51  0.42500000000   47.83208    77.35773    4096               -35.329
         52  0.43333333333   47.77282    77.02060    4096               -35.351
         53  0.44166666667   47.71167    76.68489    4096               -35.247
         54  0.45000000000   47.64866    76.35064    4096               -35.464
         55  0.45833333333   47.58379    76.01788    4096               -35.405
         56  0.46666666667   47.51708    75.68664    4096               -35.327
         57  0.47500000000   47.44852    75.35694    4096               -35.528
         58  0.48333333333   47.37815    75.02882    4096               -35.761
         59  0.49166666667   47.30596    74.70231    4096               -35.727
         60  0.50000000000   47.23198    74.37743    4096               -35.713
         61  0.50833333333   47.15621    74.05420    4096               -35.866
         62  0.51666666667   47.07866    73.73266    4096               -35.965
         63  0.52500000000   46.99936    73.41283    4096               -35.929
         64  0.53333333333   46.91830    73.09473    4096               -35.793
         65  0.54166666667   46.83551    72.77839    4096               -35.641
         66  0.55000000000   46.75100    72.46384    4096               -35.652
         67  0.55833333333   46.66478    72.15108    4096               -35.566
         68  0.56666666667   46.57687    71.84015    4096               -35.241
         69  0.57500000000   46.48727    71.53106    4096               -35.477
         70  0.58333333333   46.39601    71.22384    4096               -35.490
         71  0.59166666667   46.30309    70.91850    4096               -35.642
         72  0.60000000000   46.20853    70.61506    4096               -35.655
         73  0.60833333333   46.11235    70.31354    4096               -35.934
         74  0.61666666667   46.01456    70.01396    4096               -35.946
         75  0.62500000000   45.91517    69.71634    4096               -35.976
         76  0.63333333333   45.81420    69.42068    4096               -36.123
         77  0.64166666667   45.71166    69.12700    4096               -36.199
         78  0.65000000000   45.60758    68.83532    4096               -36.347
         79  0.65833333333   45.50195    68.54566    4096               -36.577
         80  0.66666666667   45.39480    68.25801    4096               -36.501
         81  0.67500000000   45.28614    67.97241    4096               -36.389
         82  0.68333333333   45.17599    67.68885    4096               -36.464
         83  0.69166666667   45.06437    67.40734    4096               -36.590
         84  0.70000000000   44.95128    67.12791    4096               -36.526
         85  0.70833333333   44.83674    66.85055    4096               -36.463
         86  0.71666666667   44.72077    66.57527    4096               -36.541
         87  0.72500000000   44.60338    66.30209    4096               -36.604
         88  0.73333333333   44.48459    66.03101    4096               -36.649
         89  0.74166666667   44.36442    65.76204    4096               -36.662
         90  0.75000000000   44.24287    65.49518    4096               -36.763
         91  0.75833333333   44.11997    65.23044    4096               -36.934
         92  0.76666666667   43.99573    64.96783    4096               -36.935
         93  0.77500000000   43.87016    64.70734    4096               -36.990
         94  0.78333333333   43.74328    64.44898    4096               -36.750
         95  0.79166666667   43.61510    64.19277    4096               -36.745
         96  0.80000000000   43.48565    63.93869    4096               -36.667
         97  0.80833333333   43.35492    63.68675    4096               -36.952
         98  0.81666666667   43.22295    63.43695    4096               -37.026
         99  0.82500000000   43.08975    63.18930    4096               -37.083
        100  0.83333333333   42.95532    62.94379    4096               -36.883
        101  0.84166666667   42.81969    62.70042    4096               -36.934
        102  0.85000000000   42.68287    62.45920    4096               -36.983
        103  0.85833333333   42.54488    62.22013    4096               -36.864
        104  0.86666666667   42.40572    61.98319    4096               -36.678
        105  0.87500000000   42.26542    61.74840    4096               -36.501
        106  0.88333333333   42.12399    61.51575    4096               -36.487
        107  0.89166666667   41.98145    61.28523    4096               -36.491
        108  0.90000000000   41.83780    61.05684    4096               -36.395
        109  0.90833333333   41.69307    60.83059    4096               -36.977
        110  0.91666666667   41.54726    60.60646    4096               -36.905
        111  0.92500000000   41.40040    60.38445    4096               -37.084
        112  0.93333333333   41.25249    60.16457    4096               -37.309
        113  0.94166666667   41.10356    59.94680    4096               -37.433
        114  0.95000000000   40.95361    59.73113    4096               -37.324
        115  0.95833333333   40.80266    59.51757    4096               -37.291
        116  0.96666666667   40.65072    59.30611    4096               -37.388
        117  0.97500000000   40.49781    59.09674    4096               -37.119
        118  0.98333333333   40.34394    58.88945    4096               -37.178
        119  0.99166666667   40.18913    58.68424    4096               -37.050
        120  1.00000000000   40.03338    58.48111    4096               -37.195
        121  1.00833333333   39.87672    58.28004    4096               -37.065
        122  1.01666666667   39.71915    58.08103    4096               -36.929
        123  1.02500000000   39.56069    57.88407    4096               -36.971
        124  1.03333333333   39.40135    57.68915    4096               -36.848
        125  1.04166666667   39.24115    57.49627    4096               -36.708
        126  1.05000000000   39.08010    57.30541    4096               -36.557
        127  1.05833333333   38.91821    57.11657    4096               -36.409
        128  1.06666666667   38.75549    56.92974    4096               -35.936
        129  1.07500000000   38.59196    56.74491    4096               -36.285
        130  1.08333333333   38.42763    56.56208    4096               -36.150
        131  1.09166666667   38.26251    56.38122    4096               -36.293
        132  1.10000000000   38.09662    56.20234    4096               -36.498
        133  1.10833333333   37.92996    56.02543    4096               -36.287
        134  1.11666666667   37.76255    55.85047    4096               -36.687
        135  1.12500000000   37.59440    55.67745    4096               -36.705
        136  1.13333333333   37.42553    55.50637    4096               -36.503
        137  1.14166666667   37.25594    55.33721    4096               -36.059
        138  1.15000000000   37.08565    55.16997    4096               -35.923
        139  1.15833333333   36.91467    55.00463    4096               -36.187
        140  1.16666666667   36.74301    54.84119    4096               -35.899
        141  1.17500000000   36.57068    54.67963    4096               -36.096
        142  1.18333333333   36.39769    54.51995    4096               -36.012
        143  1.19166666667   36.22405    54.36213    4096               -36.078
        144  1.20000000000   36.04979    54.20616    4096               -35.976
        145  1.20833333333   35.87490    54.05203    4096               -35.549
        146  1.21666666667   35.69939    53.89974    4096               -35.454
        147  1.22500000000   35.52329    53.74926    4096               -35.540
        148  1.23333333333   35.34659    53.60060    4096               -35.200
        149  1.24166666667   35.16931    53.45373    4096               -34.742
        150  1.25000000000   34.99146    53.30865    4096               -35.214
        151  1.25833333333   34.81306    53.16535    4096               -35.288
        152  1.26666666667   34.63410    53.02381    4096               -35.624
        153  1.27500000000   34.45460    52.88403    4096               -35.454
        154  1.28333333333   34.27458    52.74599    4096               -34.810
        155  1.29166666667   34.09403    52.60968    4096               -35.442
        156  1.30000000000   33.91298    52.47510    4096               -35.460
        157  1.30833333333   33.73142    52.34222    4096               -35.376
        158  1.31666666667   33.54938    52.21105    4096               -35.360
        159  1.32500000000   33.36685    52.08156    4096               -35.170
        160  1.33333333333   33.18385    51.95375    4096               -34.327
        161  1.34166666667   33.00040    51.82760    4096               -33.877
        162  1.35000000000   32.81648    51.70311    4096               -34.255
        163  1.35833333333   32.63213    51.58026    4096               -34.554
        164  1.36666666667   32.44734    51.45905    4096               -34.630
        165  1.37500000000   32.26212    51.33946    4096               -34.694
        166  1.38333333333   32.07648    51.22147    4096               -34.532
        167  1.39166666667   31.89044    51.10509    4096               -34.704
        168  1.40000000000   31.70400    50.99029    4096               -34.946
        169  1.40833333333   31.51716    50.87707    4096               -34.691
        170  1.41666666667   31.32994    50.76542    4096               -35.044
        171  1.42500000000   31.14235    50.65532    4096               -35.007
        172  1.43333333333   30.95439    50.54676    4096               -35.231
        173  1.44166666667   30.76607    50.43974    4096               -35.111
        174  1.45000000000   30.57740    50.33424    4096               -34.856
        175  1.45833333333   30.38839    50.23026    4096               -35.210
        176  1.46666666667   30.19904    50.12777    4096               -34.558
        177  1.47500000000   30.00936    50.02678    4096               -34.404
        178  1.48333333333   29.81937    49.92726    4096               -34.894
        179  1.49166666667   29.62906    49.82921    4096               -35.129
        180  1.50000000000   29.43845    49.73262    4096               -34.108
        181  1.50833333333   29.24754    49.63748    4096               -33.709
        182  1.51666666667   29.05633    49.54378    4096               -33.259
        183  1.52500000000   28.86485    49.45150    4096               -33.128
        184  1.53333333333   28.67309    49.36065    4096               -34.257
        185  1.54166666667   28.48106    49.27119    4096               -34.210
        186  1.55000000000   28.28877    49.18313    4096               -34.757
        187  1.55833333333   28.09622    49.09646    4096               -34.562
        188  1.56666666667   27.90342    49.01117    4096               -34.246
        189  1.57500000000   27.71038    48.92724    4096               -33.375
        190  1.58333333333   27.51711    48.84466    4096               -33.366
        191  1.59166666667   27.32360    48.76344    4096               -32.683
        192  1.60000000000   27.12987    48.68354    4096               -32.595
        193  1.60833333333   26.93593    48.60498    4096               -32.421
        194  1.61666666667   26.74177    48.52773    4096               -32.474
        195  1.62500000000   26.54741    48.45178    4096               -32.917
        196  1.63333333333   26.35285    48.37714    4096               -33.159
        197  1.64166666667   26.15810    48.30378    4096               -35.119
        198  1.65000000000   25.96317    48.23169    4096               -34.887
        199  1.65833333333   25.76805    48.16088    4096               -32.621
        200  1.66666666667   25.57275    48.09133    4096               -33.676
        201  1.67500000000   25.37729    48.02302    4096               -34.321
        202  1.68333333333   25.18166    47.95596    4096               -33.890
        203  1.69166666667   24.98588    47.89012    4096               -34.590
        204  1.70000000000   24.78994    47.82551    4096               -34.289
        205  1.70833333333   24.59386    47.76211    4096               -34.493
        206  1.71666666667   24.39763    47.69992    4096               -34.650
        207  1.72500000000   24.20126    47.63892    4096               -34.821
        208  1.73333333333   24.00477    47.57910    4096               -34.206
        209  1.74166666667   23.80814    47.52047    4096               -34.707
        210  1.75000000000   23.61140    47.46300    4096               -35.099
        211  1.75833333333   23.41454    47.40669    4096               -34.593
        212  1.76666666667   23.21756    47.35154    4096               -35.204
        213  1.77500000000   23.02048    47.29752    4096               -34.321
        214  1.78333333333   22.82330    47.24465    4096               -34.821
        215  1.79166666667   22.62602    47.19289    4096               -34.753
        216  1.80000000000   22.42864    47.14226    4096               -34.979
        217  1.80833333333   22.23118    47.09274    4096               -34.581
        218  1.81666666667   22.03363    47.04431    4096               -33.683
        219  1.82500000000   21.83600    46.99698    4096               -34.700
        220  1.83333333333   21.63830    46.95074    4096               -34.873
        221  1.84166666667   21.44053    46.90557    4096               -36.033
        222  1.85000000000   21.24269    46.86148    4096               -36.577
        223  1.85833333333   21.04479    46.81844    4096               -35.643
        224  1.86666666667   20.84682    46.77646    4096               -35.375
        225  1.87500000000   20.64881    46.73552    4096               -35.597
        226  1.88333333333   20.45074    46.69562    4096               -34.832
        227  1.89166666667   20.25263    46.65676    4096               -35.811
        228  1.90000000000   20.05448    46.61891    4096               -35.304
        229  1.90833333333   19.85628    46.58209    4096               -35.356
        230  1.91666666667   19.65806    46.54627    4096               -35.893
        231  1.92500000000   19.45980    46.51145    4096               -36.102
        232  1.93333333333   19.26151    46.47763    4096               -35.970
        233  1.94166666667   19.06320    46.44479    4096               -36.270
        234  1.95000000000   18.86487    46.41294    4096               -35.929
        235  1.95833333333   18.66652    46.38205    4096               -35.450
        236  1.96666666667   18.46816    46.35213    4096               -36.170
        237  1.97500000000   18.26979    46.32318    4096               -36.485
        238  1.98333333333   18.07141    46.29517    4096               -36.464
        239  1.99166666667   17.87303    46.26811    4096               -36.419
        240  2.00000000000   17.67461    46.24198    4096               -36.572
        241  2.00833333333   17.47628    46.21679    4096               -36.807
        242  2.01666666667   17.27791    46.19252    4096               -36.829
        243  2.02500000000   17.07955    46.16917    4096               -36.650
        244  2.03333333333   16.88120    46.14673    4096               -36.520
        245  2.04166666667   16.68287    46.12520    4096               -36.439
        246  2.05000000000   16.48456    46.10457    4096               -36.102
        247  2.05833333333   16.28627    46.08483    4096               -35.843
        248  2.06666666667   16.08800    46.06598    4096               -35.548
        249  2.07500000000   15.88976    46.04800    4096               -35.297
        250  2.08333333333   15.69155    46.03090    4096               -34.970
        251  2.09166666667   15.49338    46.01467    4096               -34.721
        252  2.10000000000   15.29524    45.99930    4096               -34.525
        253  2.10833333333   15.09714    45.98479    4096               -34.350
        254  2.11666666667   14.89909    45.97113    4096               -34.528
        255  2.12500000000   14.70107    45.95831    4096               -35.068
        256  2.13333333333   14.50310    45.94633    4096               -35.319
        257  2.14166666667   14.30519    45.93518    4096               -35.149
        258  2.15000000000   14.10732    45.92486    4096               -34.965
        259  2.15833333333   13.90951    45.91536    4096               -34.738
        260  2.16666666667   13.71175    45.90667    4096               -34.713
        261  2.17500000000   13.51406    45.89880    4096               -34.391
        262  2.18333333333   13.31642    45.89173    4096               -34.109
        263  2.19166666667   13.11885    45.88546    4096               -34.322
        264  2.20000000000   12.92134    45.87998    4096               -33.670
        265  2.20833333333   12.72391    45.87529    4096               -33.219
        266  2.21666666667   12.52654    45.87138    4096               -32.157
        267  2.22500000000   12.32924    45.86825    4096               -33.004
        268  2.23333333333   12.13202    45.86590    4096               -33.303
        269  2.24166666667   11.93488    45.86431    4096               -32.946
        270  2.25000000000   11.73782    45.86348    4096               -33.220
        271  2.25833333333   11.54083    45.86341    4096               -33.590
        272  2.26666666667   11.34393    45.86409    4096               -33.819
        273  2.27500000000   11.14712    45.86552    4096               -33.731
        274  2.28333333333   10.95039    45.86769    4096               -33.887
        275  2.29166666667   10.75375    45.87060    4096               -33.844
        276  2.30000000000   10.55720    45.87424    4096               -34.102
        277  2.30833333333   10.36075    45.87861    4096               -34.431
        278  2.31666666667   10.16439    45.88370    4096               -34.359
        279  2.32500000000    9.96812    45.88951    4096               -34.367
        280  2.33333333333    9.77195    45.89603    4096               -34.425
        281  2.34166666667    9.57589    45.90327    4096               -34.331
        282  2.35000000000    9.37992    45.91120    4096               -34.704
        283  2.35833333333    9.18406    45.91984    4096               -34.841
        284  2.36666666667    8.98830    45.92917    4096               -34.757
        285  2.37500000000    8.79265    45.93920    4096               -34.667
        286  2.38333333333    8.59711    45.94991    4096               -34.717
        287  2.39166666667    8.40167    45.96130    4096               -34.706
        288  2.40000000000    8.20635    45.97337    4096               -34.844
        289  2.40833333333    8.01114    45.98611    4096               -34.998
        290  2.41666666667    7.81604    45.99952    4096               -35.001
        291  2.42500000000    7.62106    46.01360    4096               -34.929
        292  2.43333333333    7.42620    46.02834    4096               -34.747
        293  2.44166666667    7.23146    46.04374    4096               -34.656
        294  2.45000000000    7.03683    46.05979    4096               -34.729
        295  2.45833333333    6.84233    46.07648    4096               -34.824
        296  2.46666666667    6.64795    46.09383    4096               -34.934
        297  2.47500000000    6.45369    46.11181    4096               -34.852
        298  2.48333333333    6.25956    46.13043    4096               -34.721
        299  2.49166666667    6.06555    46.14968    4096               -34.566
        300  2.50000000000    5.87168    46.16956    4096               -34.471
        301  2.50833333333    5.67793    46.19007    4096               -34.421
        302  2.51666666667    5.48431    46.21120    4096               -34.201
        303  2.52500000000    5.29082    46.23295    4096               -34.250
        304  2.53333333333    5.09747    46.25531    4096               -34.295
       1488 12.40000000000    5.40692   325.79682    4096                 4.670
       1489 12.40833333333    5.59655   325.75389    4096                 4.329
       1490 12.41666666667    5.78606   325.71017    4096                 4.179
       1491 12.42500000000    5.97544   325.66565    4096                 3.893
       1492 12.43333333333    6.16469   325.62031    4096                 3.495
       1493 12.44166666667    6.35380   325.57417    4096                 3.253
       1494 12.45000000000    6.54277   325.52720    4096                 2.962
       1495 12.45833333333    6.73160   325.47942    4096                 2.677
       1496 12.46666666667    6.92028   325.43081    4096                 2.501
       1497 12.47500000000    7.10881   325.38138    4096                 2.249
       1498 12.48333333333    7.29719   325.33111    4096                 1.924
       1499 12.49166666667    7.48541   325.28000    4096                 1.988
       1500 12.50000000000    7.67346   325.22805    4096                 1.824
       1501 12.50833333333    7.86135   325.17526    4096                 1.441
       1502 12.51666666667    8.04908   325.12161    4096                 1.103
       1503 12.52500000000    8.23663   325.06711    4096                 0.851
       1504 12.53333333333    8.42400   325.01175    4096                 0.658
       1505 12.54166666667    8.61120   324.95553    4096                 0.525
       1506 12.55000000000    8.79821   324.89844    4096                 0.498
       1507 12.55833333333    8.98503   324.84047    4096                 0.654
       1508 12.56666666667    9.17166   324.78163    4096                 0.722
       1509 12.57500000000    9.35809   324.72191    4096                 0.150
       1510 12.58333333333    9.54433   324.66130    4096                -0.104
       1511 12.59166666667    9.73035   324.59980    4096                -0.218
       1512 12.60000000000    9.91618   324.53741    4096                -0.452
       1513 12.60833333333   10.10178   324.47412    4096                -0.627
       1514 12.61666666667   10.28718   324.40992    4096                -0.449
       1515 12.62500000000   10.47235   324.34481    4096                -0.462
       1516 12.63333333333   10.65729   324.27880    4096                -0.798
       1517 12.64166666667   10.84201   324.21186    4096                -1.095
       1518 12.65000000000   11.02649   324.14400    4096                -1.181
       1519 12.65833333333   11.21073   324.07522    4096                -1.352
       1520 12.66666666667   11.39473   324.00550    4096                -1.380
       1521 12.67500000000   11.57848   323.93485    4096                -1.431
       1522 12.68333333333   11.76198   323.86325    4096                -1.356
       1523 12.69166666667   11.94523   323.79071    4096                -1.358
       1524 12.70000000000   12.12821   323.71722    4096                -1.463
       1525 12.70833333333   12.31092   323.64278    4096                -1.490
       1526 12.71666666667   12.49337   323.56738    4096                -1.577
       1527 12.72500000000   12.67553   323.49101    4096                -1.616
       1528 12.73333333333   12.85742   323.41367    4096                -1.615
       1529 12.74166666667   13.03902   323.33536    4096                -1.548
       1530 12.75000000000   13.22034   323.25607    4096                -1.461
       1531 12.75833333333   13.40135   323.17580    4096                -1.399
       1532 12.76666666667   13.58207   323.09454    4096                -1.318
       1533 12.77500000000   13.76248   323.01229    4096                -1.347
       1534 12.78333333333   13.94258   322.92905    4096                -1.449
       1535 12.79166666667   14.12236   322.84480    4096                -1.611
       1536 12.80000000000   14.30182   322.75954    4096                -1.755
       1537 12.80833333333   14.48096   322.67327    4096                -1.815
       1538 12.81666666667   14.65976   322.58599    4096                -1.938
       1539 12.82500000000   14.83823   322.49768    4096                -2.042
       1540 12.83333333333   15.01635   322.40836    4096                -2.128
       1541 12.84166666667   15.19413   322.31800    4096                -2.241
       1542 12.85000000000   15.37155   322.22660    4096                -2.272
       1543 12.85833333333   15.54861   322.13417    4096                -2.383
       1544 12.86666666667   15.72531   322.04069    4096                -2.407
       1545 12.87500000000   15.90164   321.94616    4096                -2.416
       1546 12.88333333333   16.07759   321.85058    4096                -2.480
       1547 12.89166666667   16.25316   321.75395    4096                -2.320
       1548 12.90000000000   16.42834   321.65624    4096                -2.104
       1549 12.90833333333   16.60313   321.55748    4096                -2.002
       1550 12.91666666667   16.77752   321.45763    4096                -2.092
       1551 12.92500000000   16.95150   321.35672    4096                -2.345
       1552 12.93333333333   17.12507   321.25472    4096                -2.369
       1553 12.94166666667   17.29822   321.15163    4096                -2.422
       1554 12.95000000000   17.47095   321.04746    4096                -2.493
       1555 12.95833333333   17.64325   320.94219    4096                -2.595
       1556 12.96666666667   17.81512   320.83582    4096                -2.670
       1557 12.97500000000   17.98654   320.72834    4096                -2.760
       1558 12.98333333333   18.15751   320.61976    4096                -2.860
       1559 12.99166666667   18.32803   320.51006    4096                -2.959
       1560 13.00000000000   18.49809   320.39925    4096                -2.979
       1561 13.00833333333   18.66767   320.28732    4096                -2.913
       1562 13.01666666667   18.83679   320.17426    4096                -2.731
       1563 13.02500000000   19.00542   320.06006    4096                -2.696
       1564 13.03333333333   19.17356   319.94474    4096                -2.678
       1565 13.04166666667   19.34121   319.82827    4096                -2.528
       1566 13.05000000000   19.50836   319.71066    4096                -2.594
       1567 13.05833333333   19.67500   319.59191    4096                -2.773
       1568 13.06666666667   19.84113   319.47200    4096                -2.816
       1569 13.07500000000   20.00673   319.35093    4096                -2.875
       1570 13.08333333333   20.17181   319.22871    4096                -2.943
       1571 13.09166666667   20.33635   319.10532    4096                -2.949
       1572 13.10000000000   20.50035   318.98077    4096                -3.124
       1573 13.10833333333   20.66380   318.85504    4096                -3.312
       1574 13.11666666667   20.82669   318.72813    4096                -3.335
       1575 13.12500000000   20.98902   318.60005    4096                -3.258
       1576 13.13333333333   21.15077   318.47078    4096                -3.273
       1577 13.14166666667   21.31195   318.34033    4096                -3.307
       1578 13.15000000000   21.47254   318.20869    4096                -3.318
       1579 13.15833333333   21.63254   318.07585    4096                -3.311
       1580 13.16666666667   21.79194   317.94181    4096                -3.225
       1581 13.17500000000   21.95073   317.80657    4096                -3.174
       1582 13.18333333333   22.10891   317.67013    4096                -3.119
       1583 13.19166666667   22.26646   317.53248    4096                -3.056
       1584 13.20000000000   22.42338   317.39362    4096                -2.976
       1585 13.20833333333   22.57967   317.25354    4096                -2.969
       1586 13.21666666667   22.73531   317.11225    4096                -3.071
       1587 13.22500000000   22.89029   316.96973    4096                -3.077
       1588 13.23333333333   23.04462   316.82599    4096                -3.070
       1589 13.24166666667   23.19827   316.68103    4096                -3.102
       1590 13.25000000000   23.35125   316.53483    4096                -3.061
       1591 13.25833333333   23.50354   316.38741    4096                -3.016
       1592 13.26666666667   23.65514   316.23875    4096                -2.911
       1593 13.27500000000   23.80604   316.08885    4096                -2.911
       1594 13.28333333333   23.95623   315.93771    4096                -2.894
       1595 13.29166666667   24.10570   315.78533    4096                -2.915
       1596 13.30000000000   24.25445   315.63171    4096                -2.960
       1597 13.30833333333   24.40247   315.47684    4096                -3.025
       1598 13.31666666667   24.54974   315.32072    4096                -3.051
       1599 13.32500000000   24.69627   315.16335    4096                -3.000
       1600 13.33333333333   24.84203   315.00473    4096                -3.008
       1601 13.34166666667   24.98703   314.84486    4096                -3.084
       1602 13.35000000000   25.13126   314.68373    4096                -3.123
       1603 13.35833333333   25.27471   314.52134    4096                -3.111
       1604 13.36666666667   25.41736   314.35770    4096                -3.114
       1605 13.37500000000   25.55921   314.19280    4096                -3.129
       1606 13.38333333333   25.70026   314.02663    4096                -3.106
       1607 13.39166666667   25.84049   313.85921    4096                -3.121
       1608 13.40000000000   25.97990   313.69052    4096                -3.119
       1609 13.40833333333   26.11847   313.52057    4096                -3.119
       1610 13.41666666667   26.25620   313.34936    4096                -3.101
       1611 13.42500000000   26.39309   313.17689    4096                -3.122
       1612 13.43333333333   26.52911   313.00315    4096                -3.139
       1613 13.44166666667   26.66426   312.82815    4096                -3.090
       1614 13.45000000000   26.79854   312.65188    4096                -3.057
       1615 13.45833333333   26.93194   312.47435    4096                -3.026
       1616 13.46666666667   27.06444   312.29556    4096                -2.979
       1617 13.47500000000   27.19604   312.11550    4096                -2.927
       1618 13.48333333333   27.32673   311.93418    4096                -2.904
       1619 13.49166666667   27.45650   311.75160    4096                -2.936
       1620 13.50000000000   27.58534   311.56777    4096                -2.964
       1621 13.50833333333   27.71325   311.38267    4096                -3.024
       1622 13.51666666667   27.84021   311.19631    4096                -3.020
       1623 13.52500000000   27.96621   311.00870    4096                -2.995
       1624 13.53333333333   28.09126   310.81983    4096                -2.937
       1625 13.54166666667   28.21533   310.62972    4096                -2.932
       1626 13.55000000000   28.33842   310.43835    4096                -2.876
       1627 13.55833333333   28.46052   310.24573    4096                -2.846
       1628 13.56666666667   28.58163   310.05187    4096                -2.803
       1629 13.57500000000   28.70173   309.85676    4096                -2.802
       1630 13.58333333333   28.82081   309.66042    4096                -2.811
       1631 13.59166666667   28.93887   309.46283    4096                -2.801
       1632 13.60000000000   29.05590   309.26402    4096                -2.816
       1633 13.60833333333   29.17188   309.06397    4096                -2.818
       1634 13.61666666667   29.28682   308.86270    4096                -2.810
       1635 13.62500000000   29.40070   308.66020    4096                -2.849
       1636 13.63333333333   29.51351   308.45648    4096                -2.854
       1637 13.64166666667   29.62524   308.25155    4096                -2.849
       1638 13.65000000000   29.73589   308.04541    4096                -2.850
       1639 13.65833333333   29.84545   307.83806    4096                -2.837
       1640 13.66666666667   29.95391   307.62952    4096                -2.762
       1641 13.67500000000   30.06125   307.41978    4096                -2.742
       1642 13.68333333333   30.16748   307.20884    4096                -2.746
       1643 13.69166666667   30.27258   306.99672    4096                -2.704
       1644 13.70000000000   30.37654   306.78343    4096                -2.742
       1645 13.70833333333   30.47936   306.56896    4096                -2.787
       1646 13.71666666667   30.58103   306.35332    4096                -2.762
       1647 13.72500000000   30.68153   306.13653    4096                -2.742
       1648 13.73333333333   30.78087   305.91858    4096                -2.729
       1649 13.74166666667   30.87903   305.69948    4096                -2.742
       1650 13.75000000000   30.97601   305.47925    4096                -2.761
       1651 13.75833333333   31.07179   305.25788    4096                -2.750
       1652 13.76666666667   31.16637   305.03539    4096                -2.707
       1653 13.77500000000   31.25974   304.81178    4096                -2.672
       1654 13.78333333333   31.35190   304.58707    4096                -2.657
       1655 13.79166666667   31.44283   304.36125    4096                -2.628
       1656 13.80000000000   31.53252   304.13434    4096                -2.641
       1657 13.80833333333   31.62097   303.90635    4096                -2.621
       1658 13.81666666667   31.70818   303.67729    4096                -2.553
       1659 13.82500000000   31.79413   303.44716    4096                -2.558
       1660 13.83333333333   31.87881   303.21598    4096                -2.538
       1661 13.84166666667   31.96223   302.98375    4096                -2.523
       1662 13.85000000000   32.04436   302.75049    4096                -2.504
       1663 13.85833333333   32.12521   302.51620    4096                -2.496
       1664 13.86666666667   32.20477   302.28089    4096                -2.492
       1665 13.87500000000   32.28302   302.04459    4096                -2.464
       1666 13.88333333333   32.35997   301.80729    4096                -2.472
       1667 13.89166666667   32.43560   301.56901    4096                -2.465
       1668 13.90000000000   32.50991   301.32976    4096                -2.433
       1669 13.90833333333   32.58289   301.08955    4096                -2.428
       1670 13.91666666667   32.65454   300.84839    4096                -2.370
       1671 13.92500000000   32.72485   300.60630    4096                -2.361
       1672 13.93333333333   32.79380   300.36329    4096                -2.361
       1673 13.94166666667   32.86140   300.11936    4096                -2.360
       1674 13.95000000000   32.92765   299.87454    4096                -2.329
       1675 13.95833333333   32.99252   299.62884    4096                -2.319
       1676 13.96666666667   33.05602   299.38226    4096                -2.301
       1677 13.97500000000   33.11814   299.13483    4096                -2.272
       1678 13.98333333333   33.17888   298.88655    4096                -2.234
       1679 13.99166666667   33.23823   298.63745    4096                -2.235
       1680 14.00000000000   33.29618   298.38752    4096                -2.253
       1681 14.00833333333   33.35273   298.13680    4096                -2.217
       1682 14.01666666667   33.40787   297.88529    4096                -2.198
       1683 14.02500000000   33.46160   297.63300    4096                -2.153
       1684 14.03333333333   33.51391   297.37996    4096                -2.147
       1685 14.04166666667   33.56480   297.12617    4096                -2.117
       1686 14.05000000000   33.61426   296.87166    4096                -2.124
       1687 14.05833333333   33.66229   296.61644    4096                -2.137
       1688 14.06666666667   33.70888   296.36051    4096                -2.083
       1689 14.07500000000   33.75403   296.10391    4096                -2.079
       1690 14.08333333333   33.79774   295.84664    4096                -2.080
       1691 14.09166666667   33.84000   295.58873    4096                -2.060
       1692 14.10000000000   33.88080   295.33018    4096                -2.012
       1693 14.10833333333   33.92015   295.07101    4096                -2.003
       1694 14.11666666667   33.95803   294.81125    4096                -1.981
       1695 14.12500000000   33.99446   294.55090    4096                -1.988
       1696 14.13333333333   34.02941   294.28999    4096                -1.974
       1697 14.14166666667   34.06289   294.02852    4096                -1.978
       1698 14.15000000000   34.09490   293.76653    4096                -1.949
       1699 14.15833333333   34.12543   293.50402    4096                -1.934
       1700 14.16666666667   34.15448   293.24101    4096                -1.911
       1701 14.17500000000   34.18205   292.97752    4096                -1.902
       1702 14.18333333333   34.20814   292.71357    4096                -1.867
       1703 14.19166666667   34.23273   292.44917    4096                -1.858
       1704 14.20000000000   34.25584   292.18435    4096                -1.824
       1705 14.20833333333   34.27746   291.91912    4096                -1.829
       1706 14.21666666667   34.29758   291.65349    4096                -1.794
       1707 14.22500000000   34.31621   291.38750    4096                -1.760
       1708 14.23333333333   34.33334   291.12115    4096                -1.767
       1709 14.24166666667   34.34898   290.85446    4096                -1.754
       1710 14.25000000000   34.36311   290.58745    4096                -1.769
       1711 14.25833333333   34.37575   290.32014    4096                -1.736
       1712 14.26666666667   34.38689   290.05255    4096                -1.743
       1713 14.27500000000   34.39652   289.78469    4096                -1.728
       1714 14.28333333333   34.40466   289.51659    4096                -1.694
       1715 14.29166666667   34.41129   289.24826    4096                -1.669
       1716 14.30000000000   34.41642   288.97973    4096                -1.665
       1717 14.30833333333   34.42005   288.71100    4096                -1.691
       1718 14.31666666667   34.42218   288.44210    4096                -1.646
       1719 14.32500000000   34.42280   288.17304    4096                -1.636
       1720 14.33333333333   34.42193   287.90385    4096                -1.612
       1721 14.34166666667   34.41955   287.63455    4096                -1.599
       1722 14.35000000000   34.41568   287.36514    4096                -1.575
       1723 14.35833333333   34.41031   287.09566    4096                -1.560
       1724 14.36666666667   34.40344   286.82611    4096                -1.538
       1725 14.37500000000   34.39508   286.55652    4096                -1.523
       1726 14.38333333333   34.38522   286.28690    4096                -1.503
       1727 14.39166666667   34.37387   286.01728    4096                -1.502
       1728 14.40000000000   34.36103   285.74766    4096                -1.488
       1729 14.40833333333   34.34671   285.47808    4096                -1.481
       1730 14.41666666667   34.33090   285.20854    4096                -1.501
       1731 14.42500000000   34.31360   284.93907    4096                -1.500
       1732 14.43333333333   34.29483   284.66968    4096                -1.488
       1733 14.44166666667   34.27457   284.40039    4096                -1.476
       1734 14.45000000000   34.25285   284.13121    4096                -1.474
       1735 14.45833333333   34.22965   283.86218    4096                -1.460
       1736 14.46666666667   34.20498   283.59329    4096                -1.418
       1737 14.47500000000   34.17885   283.32457    4096                -1.414
       1738 14.48333333333   34.15125   283.05604    4096                -1.371
       1739 14.49166666667   34.12220   282.78772    4096                -1.394
       1740 14.50000000000   34.09169   282.51961    4096                -1.385
       1741 14.50833333333   34.05973   282.25174    4096                -1.350
       1742 14.51666666667   34.02633   281.98413    4096                -1.337
       1743 14.52500000000   33.99148   281.71679    4096                -1.316
       1744 14.53333333333   33.95520   281.44973    4096                -1.298
       1745 14.54166666667   33.91749   281.18297    4096                -1.289
       1746 14.55000000000   33.87835   280.91654    4096                -1.218
       1747 14.55833333333   33.83778   280.65044    4096                -1.181
       1748 14.56666666667   33.79580   280.38468    4096                -1.159
       1749 14.57500000000   33.75240   280.11930    4096                -1.090
       1750 14.58333333333   33.70760   279.85429    4096                -1.049
       1751 14.59166666667   33.66139   279.58968    4096                -1.067
       1752 14.60000000000   33.61379   279.32548    4096                -1.070
       1753 14.60833333333   33.56480   279.06171    4096                -1.065
       1754 14.61666666667   33.51442   278.79837    4096                -1.053
       1755 14.62500000000   33.46266   278.53549    4096                -1.048
       1756 14.63333333333   33.40953   278.27308    4096                -1.024
       1757 14.64166666667   33.35504   278.01114    4096                -1.012
       1758 14.65000000000   33.29918   277.74971    4096                -1.021
       1759 14.65833333333   33.24197   277.48878    4096                -1.062
       1760 14.66666666667   33.18341   277.22837    4096                -1.059
       1761 14.67500000000   33.12351   276.96850    4096                -1.056
       1762 14.68333333333   33.06228   276.70918    4096                -1.078
       1763 14.69166666667   32.99972   276.45042    4096                -1.082
       1764 14.70000000000   32.93584   276.19222    4096                -1.090
       1765 14.70833333333   32.87065   275.93462    4096                -1.085
       1766 14.71666666667   32.80415   275.67761    4096                -1.105
       1767 14.72500000000   32.73635   275.42121    4096                -1.145
       1768 14.73333333333   32.66727   275.16542    4096                -1.189
       1769 14.74166666667   32.59689   274.91027    4096                -1.150
       1770 14.75000000000   32.52525   274.65576    4096                -1.182
       1771 14.75833333333   32.45233   274.40190    4096                -1.232
       1772 14.76666666667   32.37815   274.14871    4096                -1.167
       1773 14.77500000000   32.30272   273.89619    4096                -1.067
       1774 14.78333333333   32.22605   273.64434    4096                -1.050
       1775 14.79166666667   32.14814   273.39320    4096                -1.053
       1776 14.80000000000   32.06900   273.14275    4096                -1.031
       1777 14.80833333333   31.98864   272.89301    4096                -0.989
       1778 14.81666666667   31.90706   272.64400    4096                -0.975
       1779 14.82500000000   31.82428   272.39571    4096                -0.974
       1780 14.83333333333   31.74031   272.14816    4096                -0.989
       1781 14.84166666667   31.65515   271.90136    4096                -0.968
       1782 14.85000000000   31.56881   271.65531    4096                -0.921
       1783 14.85833333333   31.48130   271.41002    4096                -0.919
       1784 14.86666666667   31.39262   271.16550    4096                -0.949
       1785 14.87500000000   31.30279   270.92175    4096                -0.954
       1786 14.88333333333   31.21182   270.67879    4096                -0.911
       1787 14.89166666667   31.11971   270.43662    4096                -0.859
       1788 14.90000000000   31.02648   270.19525    4096                -0.863
       1789 14.90833333333   30.93213   269.95468    4096                -0.810
       1790 14.91666666667   30.83666   269.71491    4096                -0.724
       1791 14.92500000000   30.74010   269.47596    4096                -0.631
       1792 14.93333333333   30.64244   269.23784    4096                -0.524
       1793 14.94166666667   30.54370   269.00054    4096                -0.475
       1794 14.95000000000   30.44389   268.76407    4096                -0.347
       1795 14.95833333333   30.34301   268.52843    4096                -0.279
       1796 14.96666666667   30.24108   268.29364    4096                -0.292
       1797 14.97500000000   30.13810   268.05969    4096                -0.202
       1798 14.98333333333   30.03409   267.82659    4096                -0.130
       1799 14.99166666667   29.92904   267.59435    4096                 0.019
       1800 15.00000000000   29.82298   267.36296    4096                 0.136
       1801 15.00833333333   29.71590   267.13244    4096                 0.218
       1802 15.01666666667   29.60783   266.90277    4096                 0.295
       1803 15.02500000000   29.49876   266.67398    4096                 0.420
       1804 15.03333333333   29.38871   266.44606    4096                 0.534
       1805 15.04166666667   29.27769   266.21901    4096                 0.653
       1806 15.05000000000   29.16570   265.99284    4096                 0.711
       1807 15.05833333333   29.05276   265.76755    4096                 0.848
       1808 15.06666666667   28.93887   265.54313    4096                 1.000
       1809 15.07500000000   28.82405   265.31961    4096                 1.059
       1810 15.08333333333   28.70830   265.09696    4096                 1.164
       1811 15.09166666667   28.59163   264.87520    4096                 1.342
       1812 15.10000000000   28.47405   264.65433    4096                 1.314
       1813 15.10833333333   28.35557   264.43435    4096                 1.244
       1814 15.11666666667   28.23621   264.21526    4096                 1.500
       1815 15.12500000000   28.11596   263.99706    4096                 1.555
       1816 15.13333333333   27.99484   263.77976    4096                 1.660
       1817 15.14166666667   27.87286   263.56334    4096                 1.725
       1818 15.15000000000   27.75002   263.34782    4096                 1.778
       1819 15.15833333333   27.62635   263.13319    4096                 1.864
       1820 15.16666666667   27.50183   262.91945    4096                 2.007
       1821 15.17500000000   27.37649   262.70661    4096                 2.073
       1822 15.18333333333   27.25033   262.49466    4096                 2.205
       1823 15.19166666667   27.12337   262.28360    4096                 2.254
       1824 15.20000000000   26.99561   262.07344    4096                 2.320
       1825 15.20833333333   26.86706   261.86416    4096                 2.371
       1826 15.21666666667   26.73772   261.65578    4096                 2.344
       1827 15.22500000000   26.60762   261.44828    4096                 2.245
       1828 15.23333333333   26.47675   261.24167    4096                 2.395
       1829 15.24166666667   26.34513   261.03595    4096                 2.493
       1830 15.25000000000   26.21277   260.83111    4096                 2.432
       1831 15.25833333333   26.07967   260.62716    4096                 2.447
       1832 15.26666666667   25.94584   260.42408    4096                 2.451
       1833 15.27500000000   25.81130   260.22189    4096                 2.499
       1834 15.28333333333   25.67605   260.02058    4096                 2.543
       1835 15.29166666667   25.54009   259.82014    4096                 2.502
       1836 15.30000000000   25.40345   259.62057    4096                 2.568
       1837 15.30833333333   25.26612   259.42188    4096                 2.607
       1838 15.31666666667   25.12812   259.22405    4096                 2.619
       1839 15.32500000000   24.98945   259.02709    4096                 2.619
       1840 15.33333333333   24.85013   258.83100    4096                 2.657
       1841 15.34166666667   24.71015   258.63576    4096                 2.689
       1842 15.35000000000   24.56954   258.44138    4096                 2.686
       1843 15.35833333333   24.42830   258.24786    4096                 2.708
       1844 15.36666666667   24.28643   258.05519    4096                 2.771
       1845 15.37500000000   24.14396   257.86337    4096                 2.869
       1846 15.38333333333   24.00087   257.67239    4096                 3.009
       1847 15.39166666667   23.85719   257.48225    4096                 3.048
       1848 15.40000000000   23.71291   257.29296    4096                 3.135
       1849 15.40833333333   23.56806   257.10449    4096                 3.208
       1850 15.41666666667   23.42264   256.91686    4096                 3.360
       1851 15.42500000000   23.27664   256.73006    4096                 3.463
       1852 15.43333333333   23.13010   256.54407    4096                 3.557
       1853 15.44166666667   22.98300   256.35891    4096                 3.659
       1854 15.45000000000   22.83537   256.17457    4096                 3.665
       1855 15.45833333333   22.68720   255.99103    4096                 3.647
       1856 15.46666666667   22.53851   255.80830    4096                 3.707
       1857 15.47500000000   22.38930   255.62638    4096                 3.853
       1858 15.48333333333   22.23958   255.44526    4096                 3.995
       1859 15.49166666667   22.08936   255.26493    4096                 4.116
       1860 15.50000000000   21.93865   255.08539    4096                 4.196
       1861 15.50833333333   21.78745   254.90663    4096                 4.268
       1862 15.51666666667   21.63578   254.72866    4096                 4.333
       1863 15.52500000000   21.48364   254.55146    4096                 4.643
       1864 15.53333333333   21.33103   254.37504    4096                 4.744
       1865 15.54166666667   21.17797   254.19938    4096                 4.869
       1866 15.55000000000   21.02446   254.02449    4096                 4.992
       1867 15.55833333333   20.87051   253.85036    4096                 5.127
       1868 15.56666666667   20.71613   253.67697    4096                 5.373
       1869 15.57500000000   20.56132   253.50434    4096                 5.614
       1870 15.58333333333   20.40610   253.33245    4096                 5.847
       1871 15.59166666667   20.25047   253.16130    4096                 6.081
       1872 15.60000000000   20.09443   252.99088    4096                 6.325
       1873 15.60833333333   19.93799   252.82119    4096                 6.611
       1874 15.61666666667   19.78117   252.65222    4096                 6.769
       1875 15.62500000000   19.62396   252.48397    4096                 6.918
       1876 15.63333333333   19.46638   252.31644    4096                 7.061
       1877 15.64166666667   19.30843   252.14961    4096                 7.393
       1878 15.65000000000   19.15012   251.98349    4096                 7.771
       1879 15.65833333333   18.99145   251.81806    4096                 7.972
       1880 15.66666666667   18.83244   251.65333    4096                 8.210
       1881 15.67500000000   18.67309   251.48928    4096                 8.255
       1882 15.68333333333   18.51340   251.32591    4096                 8.479
       1883 15.69166666667   18.35338   251.16322    4096                 8.835
       1884 15.70000000000   18.19305   251.00120    4096                 9.167
       1885 15.70833333333   18.03239   250.83985    4096                 9.465
       1886 15.71666666667   17.87144   250.67916    4096                 9.796
       1887 15.72500000000   17.71017   250.51912    4096                10.040
       1888 15.73333333333   17.54862   250.35973    4096                10.139
       1889 15.74166666667   17.38678   250.20098    4096                10.319
       1890 15.75000000000   17.22465   250.04287    4096                10.741
       1891 15.75833333333   17.06225   249.88540    4096                10.904
       1892 15.76666666667   16.89958   249.72855    4096                11.046
       1893 15.77500000000   16.73664   249.57233    4096                11.296
       1894 15.78333333333   16.57345   249.41672    4096                11.522
       1895 15.79166666667   16.41000   249.26172    4096                11.794
       1896 15.80000000000   16.24631   249.10732    4096                12.105
       1897 15.80833333333   16.08238   248.95353    4096                12.271
       1898 15.81666666667   15.91822   248.80033    4096                12.502
       1899 15.82500000000   15.75383   248.64772    4096                12.725
       1900 15.83333333333   15.58922   248.49569    4096                12.955
       1901 15.84166666667   15.42439   248.34424    4096                13.282
       1902 15.85000000000   15.25936   248.19336    4096                13.577
       1903 15.85833333333   15.09411   248.04304    4096                13.899
       1904 15.86666666667   14.92868   247.89329    4096                14.067
       1905 15.87500000000   14.76304   247.74409    4096                14.233
       1906 15.88333333333   14.59722   247.59544    4096                14.490
       1907 15.89166666667   14.43122   247.44733    4096                14.742
       1908 15.90000000000   14.26504   247.29976    4096                15.074
       1909 15.90833333333   14.09869   247.15273    4096                15.370
       1910 15.91666666667   13.93218   247.00622    4096                15.728
       1911 15.92500000000   13.76550   246.86023    4096                16.040
       1912 15.93333333333   13.59867   246.71476    4096                16.292
       1913 15.94166666667   13.43170   246.56980    4096                16.462
       1914 15.95000000000   13.26457   246.42534    4096                16.642
       1915 15.95833333333   13.09731   246.28138    4096                16.890
       1916 15.96666666667   12.92992   246.13791    4096                17.256
       1917 15.97500000000   12.76239   245.99493    4096                17.650
       1918 15.98333333333   12.59474   245.85244    4096                18.000
       1919 15.99166666667   12.42698   245.71042    4096                18.344
       1920 16.00000000000   12.25878   245.56745    4096                18.618
       1921 16.00833333333   12.09111   245.42778    4096                18.952
       1922 16.01666666667   11.92302   245.28716    4096                19.204
       1923 16.02500000000   11.75483   245.14699    4096                19.442
       1924 16.03333333333   11.58654   245.00727    4096                19.725
       1925 16.04166666667   11.41817   244.86799    4096                20.041
       1926 16.05000000000   11.24971   244.72915    4096                20.375
       1927 16.05833333333   11.08117   244.59075    4096                20.687
       1928 16.06666666667   10.91256   244.45276    4096                21.003
       1929 16.07500000000   10.74388   244.31521    4096                21.360
       1930 16.08333333333   10.57513   244.17806    4096                21.655
       1931 16.09166666667   10.40632   244.04133    4096                21.921
       1932 16.10000000000   10.23745   243.90500    4096                22.165
       1933 16.10833333333   10.06854   243.76907    4096                22.413
       1934 16.11666666667    9.89957   243.63354    4096                22.744
       1935 16.12500000000    9.73056   243.49839    4096                23.098
       1936 16.13333333333    9.56152   243.36363    4096                23.424
       1937 16.14166666667    9.39243   243.22924    4096                23.802
       1938 16.15000000000    9.22332   243.09523    4096                24.143
       1939 16.15833333333    9.05419   242.96159    4096                24.529
       1940 16.16666666667    8.88503   242.82831    4096                24.964
       1941 16.17500000000    8.71585   242.69538    4096                25.416
       1942 16.18333333333    8.54667   242.56280    4096                25.891
       1943 16.19166666667    8.37747   242.43058    4096                26.388
       1944 16.20000000000    8.20827   242.29869    4096                26.965
       1945 16.20833333333    8.03907   242.16713    4096                27.460
       1946 16.21666666667    7.86987   242.03591    4096                27.876
       1947 16.22500000000    7.70068   241.90501    4096                28.175
       1948 16.23333333333    7.53150   241.77444    4096                28.464
       1949 16.24166666667    7.36234   241.64417    4096                28.680
       1950 16.25000000000    7.19320   241.51422    4096                28.867
       1951 16.25833333333    7.02408   241.38457    4096                29.136
       1952 16.26666666667    6.85499   241.25522    4096                29.530
       1953 16.27500000000    6.68593   241.12616    4096                30.008
       1954 16.28333333333    6.51691   240.99739    4096                30.452
       1955 16.29166666667    6.34792   240.86891    4096                30.941
       1956 16.30000000000    6.17898   240.74070    4096                31.454
       1957 16.30833333333    6.01008   240.61277    4096                32.030
       1958 16.31666666667    5.84124   240.48511    4096                32.631
       1959 16.32500000000    5.67245   240.35771    4096                33.159
       1960 16.33333333333    5.50371   240.23057    4096                33.711
       1961 16.34166666667    5.33504   240.10368    4096                34.345
       1962 16.35000000000    5.16643   239.97704    4096                34.890
       1963 16.35833333333    4.99789   239.85064    4096                35.476
       1964 16.36666666667    4.82943   239.72448    4096                36.067
       2615 21.79166666667    5.29412   145.77564    4096                -3.120
       2616 21.80000000000    5.48408   145.67257    4096                -4.007
       2617 21.80833333333    5.67431   145.56942    4096                -4.838
       2618 21.81666666667    5.86478   145.46618    4096                -5.731
       2619 21.82500000000    6.05551   145.36285    4096                -6.603
       2621 21.84166666667    6.43772   145.15589    4096                 5.249
       2622 21.85000000000    6.62919   145.05225    4096                 4.479
       2623 21.85833333333    6.82091   144.94850    4096                 3.796
       2624 21.86666666667    7.01286   144.84462    4096                 3.171
       2625 21.87500000000    7.20506   144.74063    4096                 2.638
       2626 21.88333333333    7.39748   144.63650    4096                 2.112
       2627 21.89166666667    7.59014   144.53223    4096                 1.563
       2628 21.90000000000    7.78303   144.42783    4096                 0.980
       2629 21.90833333333    7.97615   144.32328    4096                 0.458
       2630 21.91666666667    8.16949   144.21857    4096                -0.066
       2631 21.92500000000    8.36305   144.11371    4096                -0.440
       2632 21.93333333333    8.55683   144.00869    4096                -0.664
       2633 21.94166666667    8.75082   143.90350    4096                -0.905
       2634 21.95000000000    8.94503   143.79813    4096                -1.230
       2635 21.95833333333    9.13944   143.69258    4096                -1.653
       2636 21.96666666667    9.33407   143.58685    4096                -2.080
       2637 21.97500000000    9.52889   143.48092    4096                -2.518
       2638 21.98333333333    9.72392   143.37480    4096                -2.915
       2639 21.99166666667    9.91915   143.26847    4096                -3.439
       2640 22.00000000000   10.11523   143.15985    4096                -4.040
       2641 22.00833333333   10.31018   143.05519    4096                -4.473
       2642 22.01666666667   10.50598   142.94821    4096                -4.859
       2643 22.02500000000   10.70197   142.84101    4096                -5.282
       2644 22.03333333333   10.89814   142.73358    4096                -5.721
       2645 22.04166666667   11.09449   142.62590    4096                -6.181
       2646 22.05000000000   11.29102   142.51798    4096                -6.539
       2647 22.05833333333   11.48772   142.40981    4096                -6.845
       2648 22.06666666667   11.68459   142.30138    4096                -7.190
       2649 22.07500000000   11.88163   142.19268    4096                -7.520
       2650 22.08333333333   12.07883   142.08371    4096                -7.861
       2651 22.09166666667   12.27619   141.97447    4096                -8.126
       2652 22.10000000000   12.47371   141.86494    4096                -8.335
       2653 22.10833333333   12.67138   141.75512    4096                -8.603
       2654 22.11666666667   12.86921   141.64500    4096                -8.871
       2655 22.12500000000   13.06718   141.53458    4096                -9.311
       2656 22.13333333333   13.26529   141.42385    4096                -9.681
       2657 22.14166666667   13.46355   141.31280    4096               -10.091
       2658 22.15000000000   13.66194   141.20143    4096               -10.493
       2659 22.15833333333   13.86047   141.08973    4096               -10.917
       2660 22.16666666667   14.05912   140.97769    4096               -11.358
       2661 22.17500000000   14.25790   140.86531    4096               -11.877
       2662 22.18333333333   14.45680   140.75257    4096               -12.399
       2663 22.19166666667   14.65583   140.63948    4096               -12.824
       2664 22.20000000000   14.85496   140.52602    4096               -13.271
       2665 22.20833333333   15.05421   140.41219    4096               -13.701
       2666 22.21666666667   15.25357   140.29798    4096               -14.104
       2667 22.22500000000   15.45303   140.18338    4096               -14.491
       2668 22.23333333333   15.65259   140.06839    4096               -14.841
       2669 22.24166666667   15.85224   139.95299    4096               -15.159
       2670 22.25000000000   16.05199   139.83719    4096               -15.508
       2671 22.25833333333   16.25183   139.72098    4096               -15.838
       2672 22.26666666667   16.45175   139.60434    4096               -16.166
       2673 22.27500000000   16.65175   139.48727    4096               -16.446
       2674 22.28333333333   16.85183   139.36976    4096               -16.704
       2675 22.29166666667   17.05197   139.25180    4096               -16.986
       2676 22.30000000000   17.25219   139.13339    4096               -17.286
       2677 22.30833333333   17.45247   139.01452    4096               -17.504
       2678 22.31666666667   17.65281   138.89518    4096               -17.677
       2679 22.32500000000   17.85320   138.77537    4096               -17.871
       2680 22.33333333333   18.05365   138.65506    4096               -18.029
       2681 22.34166666667   18.25414   138.53427    4096               -18.202
       2682 22.35000000000   18.45467   138.41297    4096               -18.376
       2683 22.35833333333   18.65524   138.29117    4096               -18.473
       2684 22.36666666667   18.85584   138.16885    4096               -18.607
       2685 22.37500000000   19.05647   138.04600    4096               -18.730
       2686 22.38333333333   19.25712   137.92262    4096               -18.855
       2687 22.39166666667   19.45780   137.79870    4096               -19.032
       2688 22.40000000000   19.65848   137.67422    4096               -19.143
       2689 22.40833333333   19.85918   137.54919    4096               -19.272
       2690 22.41666666667   20.05988   137.42359    4096               -19.451
       2691 22.42500000000   20.26058   137.29742    4096               -19.597
       2692 22.43333333333   20.46127   137.17066    4096               -19.758
       2693 22.44166666667   20.66196   137.04331    4096               -19.943
       2694 22.45000000000   20.86263   136.91536    4096               -20.103
       2695 22.45833333333   21.06328   136.78679    4096               -20.210
       2696 22.46666666667   21.26390   136.65761    4096               -20.330
       2697 22.47500000000   21.46449   136.52780    4096               -20.513
       2698 22.48333333333   21.66505   136.39735    4096               -20.705
       2699 22.49166666667   21.86556   136.26625    4096               -20.838
       2700 22.50000000000   22.06603   136.13450    4096               -21.013
       2701 22.50833333333   22.26645   136.00209    4096               -21.211
       2702 22.51666666667   22.46680   135.86900    4096               -21.426
       2703 22.52500000000   22.66710   135.73523    4096               -21.586
       2704 22.53333333333   22.86732   135.60076    4096               -21.764
       2705 22.54166666667   23.06747   135.46560    4096               -21.850
       2706 22.55000000000   23.26754   135.32972    4096               -22.015
       2707 22.55833333333   23.46753   135.19312    4096               -22.159
       2708 22.56666666667   23.66742   135.05579    4096               -22.336
       2709 22.57500000000   23.86722   134.91772    4096               -22.504
       2710 22.58333333333   24.06691   134.77891    4096               -22.688
       2711 22.59166666667   24.26649   134.63933    4096               -22.817
       2712 22.60000000000   24.46595   134.49898    4096               -22.969
       2713 22.60833333333   24.66529   134.35785    4096               -23.140
       2714 22.61666666667   24.86450   134.21594    4096               -23.284
       2715 22.62500000000   25.06358   134.07322    4096               -23.420
       2716 22.63333333333   25.26252   133.92969    4096               -23.577
       2717 22.64166666667   25.46130   133.78535    4096               -23.725
       2718 22.65000000000   25.65994   133.64017    4096               -23.869
       2719 22.65833333333   25.85841   133.49416    4096               -24.021
       2720 22.66666666667   26.05671   133.34729    4096               -24.146
       2721 22.67500000000   26.25484   133.19956    4096               -24.283
       2722 22.68333333333   26.45279   133.05096    4096               -24.423
       2723 22.69166666667   26.65055   132.90148    4096               -24.585
       2724 22.70000000000   26.84812   132.75111    4096               -24.780
       2725 22.70833333333   27.04548   132.59983    4096               -24.922
       2726 22.71666666667   27.24263   132.44764    4096               -25.034
       2727 22.72500000000   27.43956   132.29452    4096               -25.120
       2728 22.73333333333   27.63627   132.14047    4096               -25.167
       2729 22.74166666667   27.83275   131.98548    4096               -25.219
       2730 22.75000000000   28.02899   131.82952    4096               -25.315
       2731 22.75833333333   28.22498   131.67260    4096               -25.460
       2732 22.76666666667   28.42072   131.51470    4096               -25.582
       2733 22.77500000000   28.61620   131.35580    4096               -25.712
       2734 22.78333333333   28.81140   131.19591    4096               -25.829
       2735 22.79166666667   29.00633   131.03500    4096               -25.889
       2736 22.80000000000   29.20097   130.87307    4096               -26.000
       2737 22.80833333333   29.39532   130.71011    4096               -26.092
       2738 22.81666666667   29.58936   130.54610    4096               -26.175
       2739 22.82500000000   29.78310   130.38103    4096               -26.209
       2740 22.83333333333   29.97652   130.21489    4096               -26.229
       2741 22.84166666667   30.16960   130.04767    4096               -26.276
       2742 22.85000000000   30.36236   129.87936    4096               -26.285
       2743 22.85833333333   30.55477   129.70995    4096               -26.318
       2744 22.86666666667   30.74682   129.53942    4096               -26.349
       2745 22.87500000000   30.93852   129.36776    4096               -26.399
       2746 22.88333333333   31.12984   129.19497    4096               -26.425
       2747 22.89166666667   31.32078   129.02103    4096               -26.459
       2748 22.90000000000   31.51134   128.84593    4096               -26.478
       2749 22.90833333333   31.70149   128.66965    4096               -26.500
       2750 22.91666666667   31.89124   128.49219    4096               -26.525
       2751 22.92500000000   32.08057   128.31353    4096               -26.554
       2752 22.93333333333   32.26948   128.13366    4096               -26.618
       2753 22.94166666667   32.45795   127.95258    4096               -26.727
       2754 22.95000000000   32.64597   127.77026    4096               -26.769
       2755 22.95833333333   32.83354   127.58670    4096               -26.764
       2756 22.96666666667   33.02064   127.40189    4096               -26.724
       2757 22.97500000000   33.20727   127.21581    4096               -26.709
       2758 22.98333333333   33.39342   127.02845    4096               -26.742
       2759 22.99166666667   33.57907   126.83980    4096               -26.759
       2760 23.00000000000   33.76421   126.64985    4096               -26.823
       2761 23.00833333333   33.94883   126.45859    4096               -26.868
       2762 23.01666666667   34.13293   126.26600    4096               -26.929
       2763 23.02500000000   34.31650   126.07208    4096               -26.982
       2764 23.03333333333   34.49951   125.87680    4096               -27.047
       2765 23.04166666667   34.68197   125.68017    4096               -27.133
       2766 23.05000000000   34.86386   125.48217    4096               -27.219
       2767 23.05833333333   35.04516   125.28278    4096               -27.324
       2768 23.06666666667   35.22588   125.08200    4096               -27.450
       2769 23.07500000000   35.40599   124.87982    4096               -27.597
       2770 23.08333333333   35.58549   124.67622    4096               -27.711
       2771 23.09166666667   35.76436   124.47119    4096               -27.824
       2772 23.10000000000   35.94260   124.26472    4096               -27.956
       2773 23.10833333333   36.12019   124.05680    4096               -28.117
       2774 23.11666666667   36.29711   123.84742    4096               -28.271
       2775 23.12500000000   36.47337   123.63657    4096               -28.430
       2776 23.13333333333   36.64894   123.42424    4096               -28.532
       2777 23.14166666667   36.82381   123.21041    4096               -28.663
       2778 23.15000000000   36.99798   122.99507    4096               -28.834
       2779 23.15833333333   37.17143   122.77823    4096               -29.009
       2780 23.16666666667   37.34414   122.55986    4096               -29.188
       2781 23.17500000000   37.51611   122.33995    4096               -29.348
       2782 23.18333333333   37.68731   122.11849    4096               -29.529
       2783 23.19166666667   37.85775   121.89549    4096               -29.691
       2784 23.20000000000   38.02741   121.67091    4096               -29.821
       2785 23.20833333333   38.19627   121.44476    4096               -29.949
       2786 23.21666666667   38.36432   121.21703    4096               -30.094
       2787 23.22500000000   38.53155   120.98770    4096               -30.260
       2788 23.23333333333   38.69794   120.75677    4096               -30.412
       2789 23.24166666667   38.86348   120.52423    4096               -30.565
       2790 23.25000000000   39.02816   120.29007    4096               -30.694
       2791 23.25833333333   39.19197   120.05428    4096               -30.834
       2792 23.26666666667   39.35489   119.81685    4096               -31.027
       2793 23.27500000000   39.51690   119.57777    4096               -31.241
       2794 23.28333333333   39.67800   119.33704    4096               -31.487
       2795 23.29166666667   39.83817   119.09465    4096               -31.771
       2796 23.30000000000   39.99739   118.85059    4096               -32.080
       2797 23.30833333333   40.15566   118.60486    4096               -32.394
       2798 23.31666666667   40.31295   118.35744    4096               -32.712
       2799 23.32500000000   40.46926   118.10834    4096               -33.050
       2800 23.33333333333   40.62457   117.85754    4096               -33.402
       2801 23.34166666667   40.77886   117.60503    4096               -33.768
       2802 23.35000000000   40.93212   117.35083    4096               -34.162
       2803 23.35833333333   41.08434   117.09491    4096               -34.611
       2804 23.36666666667   41.23550   116.83727    4096               -35.076
       2805 23.37500000000   41.38559   116.57791    4096               -35.603
       2806 23.38333333333   41.53459   116.31683    4096               -36.244
       2807 23.39166666667   41.68249   116.05401    4096               -36.928
       2808 23.40000000000   41.82927   115.78946    4096               -37.640
       2809 23.40833333333   41.97492   115.52318    4096               -38.374
       2810 23.41666666667   42.11942   115.25516    4096               -39.112
       2811 23.42500000000   42.26276   114.98539    4096               -39.983
       2812 23.43333333333   42.40493   114.71389    4096               -40.927
       2813 23.44166666667   42.54590   114.44064    4096               -41.790
       2814 23.45000000000   42.68566   114.16564    4096               -42.584
       2815 23.45833333333   42.82421   113.88890    4096               -43.344
       2816 23.46666666667   42.96151   113.61041    4096               -44.063
       2817 23.47500000000   43.09757   113.33018    4096               -44.877
       2818 23.48333333333   43.23235   113.04821    4096               -45.659
       2819 23.49166666667   43.36585   112.76449    4096               -46.421
       2820 23.50000000000   43.49806   112.47903    4096               -47.046
       2821 23.50833333333   43.62895   112.19183    4096               -47.525
       2822 23.51666666667   43.75851   111.90290    4096               -47.893
       2823 23.52500000000   43.88673   111.61224    4096               -48.192
       2824 23.53333333333   44.01358   111.31985    4096               -48.479
       2825 23.54166666667   44.13907   111.02574    4096               -48.750
       2826 23.55000000000   44.26316   110.72992    4096               -49.010
       2827 23.55833333333   44.38585   110.43238    4096               -49.232
       2828 23.56666666667   44.50711   110.13314    4096               -49.380
       2829 23.57500000000   44.62694   109.83220    4096               -49.483
       2830 23.58333333333   44.74532   109.52958    4096               -49.566
       2831 23.59166666667   44.86224   109.22527    4096               -49.608
       2832 23.60000000000   44.97767   108.91930    4096               -49.689
       2833 23.60833333333   45.09161   108.61166    4096               -49.761
       2834 23.61666666667   45.20403   108.30238    4096               -49.812
       2835 23.62500000000   45.31493   107.99145    4096               -49.842
       2836 23.63333333333   45.42429   107.67890    4096               -49.883
       2837 23.64166666667   45.53209   107.36473    4096               -49.957
       2838 23.65000000000   45.63832   107.04897    4096               -50.015
       2839 23.65833333333   45.74296   106.73161    4096               -50.084
       2840 23.66666666667   45.84601   106.41269    4096               -50.161
       2841 23.67500000000   45.94744   106.09221    4096               -50.211
       2842 23.68333333333   46.04724   105.77019    4096               -50.250
       2843 23.69166666667   46.14540   105.44664    4096               -50.296
       2844 23.70000000000   46.24190   105.12159    4096               -50.344
       2845 23.70833333333   46.33673   104.79505    4096               -50.386
       2846 23.71666666667   46.42987   104.46705    4096               -50.426
       2847 23.72500000000   46.52132   104.13759    4096               -50.491
       2848 23.73333333333   46.61105   103.80671    4096               -50.543
       2849 23.74166666667   46.69906   103.47443    4096               -50.602
       2850 23.75000000000   46.78533   103.14076    4096               -50.676
       2851 23.75833333333   46.86985   102.80572    4096               -50.737
       2852 23.76666666667   46.95260   102.46936    4096               -50.818
       2853 23.77500000000   47.03357   102.13168    4096               -50.882
       2854 23.78333333333   47.11276   101.79271    4096               -50.955
       2855 23.79166666667   47.19014   101.45248    4096               -50.965
       2856 23.80000000000   47.26571   101.11102    4096               -51.011
       2857 23.80833333333   47.33945   100.76834    4096               -51.088
       2858 23.81666666667   47.41136   100.42449    4096               -51.136
       2859 23.82500000000   47.48141   100.07949    4096               -51.166
       2860 23.83333333333   47.54960    99.73337    4096               -51.171
       2861 23.84166666667   47.61593    99.38616    4096               -51.177
       2862 23.85000000000   47.68037    99.03789    4096               -51.187
       2863 23.85833333333   47.74291    98.68859    4096               -51.202
       2864 23.86666666667   47.80356    98.33829    4096               -51.200
       2865 23.87500000000   47.86229    97.98703    4096               -51.202
       2866 23.88333333333   47.91910    97.63485    4096               -51.195
       2867 23.89166666667   47.97397    97.28177    4096               -51.168
       2868 23.90000000000   48.02691    96.92783    4096               -51.172
       2869 23.90833333333   48.07790    96.57306    4096               -51.154
       2870 23.91666666667   48.12692    96.21751    4096               -51.127
       2871 23.92500000000   48.17398    95.86120    4096               -51.135
       2872 23.93333333333   48.21907    95.50418    4096               -51.163
       2873 23.94166666667   48.26218    95.14649    4096               -51.191
       2874 23.95000000000   48.30329    94.78816    4096               -51.225
       2875 23.95833333333   48.34241    94.42922    4096               -51.217
       2876 23.96666666667   48.37953    94.06973    4096               -51.254
       2877 23.97500000000   48.41464    93.70972    4096               -51.300
       2878 23.98333333333   48.44774    93.34922    4096               -51.290
       2879 23.99166666667   48.47881    92.98829    4096               -51.260
