# Created on 2018-12-12 16:17:49 
# Sources: d:\gpsother\tec-suite\in\2015\abcd0770.15d.Z, d:\gpsother\tec-suite\in\2015\brdc0770.15n.Z
# Satellite: G04
# Interval: 30.0
# Sampling interval: 0.0 (not used).
# Site: abcd
# Position (L, B, H): 253.601641965, 52.1962622634, 578.574894483
# Position (X, Y, Z): -1106129.71, -3758704.03, 5016675.77
# datetime format: %Y-%m-%dT%H:%M:%S
# Columns: tsn, hour, el, az, validity, tec.l1l2
# (I11,1X,F14.11,1X,F10.5,1X,F11.5,1X,I7,1X,F21.3)
         46  0.38333333333    5.29116   116.32187    4096                 1.141
         47  0.39166666667    5.45347   116.18131    4096                 1.317
         50  0.41666666667    5.94042   115.75786    4096                12.364
         51  0.42500000000    6.10274   115.61610    4096                12.323
         52  0.43333333333    6.26504   115.47403    4096                11.957
         53  0.44166666667    6.42733   115.33164    4096                12.407
         54  0.45000000000    6.58960   115.18893    4096                12.526
         55  0.45833333333    6.75185   115.04589    4096                12.570
         56  0.46666666667    6.91407   114.90253    4096                12.493
         57  0.47500000000    7.07625   114.75882    4096                12.490
         58  0.48333333333    7.23840   114.61477    4096                12.159
         59  0.49166666667    7.40051   114.47038    4096                12.303
         60  0.50000000000    7.56258   114.32564    4096                12.308
         61  0.50833333333    7.72459   114.18054    4096                12.409
         62  0.51666666667    7.88654   114.03507    4096                12.418
         63  0.52500000000    8.04844   113.88925    4096                12.640
         64  0.53333333333    8.21027   113.74305    4096                13.063
         65  0.54166666667    8.37203   113.59647    4096                12.765
         66  0.55000000000    8.53372   113.44952    4096                12.239
         67  0.55833333333    8.69533   113.30218    4096                11.672
         68  0.56666666667    8.85685   113.15445    4096                11.532
         69  0.57500000000    9.01829   113.00632    4096                11.053
         70  0.58333333333    9.17963   112.85780    4096                10.672
         71  0.59166666667    9.34087   112.70886    4096                10.511
         72  0.60000000000    9.50201   112.55952    4096                 9.911
         73  0.60833333333    9.66303   112.40976    4096                10.056
         74  0.61666666667    9.82395   112.25959    4096                10.339
         75  0.62500000000    9.98474   112.10898    4096                10.945
         76  0.63333333333   10.14541   111.95795    4096                11.303
         77  0.64166666667   10.30595   111.80648    4096                11.042
         78  0.65000000000   10.46635   111.65457    4096                11.032
         79  0.65833333333   10.62662   111.50222    4096                10.906
         80  0.66666666667   10.78674   111.34942    4096                11.447
         81  0.67500000000   10.94670   111.19616    4096                11.824
         82  0.68333333333   11.10651   111.04244    4096                11.942
         83  0.69166666667   11.26616   110.88826    4096                11.735
         84  0.70000000000   11.42564   110.73361    4096                11.187
         85  0.70833333333   11.58495   110.57849    4096                10.948
         86  0.71666666667   11.74408   110.42288    4096                10.603
         87  0.72500000000   11.90302   110.26679    4096                10.110
         88  0.73333333333   12.06178   110.11021    4096                10.422
         89  0.74166666667   12.22034   109.95314    4096                 9.696
         90  0.75000000000   12.37870   109.79557    4096                 9.513
         91  0.75833333333   12.53685   109.63750    4096                 9.612
         92  0.76666666667   12.69479   109.47891    4096                 9.244
         93  0.77500000000   12.85252   109.31982    4096                 8.987
         94  0.78333333333   13.01001   109.16020    4096                 8.495
         95  0.79166666667   13.16728   109.00006    4096                 8.210
         96  0.80000000000   13.32431   108.83940    4096                 8.052
         97  0.80833333333   13.48110   108.67820    4096                 7.637
         98  0.81666666667   13.63764   108.51646    4096                 7.300
         99  0.82500000000   13.79393   108.35418    4096                 7.178
        100  0.83333333333   13.94996   108.19136    4096                 7.258
        101  0.84166666667   14.10572   108.02798    4096                 7.247
        102  0.85000000000   14.26121   107.86405    4096                 7.027
        103  0.85833333333   14.41642   107.69955    4096                 6.449
        104  0.86666666667   14.57134   107.53449    4096                 6.264
        105  0.87500000000   14.72597   107.36886    4096                 6.182
        106  0.88333333333   14.88031   107.20265    4096                 6.237
        107  0.89166666667   15.03434   107.03587    4096                 5.996
        108  0.90000000000   15.18806   106.86850    4096                 6.086
        109  0.90833333333   15.34147   106.70054    4096                 5.885
        110  0.91666666667   15.49455   106.53199    4096                 6.116
        111  0.92500000000   15.64730   106.36284    4096                 5.884
        112  0.93333333333   15.79972   106.19309    4096                 5.887
        113  0.94166666667   15.95179   106.02273    4096                 5.698
        114  0.95000000000   16.10351   105.85176    4096                 5.858
        115  0.95833333333   16.25488   105.68017    4096                 5.579
        116  0.96666666667   16.40588   105.50797    4096                 5.839
        117  0.97500000000   16.55651   105.33514    4096                 6.006
        118  0.98333333333   16.70677   105.16168    4096                 5.912
        119  0.99166666667   16.85664   104.98759    4096                 5.908
        120  1.00000000000   17.00612   104.81287    4096                 5.871
        121  1.00833333333   17.15521   104.63750    4096                 5.686
        122  1.01666666667   17.30389   104.46149    4096                 5.249
        123  1.02500000000   17.45216   104.28483    4096                 5.084
        124  1.03333333333   17.60001   104.10751    4096                 5.089
        125  1.04166666667   17.74743   103.92954    4096                 4.842
        126  1.05000000000   17.89443   103.75091    4096                 4.444
        127  1.05833333333   18.04098   103.57162    4096                 4.372
        128  1.06666666667   18.18708   103.39165    4096                 4.175
        129  1.07500000000   18.33273   103.21102    4096                 4.161
        130  1.08333333333   18.47792   103.02970    4096                 4.048
        131  1.09166666667   18.62264   102.84771    4096                 3.919
        132  1.10000000000   18.76689   102.66504    4096                 4.103
        133  1.10833333333   18.91065   102.48168    4096                 4.250
        134  1.11666666667   19.05392   102.29763    4096                 4.803
        135  1.12500000000   19.19669   102.11288    4096                 4.904
        136  1.13333333333   19.33895   101.92744    4096                 4.751
        137  1.14166666667   19.48070   101.74130    4096                 4.400
        138  1.15000000000   19.62193   101.55446    4096                 4.144
        139  1.15833333333   19.76263   101.36690    4096                 3.759
        140  1.16666666667   19.90279   101.17865    4096                 3.719
        141  1.17500000000   20.04241   100.98967    4096                 3.778
        142  1.18333333333   20.18148   100.79999    4096                 4.012
        143  1.19166666667   20.31999   100.60958    4096                 3.831
        144  1.20000000000   20.45793   100.41845    4096                 3.839
        145  1.20833333333   20.59529   100.22661    4096                 3.742
        146  1.21666666667   20.73207   100.03403    4096                 3.689
        147  1.22500000000   20.86826    99.84073    4096                 3.343
        148  1.23333333333   21.00385    99.64669    4096                 3.051
        149  1.24166666667   21.13883    99.45192    4096                 2.819
        150  1.25000000000   21.27320    99.25642    4096                 2.690
        151  1.25833333333   21.40695    99.06018    4096                 2.562
        152  1.26666666667   21.54006    98.86320    4096                 2.524
        153  1.27500000000   21.67254    98.66548    4096                 2.621
        154  1.28333333333   21.80437    98.46701    4096                 2.841
        155  1.29166666667   21.93554    98.26780    4096                 3.028
        156  1.30000000000   22.06605    98.06785    4096                 3.261
        157  1.30833333333   22.19589    97.86714    4096                 3.241
        158  1.31666666667   22.32505    97.66569    4096                 3.067
        159  1.32500000000   22.45352    97.46348    4096                 2.820
        160  1.33333333333   22.58129    97.26053    4096                 2.907
        161  1.34166666667   22.70836    97.05681    4096                 2.884
        162  1.35000000000   22.83472    96.85235    4096                 2.759
        163  1.35833333333   22.96035    96.64713    4096                 2.597
        164  1.36666666667   23.08526    96.44115    4096                 2.519
        165  1.37500000000   23.20943    96.23442    4096                 2.584
        166  1.38333333333   23.33285    96.02693    4096                 2.666
        167  1.39166666667   23.45552    95.81869    4096                 2.917
        168  1.40000000000   23.57742    95.60968    4096                 3.054
        169  1.40833333333   23.69856    95.39992    4096                 3.306
        170  1.41666666667   23.81891    95.18940    4096                 3.253
        171  1.42500000000   23.93848    94.97813    4096                 3.175
        172  1.43333333333   24.05725    94.76610    4096                 3.057
        173  1.44166666667   24.17522    94.55331    4096                 3.095
        174  1.45000000000   24.29237    94.33976    4096                 2.973
        175  1.45833333333   24.40870    94.12546    4096                 2.897
        176  1.46666666667   24.52420    93.91041    4096                 3.087
        177  1.47500000000   24.63886    93.69460    4096                 3.216
        178  1.48333333333   24.75268    93.47804    4096                 3.272
        179  1.49166666667   24.86564    93.26072    4096                 3.066
        180  1.50000000000   24.97773    93.04266    4096                 3.016
        181  1.50833333333   25.08896    92.82386    4096                 2.878
        182  1.51666666667   25.19930    92.60430    4096                 2.721
        183  1.52500000000   25.30875    92.38400    4096                 2.473
        184  1.53333333333   25.41731    92.16296    4096                 2.245
        185  1.54166666667   25.52496    91.94118    4096                 2.111
        186  1.55000000000   25.63169    91.71866    4096                 2.190
        187  1.55833333333   25.73751    91.49541    4096                 1.790
        188  1.56666666667   25.84239    91.27143    4096                 1.542
        189  1.57500000000   25.94633    91.04671    4096                 1.358
        190  1.58333333333   26.04933    90.82127    4096                 1.297
        191  1.59166666667   26.15136    90.59511    4096                 1.204
        192  1.60000000000   26.25244    90.36823    4096                 1.237
        193  1.60833333333   26.35254    90.14063    4096                 1.280
        194  1.61666666667   26.45166    89.91233    4096                 1.488
        195  1.62500000000   26.54978    89.68331    4096                 1.460
        196  1.63333333333   26.64692    89.45359    4096                 1.272
        197  1.64166666667   26.74304    89.22317    4096                 0.736
        198  1.65000000000   26.83815    88.99206    4096                 0.703
        199  1.65833333333   26.93224    88.76025    4096                 0.074
        200  1.66666666667   27.02530    88.52777    4096                 0.177
        201  1.67500000000   27.11733    88.29460    4096                 0.417
        202  1.68333333333   27.20830    88.06075    4096                 1.047
        203  1.69166666667   27.29822    87.82624    4096                 2.159
        204  1.70000000000   27.38708    87.59106    4096                 2.104
        205  1.70833333333   27.47487    87.35523    4096                 1.674
        206  1.71666666667   27.56158    87.11874    4096                 1.139
        207  1.72500000000   27.64720    86.88161    4096                 0.858
        208  1.73333333333   27.73173    86.64384    4096                 1.232
        209  1.74166666667   27.81516    86.40543    4096                 1.187
        210  1.75000000000   27.89748    86.16640    4096                 1.812
        211  1.75833333333   27.97869    85.92675    4096                 1.533
        212  1.76666666667   28.05877    85.68649    4096                 1.600
        213  1.77500000000   28.13772    85.44562    4096                 1.025
        214  1.78333333333   28.21553    85.20416    4096                 0.310
        215  1.79166666667   28.29219    84.96210    4096                -0.176
        216  1.80000000000   28.36770    84.71947    4096                 0.414
        217  1.80833333333   28.44205    84.47626    4096                 0.563
        218  1.81666666667   28.51523    84.23249    4096                 2.070
        219  1.82500000000   28.58723    83.98816    4096                 3.026
        220  1.83333333333   28.65805    83.74329    4096                 2.972
        221  1.84166666667   28.72769    83.49787    4096                 1.061
        222  1.85000000000   28.79612    83.25192    4096                 0.446
        223  1.85833333333   28.86336    83.00546    4096                 0.599
        224  1.86666666667   28.92938    82.75848    4096                 0.240
        225  1.87500000000   28.99419    82.51100    4096                -2.095
        226  1.88333333333   29.05778    82.26303    4096                -2.778
        227  1.89166666667   29.12014    82.01458    4096                -2.560
        228  1.90000000000   29.18126    81.76566    4096                -2.368
        229  1.90833333333   29.24114    81.51627    4096                -2.599
        230  1.91666666667   29.29977    81.26644    4096                -2.548
        231  1.92500000000   29.35715    81.01616    4096                -1.731
        232  1.93333333333   29.41326    80.76546    4096                -2.683
        233  1.94166666667   29.46811    80.51433    4096                -1.864
        234  1.95000000000   29.52169    80.26280    4096                -1.881
        235  1.95833333333   29.57400    80.01088    4096                -1.243
        236  1.96666666667   29.62501    79.75857    4096                -0.698
        237  1.97500000000   29.67474    79.50589    4096                -0.238
        238  1.98333333333   29.72318    79.25285    4096                 1.643
        239  1.99166666667   29.77032    78.99946    4096                 2.233
        240  2.00000000000   29.81615    78.74572    4096                 4.335
        241  2.00833333333   29.86067    78.49168    4096                -0.004
        242  2.01666666667   29.90388    78.23732    4096                -0.486
        243  2.02500000000   29.94577    77.98267    4096                -0.189
        244  2.03333333333   29.98634    77.72772    4096                -0.405
        245  2.04166666667   30.02558    77.47250    4096                -0.705
        246  2.05000000000   30.06348    77.21703    4096                 2.321
        247  2.05833333333   30.10005    76.96130    4096                 1.502
        248  2.06666666667   30.13527    76.70535    4096                 1.719
        249  2.07500000000   30.16916    76.44917    4096                -0.751
        250  2.08333333333   30.20169    76.19279    4096                -2.379
        251  2.09166666667   30.23286    75.93622    4096                -0.826
        252  2.10000000000   30.26269    75.67947    4096                -1.163
        253  2.10833333333   30.29115    75.42255    4096                -1.607
        254  2.11666666667   30.31824    75.16548    4096                -1.424
        255  2.12500000000   30.34397    74.90828    4096                -0.028
        256  2.13333333333   30.36833    74.65096    4096                -0.448
        257  2.14166666667   30.39131    74.39353    4096                -1.468
        258  2.15000000000   30.41292    74.13600    4096                -1.615
        259  2.15833333333   30.43315    73.87840    4096                 1.074
        260  2.16666666667   30.45200    73.62073    4096                -0.836
        261  2.17500000000   30.46946    73.36301    4096                -0.718
        262  2.18333333333   30.48554    73.10526    4096                 1.029
        263  2.19166666667   30.50023    72.84749    4096                -1.569
        264  2.20000000000   30.51353    72.58972    4096                -2.358
        265  2.20833333333   30.52543    72.33195    4096                -1.463
        266  2.21666666667   30.53594    72.07421    4096                -0.617
        267  2.22500000000   30.54505    71.81652    4096                 0.299
        268  2.23333333333   30.55277    71.55887    4096                -0.795
        269  2.24166666667   30.55909    71.30130    4096                -2.196
        270  2.25000000000   30.56400    71.04382    4096                -0.944
        271  2.25833333333   30.56752    70.78643    4096                -3.090
        272  2.26666666667   30.56963    70.52917    4096                -3.445
        273  2.27500000000   30.57034    70.27203    4096                -4.467
        274  2.28333333333   30.56965    70.01504    4096                -4.386
        275  2.29166666667   30.56755    69.75822    4096                -4.538
        276  2.30000000000   30.56405    69.50157    4096                -4.571
        277  2.30833333333   30.55915    69.24512    4096                -3.651
        278  2.31666666667   30.55284    68.98887    4096                -4.019
        279  2.32500000000   30.54512    68.73285    4096                -4.010
        280  2.33333333333   30.53601    68.47707    4096                -3.118
        281  2.34166666667   30.52548    68.22154    4096                -2.397
        282  2.35000000000   30.51356    67.96628    4096                -3.179
        283  2.35833333333   30.50023    67.71131    4096                -3.372
        284  2.36666666667   30.48550    67.45663    4096                -4.299
        285  2.37500000000   30.46937    67.20228    4096                -2.361
        286  2.38333333333   30.45184    66.94825    4096                -0.970
        287  2.39166666667   30.43292    66.69457    4096                 0.865
        288  2.40000000000   30.41259    66.44125    4096                -0.794
        289  2.40833333333   30.39087    66.18830    4096                -1.535
        290  2.41666666667   30.36776    65.93575    4096                 0.991
        291  2.42500000000   30.34326    65.68360    4096                -0.964
        292  2.43333333333   30.31736    65.43187    4096                -0.681
        293  2.44166666667   30.29008    65.18058    4096                -0.520
        294  2.45000000000   30.26142    64.92974    4096                 2.551
        295  2.45833333333   30.23137    64.67936    4096                 2.168
        296  2.46666666667   30.19994    64.42945    4096                 1.390
        297  2.47500000000   30.16713    64.18005    4096                 3.259
        298  2.48333333333   30.13295    63.93114    4096                 3.971
        299  2.49166666667   30.09740    63.68276    4096                 6.770
        300  2.50000000000   30.06048    63.43492    4096                 5.549
        301  2.50833333333   30.02219    63.18762    4096                 8.782
        302  2.51666666667   29.98254    62.94089    4096                 3.055
        303  2.52500000000   29.94153    62.69473    4096                 1.094
        304  2.53333333333   29.89917    62.44917    4096                 2.650
        305  2.54166666667   29.85546    62.20420    4096                 1.646
        306  2.55000000000   29.81039    61.95986    4096                 1.099
        307  2.55833333333   29.76399    61.71614    4096                 1.705
        308  2.56666666667   29.71624    61.47307    4096                 0.987
        309  2.57500000000   29.66716    61.23066    4096                 0.899
        310  2.58333333333   29.61675    60.98891    4096                -0.745
        311  2.59166666667   29.56501    60.74784    4096                -1.579
        312  2.60000000000   29.51195    60.50747    4096                -1.949
        313  2.60833333333   29.45758    60.26781    4096                -2.055
        314  2.61666666667   29.40189    60.02886    4096                -1.340
        315  2.62500000000   29.34489    59.79065    4096                -0.836
        316  2.63333333333   29.28659    59.55318    4096                -0.179
        317  2.64166666667   29.22699    59.31646    4096                 0.514
        318  2.65000000000   29.16610    59.08051    4096                 0.970
        319  2.65833333333   29.10393    58.84533    4096                 1.077
        320  2.66666666667   29.04047    58.61094    4096                 1.527
        321  2.67500000000   28.97574    58.37736    4096                 0.028
        322  2.68333333333   28.90973    58.14458    4096                -0.010
        323  2.69166666667   28.84246    57.91262    4096                 0.444
        324  2.70000000000   28.77393    57.68150    4096                 1.035
        325  2.70833333333   28.70415    57.45122    4096                 0.893
        326  2.71666666667   28.63312    57.22179    4096                 2.113
        327  2.72500000000   28.56085    56.99322    4096                 1.864
        328  2.73333333333   28.48735    56.76552    4096                 1.397
        329  2.74166666667   28.41261    56.53871    4096                 0.542
        330  2.75000000000   28.33666    56.31279    4096                 0.456
        331  2.75833333333   28.25948    56.08776    4096                 0.107
        332  2.76666666667   28.18110    55.86365    4096                 0.275
        333  2.77500000000   28.10152    55.64045    4096                -0.020
        334  2.78333333333   28.02073    55.41818    4096                -0.218
        335  2.79166666667   27.93876    55.19685    4096                -0.068
        336  2.80000000000   27.85561    54.97646    4096                -0.331
        337  2.80833333333   27.77128    54.75702    4096                -0.017
        338  2.81666666667   27.68577    54.53854    4096                 0.233
        339  2.82500000000   27.59911    54.32103    4096                 0.466
        340  2.83333333333   27.51129    54.10450    4096                 0.320
        341  2.84166666667   27.42232    53.88895    4096                -0.131
        342  2.85000000000   27.33222    53.67438    4096                -0.728
        343  2.85833333333   27.24097    53.46082    4096                -0.793
        344  2.86666666667   27.14860    53.24826    4096                -0.809
        345  2.87500000000   27.05511    53.03671    4096                -1.060
        346  2.88333333333   26.96051    52.82617    4096                -0.904
        347  2.89166666667   26.86480    52.61666    4096                -0.745
        348  2.90000000000   26.76800    52.40818    4096                -0.770
        349  2.90833333333   26.67010    52.20073    4096                -1.401
        350  2.91666666667   26.57112    51.99433    4096                -1.644
        351  2.92500000000   26.47107    51.78897    4096                -1.827
        352  2.93333333333   26.36995    51.58466    4096                -1.788
        353  2.94166666667   26.26776    51.38141    4096                -1.986
        354  2.95000000000   26.16453    51.17923    4096                -1.990
        355  2.95833333333   26.06025    50.97810    4096                -1.527
        356  2.96666666667   25.95493    50.77805    4096                -1.298
        357  2.97500000000   25.84859    50.57908    4096                -1.124
        358  2.98333333333   25.74122    50.38119    4096                -1.268
        359  2.99166666667   25.63284    50.18438    4096                -1.206
        360  3.00000000000   25.52345    49.98866    4096                -1.354
        361  3.00833333333   25.41306    49.79403    4096                -1.098
        362  3.01666666667   25.30169    49.60050    4096                -1.235
        363  3.02500000000   25.18933    49.40807    4096                -1.629
        364  3.03333333333   25.07599    49.21674    4096                -1.773
        365  3.04166666667   24.96169    49.02652    4096                -1.753
        366  3.05000000000   24.84643    48.83740    4096                -1.822
        367  3.05833333333   24.73022    48.64940    4096                -1.770
        368  3.06666666667   24.61306    48.46251    4096                -1.773
        369  3.07500000000   24.49497    48.27674    4096                -1.894
        370  3.08333333333   24.37595    48.09208    4096                -1.835
        371  3.09166666667   24.25601    47.90855    4096                -1.838
        372  3.10000000000   24.13516    47.72614    4096                -1.591
        373  3.10833333333   24.01341    47.54486    4096                -1.526
        374  3.11666666667   23.89076    47.36470    4096                -1.632
        375  3.12500000000   23.76722    47.18567    4096                -1.652
        376  3.13333333333   23.64280    47.00777    4096                -1.883
        377  3.14166666667   23.51751    46.83100    4096                -1.937
        378  3.15000000000   23.39136    46.65537    4096                -1.945
        379  3.15833333333   23.26435    46.48087    4096                -2.146
        380  3.16666666667   23.13649    46.30750    4096                -2.216
        381  3.17500000000   23.00779    46.13527    4096                -2.282
        382  3.18333333333   22.87825    45.96417    4096                -2.151
        383  3.19166666667   22.74790    45.79421    4096                -2.098
        384  3.20000000000   22.61672    45.62538    4096                -2.073
        385  3.20833333333   22.48474    45.45769    4096                -2.180
        386  3.21666666667   22.35195    45.29114    4096                -2.220
        387  3.22500000000   22.21837    45.12573    4096                -2.167
        388  3.23333333333   22.08401    44.96145    4096                -2.315
        389  3.24166666667   21.94886    44.79831    4096                -2.644
        390  3.25000000000   21.81295    44.63631    4096                -2.700
        391  3.25833333333   21.67627    44.47544    4096                -2.692
        392  3.26666666667   21.53884    44.31570    4096                -2.809
        393  3.27500000000   21.40066    44.15711    4096                -2.900
        394  3.28333333333   21.26175    43.99964    4096                -2.692
        395  3.29166666667   21.12210    43.84331    4096                -2.745
        396  3.30000000000   20.98172    43.68811    4096                -2.624
        397  3.30833333333   20.84063    43.53404    4096                -2.411
        398  3.31666666667   20.69883    43.38109    4096                -2.311
        399  3.32500000000   20.55633    43.22928    4096                -2.197
        400  3.33333333333   20.41313    43.07860    4096                -2.085
        401  3.34166666667   20.26925    42.92904    4096                -2.091
        402  3.35000000000   20.12468    42.78060    4096                -2.111
        403  3.35833333333   19.97945    42.63328    4096                -1.817
        404  3.36666666667   19.83355    42.48709    4096                -1.428
        405  3.37500000000   19.68699    42.34201    4096                -1.624
        406  3.38333333333   19.53978    42.19805    4096                -1.480
        407  3.39166666667   19.39193    42.05521    4096                -1.245
        408  3.40000000000   19.24345    41.91348    4096                -1.033
        409  3.40833333333   19.09433    41.77286    4096                -0.723
        410  3.41666666667   18.94460    41.63334    4096                -0.538
        411  3.42500000000   18.79425    41.49494    4096                -0.136
        412  3.43333333333   18.64329    41.35763    4096                 0.149
        413  3.44166666667   18.49174    41.22143    4096                 0.133
        414  3.45000000000   18.33959    41.08633    4096                 0.141
        415  3.45833333333   18.18685    40.95232    4096                 0.116
        416  3.46666666667   18.03354    40.81940    4096                 0.002
        417  3.47500000000   17.87965    40.68758    4096                -0.371
        418  3.48333333333   17.72520    40.55685    4096                 0.027
        419  3.49166666667   17.57019    40.42720    4096                 0.347
        420  3.50000000000   17.41463    40.29863    4096                 0.349
        421  3.50833333333   17.25853    40.17114    4096                 0.165
        422  3.51666666667   17.10188    40.04473    4096                -0.053
        423  3.52500000000   16.94471    39.91939    4096                -0.199
        424  3.53333333333   16.78701    39.79512    4096                -0.185
        425  3.54166666667   16.62879    39.67192    4096                -0.062
        426  3.55000000000   16.47006    39.54979    4096                 0.218
        427  3.55833333333   16.31083    39.42871    4096                 0.391
        428  3.56666666667   16.15109    39.30870    4096                 0.529
        429  3.57500000000   15.99087    39.18973    4096                 0.433
        430  3.58333333333   15.83016    39.07182    4096                 0.593
        431  3.59166666667   15.66896    38.95496    4096                 0.907
        432  3.60000000000   15.50730    38.83914    4096                 1.164
        433  3.60833333333   15.34517    38.72436    4096                 1.249
        434  3.61666666667   15.18257    38.61062    4096                 1.117
        435  3.62500000000   15.01953    38.49792    4096                 1.103
        436  3.63333333333   14.85603    38.38624    4096                 1.389
        437  3.64166666667   14.69209    38.27559    4096                 1.372
        438  3.65000000000   14.52772    38.16596    4096                 1.141
        439  3.65833333333   14.36291    38.05736    4096                 1.326
        440  3.66666666667   14.19768    37.94977    4096                 1.510
        441  3.67500000000   14.03203    37.84319    4096                 1.942
        442  3.68333333333   13.86597    37.73762    4096                 1.985
        443  3.69166666667   13.69950    37.63305    4096                 1.719
        444  3.70000000000   13.53263    37.52949    4096                 1.681
        445  3.70833333333   13.36536    37.42692    4096                 1.670
        446  3.71666666667   13.19771    37.32535    4096                 1.538
        447  3.72500000000   13.02967    37.22476    4096                 1.516
        448  3.73333333333   12.86125    37.12517    4096                 1.697
        449  3.74166666667   12.69246    37.02655    4096                 1.666
        450  3.75000000000   12.52330    36.92891    4096                 1.814
        451  3.75833333333   12.35378    36.83225    4096                 2.368
        452  3.76666666667   12.18390    36.73656    4096                 3.142
        453  3.77500000000   12.01367    36.64183    4096                 3.478
        454  3.78333333333   11.84309    36.54806    4096                 3.542
        455  3.79166666667   11.67218    36.45526    4096                 4.067
        456  3.80000000000   11.50093    36.36341    4096                 5.723
        457  3.80833333333   11.32934    36.27251    4096                 6.847
        458  3.81666666667   11.15744    36.18255    4096                 6.172
        459  3.82500000000   10.98521    36.09354    4096                 5.323
        460  3.83333333333   10.81266    36.00547    4096                 3.942
        461  3.84166666667   10.63981    35.91833    4096                 2.891
        462  3.85000000000   10.46665    35.83212    4096                 2.974
        463  3.85833333333   10.29320    35.74684    4096                 2.916
        464  3.86666666667   10.11944    35.66248    4096                 2.472
        465  3.87500000000    9.94540    35.57904    4096                 2.892
        466  3.88333333333    9.77107    35.49652    4096                 3.322
        467  3.89166666667    9.59646    35.41490    4096                 4.788
        468  3.90000000000    9.42157    35.33420    4096                 2.653
        469  3.90833333333    9.24642    35.25439    4096                 2.709
        470  3.91666666667    9.07099    35.17549    4096                 2.129
        471  3.92500000000    8.89531    35.09747    4096                 1.574
        472  3.93333333333    8.71936    35.02035    4464                 0.000
        473  3.94166666667    8.54317    34.94412    4464                 0.000
        474  3.95000000000    8.36672    34.86877    4464                 0.000
        475  3.95833333333    8.19003    34.79430    4464                 0.000
        476  3.96666666667    8.01310    34.72070    4096                50.529
        477  3.97500000000    7.83593    34.64797    4096                50.908
        478  3.98333333333    7.65854    34.57611    4096                51.202
        479  3.99166666667    7.48092    34.50511    4096                51.714
        480  4.00000000000    7.30307    34.43505    4096                51.791
        481  4.00833333333    7.12500    34.36569    4096                52.412
        482  4.01666666667    6.94673    34.29725    4096                52.202
        483  4.02500000000    6.76824    34.22967    4096                51.882
        484  4.03333333333    6.58954    34.16292    4096                52.646
        485  4.04166666667    6.41064    34.09702    4096                53.849
        486  4.05000000000    6.23155    34.03195    4096                54.160
        487  4.05833333333    6.05226    33.96771    4096                54.034
        488  4.06666666667    5.87278    33.90430    4096                52.640
        489  4.07500000000    5.69311    33.84171    4096                52.721
        490  4.08333333333    5.51327    33.77994    4096                52.042
        491  4.09166666667    5.33324    33.71899    4096                50.733
       1683 14.02500000000    5.52702   309.90569    4096                 1.533
       1684 14.03333333333    5.72335   309.93020    4096                 1.584
       1685 14.04166666667    5.91980   309.95413    4096                 1.675
       1686 14.05000000000    6.11636   309.97746    4096                 1.761
       1687 14.05833333333    6.31304   310.00020    4096                 1.748
       1688 14.06666666667    6.50984   310.02232    4096                 1.752
       1689 14.07500000000    6.70675   310.04385    4096                 1.628
       1690 14.08333333333    6.90377   310.06476    4096                 1.586
       1691 14.09166666667    7.10090   310.08506    4096                 1.755
       1692 14.10000000000    7.29814   310.10474    4096                 1.870
       1693 14.10833333333    7.49549   310.12380    4096                 1.914
       1694 14.11666666667    7.69295   310.14223    4096                 1.997
       1695 14.12500000000    7.89051   310.16003    4096                 2.071
       1696 14.13333333333    8.08818   310.17720    4096                 2.129
       1697 14.14166666667    8.28595   310.19373    4096                 2.110
       1698 14.15000000000    8.48382   310.20961    4096                 2.115
       1699 14.15833333333    8.68179   310.22485    4096                 2.124
       1700 14.16666666667    8.87986   310.23944    4096                 2.127
       1701 14.17500000000    9.07802   310.25338    4096                 2.242
       1702 14.18333333333    9.27628   310.26665    4096                 2.546
       1703 14.19166666667    9.47464   310.27926    4096                 2.686
       1704 14.20000000000    9.67308   310.29121    4096                 2.435
       1705 14.20833333333    9.87162   310.30248    4096                 2.432
       1706 14.21666666667   10.07024   310.31307    4096                 2.376
       1707 14.22500000000   10.26896   310.32299    4096                 2.323
       1708 14.23333333333   10.46775   310.33221    4096                 2.287
       1709 14.24166666667   10.66664   310.34075    4096                 2.376
       1710 14.25000000000   10.86560   310.34859    4096                 2.333
       1711 14.25833333333   11.06464   310.35574    4096                 2.299
       1712 14.26666666667   11.26377   310.36217    4096                 2.285
       1713 14.27500000000   11.46297   310.36790    4096                 2.226
       1714 14.28333333333   11.66224   310.37292    4096                 2.166
       1715 14.29166666667   11.86159   310.37722    4096                 2.198
       1716 14.30000000000   12.06101   310.38079    4096                 2.202
       1717 14.30833333333   12.26049   310.38364    4096                 2.117
       1718 14.31666666667   12.46005   310.38575    4096                 2.114
       1719 14.32500000000   12.65967   310.38712    4096                 2.086
       1720 14.33333333333   12.85935   310.38775    4096                 2.096
       1721 14.34166666667   13.05909   310.38764    4096                 1.979
       1722 14.35000000000   13.25889   310.38677    4096                 1.840
       1723 14.35833333333   13.45875   310.38514    4096                 1.886
       1724 14.36666666667   13.65867   310.38274    4096                 1.838
       1725 14.37500000000   13.85863   310.37958    4096                 1.837
       1726 14.38333333333   14.05865   310.37564    4096                 1.783
       1727 14.39166666667   14.25871   310.37092    4096                 1.766
       1728 14.40000000000   14.45882   310.36542    4096                 1.777
       1729 14.40833333333   14.65897   310.35912    4096                 1.663
       1730 14.41666666667   14.85917   310.35203    4096                 1.646
       1731 14.42500000000   15.05940   310.34414    4096                 1.656
       1732 14.43333333333   15.25967   310.33543    4096                 1.598
       1733 14.44166666667   15.45997   310.32592    4096                 1.504
       1734 14.45000000000   15.66030   310.31558    4096                 1.481
       1735 14.45833333333   15.86066   310.30442    4096                 1.535
       1736 14.46666666667   16.06105   310.29243    4096                 1.530
       1737 14.47500000000   16.26146   310.27961    4096                 1.476
       1738 14.48333333333   16.46189   310.26594    4096                 1.291
       1739 14.49166666667   16.66234   310.25142    4096                 1.248
       1740 14.50000000000   16.86280   310.23604    4096                 1.173
       1741 14.50833333333   17.06328   310.21981    4096                 1.171
       1742 14.51666666667   17.26377   310.20270    4096                 1.061
       1743 14.52500000000   17.46426   310.18473    4096                 0.905
       1744 14.53333333333   17.66476   310.16587    4096                 0.801
       1745 14.54166666667   17.86526   310.14613    4096                 0.698
       1746 14.55000000000   18.06575   310.12549    4096                 0.748
       1747 14.55833333333   18.26625   310.10396    4096                 0.730
       1748 14.56666666667   18.46673   310.08152    4096                 0.813
       1749 14.57500000000   18.66720   310.05817    4096                 0.873
       1750 14.58333333333   18.86766   310.03390    4096                 0.845
       1751 14.59166666667   19.06810   310.00870    4096                 0.768
       1752 14.60000000000   19.26852   309.98257    4096                 0.770
       1753 14.60833333333   19.46891   309.95550    4096                 0.747
       1754 14.61666666667   19.66928   309.92748    4096                 0.746
       1755 14.62500000000   19.86962   309.89852    4096                 0.731
       1756 14.63333333333   20.06992   309.86859    4096                 0.749
       1757 14.64166666667   20.27018   309.83769    4096                 0.664
       1758 14.65000000000   20.47041   309.80582    4096                 0.658
       1759 14.65833333333   20.67058   309.77297    4096                 0.629
       1760 14.66666666667   20.87071   309.73912    4096                 0.501
       1761 14.67500000000   21.07079   309.70428    4096                 0.423
       1762 14.68333333333   21.27081   309.66844    4096                 0.347
       1763 14.69166666667   21.47078   309.63159    4096                 0.337
       1764 14.70000000000   21.67067   309.59371    4096                 0.243
       1765 14.70833333333   21.87050   309.55481    4096                 0.198
       1766 14.71666666667   22.07026   309.51488    4096                 0.215
       1767 14.72500000000   22.26995   309.47390    4096                 0.325
       1768 14.73333333333   22.46955   309.43188    4096                 0.321
       1769 14.74166666667   22.66907   309.38879    4096                 0.342
       1770 14.75000000000   22.86851   309.34464    4096                 0.269
       1771 14.75833333333   23.06785   309.29942    4096                 0.341
       1772 14.76666666667   23.26709   309.25311    4096                 0.462
       1773 14.77500000000   23.46624   309.20572    4096                 0.420
       1774 14.78333333333   23.66528   309.15722    4096                 0.380
       1775 14.79166666667   23.86421   309.10762    4096                 0.409
       1776 14.80000000000   24.06302   309.05691    4096                 0.351
       1777 14.80833333333   24.26172   309.00507    4096                 0.479
       1778 14.81666666667   24.46029   308.95210    4096                 0.426
       1779 14.82500000000   24.65874   308.89799    4096                 0.314
       1780 14.83333333333   24.85705   308.84273    4096                 0.227
       1781 14.84166666667   25.05523   308.78631    4096                 0.388
       1782 14.85000000000   25.25326   308.72872    4096                 0.392
       1783 14.85833333333   25.45115   308.66996    4096                 0.337
       1784 14.86666666667   25.64888   308.61002    4096                 0.318
       1785 14.87500000000   25.84646   308.54888    4096                 0.364
       1786 14.88333333333   26.04387   308.48654    4096                 0.509
       1787 14.89166666667   26.24112   308.42298    4096                 0.514
       1788 14.90000000000   26.43819   308.35821    4096                 0.578
       1789 14.90833333333   26.63508   308.29220    4096                 0.552
       1790 14.91666666667   26.83179   308.22496    4096                 0.475
       1791 14.92500000000   27.02831   308.15647    4096                 0.528
       1792 14.93333333333   27.22463   308.08672    4096                 0.515
       1793 14.94166666667   27.42076   308.01570    4096                 0.483
       1794 14.95000000000   27.61667   307.94340    4096                 0.551
       1795 14.95833333333   27.81238   307.86981    4096                 0.442
       1796 14.96666666667   28.00786   307.79493    4096                 0.559
       1797 14.97500000000   28.20313   307.71875    4096                 0.295
       1798 14.98333333333   28.39816   307.64124    4096                 0.283
       1799 14.99166666667   28.59295   307.56241    4096                 0.297
       1800 15.00000000000   28.78750   307.48224    4096                 0.451
       1801 15.00833333333   28.98181   307.40073    4096                 0.340
       1802 15.01666666667   29.17586   307.31785    4096                 0.419
       1803 15.02500000000   29.36964   307.23361    4096                 0.640
       1804 15.03333333333   29.56316   307.14800    4096                 0.512
       1805 15.04166666667   29.75640   307.06099    4096                 0.590
       1806 15.05000000000   29.94937   306.97259    4096                 0.535
       1807 15.05833333333   30.14204   306.88278    4096                 0.500
       1808 15.06666666667   30.33442   306.79155    4096                 0.622
       1809 15.07500000000   30.52649   306.69889    4096                 0.695
       1810 15.08333333333   30.71826   306.60479    4096                 0.757
       1811 15.09166666667   30.90971   306.50924    4096                 0.687
       1812 15.10000000000   31.10084   306.41222    4096                 0.742
       1813 15.10833333333   31.29163   306.31374    4096                 0.696
       1814 15.11666666667   31.48209   306.21377    4096                 0.989
       1815 15.12500000000   31.67221   306.11231    4096                 0.777
       1816 15.13333333333   31.86197   306.00934    4096                 0.806
       1817 15.14166666667   32.05137   305.90485    4096                 0.816
       1818 15.15000000000   32.24040   305.79884    4096                 0.818
       1819 15.15833333333   32.42905   305.69129    4096                 0.834
       1820 15.16666666667   32.61732   305.58219    4096                 0.892
       1821 15.17500000000   32.80520   305.47153    4096                 0.894
       1822 15.18333333333   32.99267   305.35930    4096                 0.977
       1823 15.19166666667   33.17974   305.24549    4096                 1.016
       1824 15.20000000000   33.36639   305.13008    4096                 1.150
       1825 15.20833333333   33.55262   305.01307    4096                 1.298
       1826 15.21666666667   33.73841   304.89444    4096                 1.226
       1827 15.22500000000   33.92376   304.77418    4096                 1.227
       1828 15.23333333333   34.10866   304.65228    4096                 1.125
       1829 15.24166666667   34.29309   304.52873    4096                 1.129
       1830 15.25000000000   34.47706   304.40352    4096                 1.123
       1831 15.25833333333   34.66055   304.27664    4096                 1.101
       1832 15.26666666667   34.84356   304.14807    4096                 1.111
       1833 15.27500000000   35.02606   304.01781    4096                 0.953
       1834 15.28333333333   35.20807   303.88584    4096                 1.045
       1835 15.29166666667   35.38955   303.75215    4096                 1.057
       1836 15.30000000000   35.57051   303.61673    4096                 1.057
       1837 15.30833333333   35.75094   303.47956    4096                 1.156
       1838 15.31666666667   35.93082   303.34065    4096                 1.120
       1839 15.32500000000   36.11015   303.19997    4096                 0.923
       1840 15.33333333333   36.28892   303.05751    4096                 1.049
       1841 15.34166666667   36.46711   302.91327    4096                 1.018
       1842 15.35000000000   36.64472   302.76723    4096                 0.953
       1843 15.35833333333   36.82173   302.61938    4096                 0.807
       1844 15.36666666667   36.99814   302.46971    4096                 0.812
       1845 15.37500000000   37.17393   302.31820    4096                 0.851
       1846 15.38333333333   37.34910   302.16486    4096                 0.878
       1847 15.39166666667   37.52363   302.00966    4096                 0.922
       1848 15.40000000000   37.69752   301.85259    4096                 0.972
       1849 15.40833333333   37.87074   301.69365    4096                 0.992
       1850 15.41666666667   38.04330   301.53282    4096                 0.953
       1851 15.42500000000   38.21518   301.37010    4096                 1.152
       1852 15.43333333333   38.38636   301.20546    4096                 1.097
       1853 15.44166666667   38.55684   301.03891    4096                 1.142
       1854 15.45000000000   38.72661   300.87043    4096                 1.146
       1855 15.45833333333   38.89565   300.70001    4096                 1.133
       1856 15.46666666667   39.06395   300.52764    4096                 1.045
       1857 15.47500000000   39.23151   300.35331    4096                 1.018
       1858 15.48333333333   39.39830   300.17701    4096                 0.824
       1859 15.49166666667   39.56432   299.99873    4096                 1.001
       1860 15.50000000000   39.72956   299.81846    4096                 1.135
       1861 15.50833333333   39.89399   299.63620    4096                 0.996
       1862 15.51666666667   40.05762   299.45192    4096                 0.947
       1863 15.52500000000   40.22042   299.26563    4096                 0.944
       1864 15.53333333333   40.38239   299.07731    4096                 0.805
       1865 15.54166666667   40.54351   298.88695    4096                 0.802
       1866 15.55000000000   40.70378   298.69455    4096                 0.956
       1867 15.55833333333   40.86317   298.50010    4096                 0.975
       1868 15.56666666667   41.02167   298.30359    4096                 0.980
       1869 15.57500000000   41.17927   298.10501    4096                 1.038
       1870 15.58333333333   41.33597   297.90435    4096                 1.041
       1871 15.59166666667   41.49173   297.70161    4096                 1.002
       1872 15.60000000000   41.64656   297.49677    4096                 1.001
       1873 15.60833333333   41.80044   297.28984    4096                 0.735
       1874 15.61666666667   41.95335   297.08081    4096                 0.646
       1875 15.62500000000   42.10529   296.86966    4096                 0.416
       1876 15.63333333333   42.25623   296.65639    4096                 0.400
       1877 15.64166666667   42.40616   296.44100    4096                 0.236
       1878 15.65000000000   42.55507   296.22348    4096                 0.009
       1879 15.65833333333   42.70296   296.00383    4096                -0.230
       1880 15.66666666667   42.84979   295.78204    4096                -0.303
       1881 15.67500000000   42.99556   295.55810    4096                -0.310
       1882 15.68333333333   43.14025   295.33201    4096                -0.347
       1883 15.69166666667   43.28386   295.10378    4096                -0.233
       1884 15.70000000000   43.42636   294.87338    4096                -0.221
       1885 15.70833333333   43.56774   294.64083    4096                -0.207
       1886 15.71666666667   43.70798   294.40612    4096                -0.066
       1887 15.72500000000   43.84708   294.16925    4096                 0.078
       1888 15.73333333333   43.98502   293.93021    4096                 0.226
       1889 15.74166666667   44.12178   293.68900    4096                 0.306
       1890 15.75000000000   44.25735   293.44563    4096                 0.385
       1891 15.75833333333   44.39171   293.20009    4096                 0.356
       1892 15.76666666667   44.52486   292.95238    4096                 0.387
       1893 15.77500000000   44.65676   292.70251    4096                 0.394
       1894 15.78333333333   44.78742   292.45047    4096                 0.714
       1895 15.79166666667   44.91681   292.19627    4096                 0.688
       1896 15.80000000000   45.04492   291.93990    4096                 0.844
       1897 15.80833333333   45.17174   291.68138    4096                 0.838
       1898 15.81666666667   45.29725   291.42070    4096                 0.661
       1899 15.82500000000   45.42143   291.15787    4096                 0.505
       1900 15.83333333333   45.54427   290.89289    4096                 0.441
       1901 15.84166666667   45.66576   290.62577    4096                 0.456
       1902 15.85000000000   45.78588   290.35651    4096                 0.659
       1903 15.85833333333   45.90462   290.08512    4096                 0.715
       1904 15.86666666667   46.02196   289.81161    4096                 0.734
       1905 15.87500000000   46.13788   289.53598    4096                 0.678
       1906 15.88333333333   46.25237   289.25824    4096                 0.677
       1907 15.89166666667   46.36542   288.97840    4096                 0.722
       1908 15.90000000000   46.47702   288.69647    4096                 0.777
       1909 15.90833333333   46.58714   288.41246    4096                 0.793
       1910 15.91666666667   46.69577   288.12639    4096                 0.746
       1911 15.92500000000   46.80290   287.83825    4096                 0.762
       1912 15.93333333333   46.90851   287.54807    4096                 0.789
       1913 15.94166666667   47.01259   287.25586    4096                 0.627
       1914 15.95000000000   47.11513   286.96162    4096                 0.535
       1915 15.95833333333   47.21611   286.66539    4096                 0.552
       1916 15.96666666667   47.31551   286.36716    4096                 0.547
       1917 15.97500000000   47.41332   286.06696    4096                 0.553
       1918 15.98333333333   47.50953   285.76480    4096                 0.632
       1919 15.99166666667   47.60412   285.46071    4096                 0.659
       1920 16.00000000000   47.69733   285.15422    4096                 0.831
       1921 16.00833333333   47.78841   284.84677    4096                 0.820
       1922 16.01666666667   47.87807   284.53696    4096                 0.775
       1923 16.02500000000   47.96606   284.22529    4096                 0.824
       1924 16.03333333333   48.05236   283.91178    4096                 0.808
       1925 16.04166666667   48.13697   283.59645    4096                 0.800
       1926 16.05000000000   48.21986   283.27933    4096                 0.782
       1927 16.05833333333   48.30103   282.96043    4096                 0.739
       1928 16.06666666667   48.38047   282.63977    4096                 0.738
       1929 16.07500000000   48.45815   282.31740    4096                 0.675
       1930 16.08333333333   48.53408   281.99333    4096                 0.624
       1931 16.09166666667   48.60823   281.66758    4096                 0.592
       1932 16.10000000000   48.68059   281.34019    4096                 0.605
       1933 16.10833333333   48.75116   281.01118    4096                 0.614
       1934 16.11666666667   48.81991   280.68058    4096                 0.589
       1935 16.12500000000   48.88685   280.34843    4096                 0.596
       1936 16.13333333333   48.95195   280.01474    4096                 0.601
       1937 16.14166666667   49.01522   279.67956    4096                 0.570
       1938 16.15000000000   49.07663   279.34291    4096                 0.518
       1939 16.15833333333   49.13617   279.00483    4096                 0.508
       1940 16.16666666667   49.19385   278.66535    4096                 0.504
       1941 16.17500000000   49.24964   278.32450    4096                 0.503
       1942 16.18333333333   49.30353   277.98232    4096                 0.465
       1943 16.19166666667   49.35552   277.63884    4096                 0.503
       1944 16.20000000000   49.40561   277.29410    4096                 0.506
       1945 16.20833333333   49.45377   276.94813    4096                 0.492
       1946 16.21666666667   49.50000   276.60098    4096                 0.506
       1947 16.22500000000   49.54430   276.25268    4096                 0.478
       1948 16.23333333333   49.58665   275.90326    4096                 0.506
       1949 16.24166666667   49.62705   275.55277    4096                 0.461
       1950 16.25000000000   49.66549   275.20124    4096                 0.428
       1951 16.25833333333   49.70196   274.84872    4096                 0.411
       1952 16.26666666667   49.73647   274.49525    4096                 0.407
       1953 16.27500000000   49.76899   274.14086    4096                 0.448
       1954 16.28333333333   49.79952   273.78559    4096                 0.486
       1955 16.29166666667   49.82807   273.42950    4096                 0.531
       1956 16.30000000000   49.85462   273.07262    4096                 0.587
       1957 16.30833333333   49.87917   272.71499    4096                 0.601
       1958 16.31666666667   49.90172   272.35665    4096                 0.642
       1959 16.32500000000   49.92225   271.99765    4096                 0.656
       1960 16.33333333333   49.94077   271.63804    4096                 0.683
       1961 16.34166666667   49.95728   271.27785    4096                 0.721
       1962 16.35000000000   49.97177   270.91713    4096                 0.774
       1963 16.35833333333   49.98423   270.55593    4096                 0.805
       1964 16.36666666667   49.99467   270.19428    4096                 0.826
       1965 16.37500000000   50.00309   269.83223    4096                 0.866
       1966 16.38333333333   50.00947   269.46983    4096                 0.953
       1967 16.39166666667   50.01383   269.10712    4096                 0.985
       1968 16.40000000000   50.01615   268.74415    4096                 0.964
       1969 16.40833333333   50.01645   268.38096    4096                 1.015
       1970 16.41666666667   50.01472   268.01759    4096                 1.031
       1971 16.42500000000   50.01095   267.65410    4096                 1.051
       1972 16.43333333333   50.00516   267.29052    4096                 1.063
       1973 16.44166666667   49.99734   266.92690    4096                 1.077
       1974 16.45000000000   49.98749   266.56328    4096                 1.096
       1975 16.45833333333   49.97561   266.19971    4096                 1.139
       1976 16.46666666667   49.96172   265.83624    4096                 1.173
       1977 16.47500000000   49.94580   265.47290    4096                 1.217
       1978 16.48333333333   49.92787   265.10975    4096                 1.260
       1979 16.49166666667   49.90792   264.74682    4096                 1.301
       1980 16.50000000000   49.88596   264.38416    4096                 1.307
       1981 16.50833333333   49.86200   264.02181    4096                 1.355
       1982 16.51666666667   49.83603   263.65981    4096                 1.367
       1983 16.52500000000   49.80807   263.29822    4096                 1.411
       1984 16.53333333333   49.77812   262.93706    4096                 1.426
       1985 16.54166666667   49.74618   262.57638    4096                 1.440
       1986 16.55000000000   49.71226   262.21622    4096                 1.504
       1987 16.55833333333   49.67636   261.85663    4096                 1.540
       1988 16.56666666667   49.63850   261.49764    4096                 1.592
       1989 16.57500000000   49.59868   261.13929    4096                 1.643
       1990 16.58333333333   49.55690   260.78162    4096                 1.673
       1991 16.59166666667   49.51318   260.42468    4096                 1.709
       1992 16.60000000000   49.46752   260.06850    4096                 1.713
       1993 16.60833333333   49.41993   259.71311    4096                 1.742
       1994 16.61666666667   49.37041   259.35856    4096                 1.781
       1995 16.62500000000   49.31899   259.00488    4096                 1.814
       1996 16.63333333333   49.26566   258.65210    4096                 1.857
       1997 16.64166666667   49.21043   258.30027    4096                 1.849
       1998 16.65000000000   49.15332   257.94942    4096                 1.885
       1999 16.65833333333   49.09434   257.59957    4096                 1.905
       2000 16.66666666667   49.03349   257.25078    4096                 1.921
       2001 16.67500000000   48.97078   256.90305    4096                 1.966
       2002 16.68333333333   48.90623   256.55644    4096                 2.005
       2003 16.69166666667   48.83985   256.21097    4096                 2.104
       2004 16.70000000000   48.77164   255.86666    4096                 2.148
       2005 16.70833333333   48.70163   255.52356    4096                 2.188
       2006 16.71666666667   48.62982   255.18169    4096                 2.214
       2007 16.72500000000   48.55621   254.84107    4096                 2.240
       2008 16.73333333333   48.48084   254.50174    4096                 2.309
       2009 16.74166666667   48.40370   254.16372    4096                 2.363
       2010 16.75000000000   48.32481   253.82704    4096                 2.426
       2011 16.75833333333   48.24418   253.49172    4096                 2.451
       2012 16.76666666667   48.16183   253.15779    4096                 2.492
       2013 16.77500000000   48.07776   252.82527    4096                 2.530
       2014 16.78333333333   47.99200   252.49418    4096                 2.552
       2015 16.79166666667   47.90455   252.16455    4096                 2.589
       2016 16.80000000000   47.81543   251.83639    4096                 2.629
       2017 16.80833333333   47.72465   251.50974    4096                 2.674
       2018 16.81666666667   47.63222   251.18460    4096                 2.701
       2019 16.82500000000   47.53817   250.86100    4096                 2.711
       2020 16.83333333333   47.44250   250.53895    4096                 2.723
       2021 16.84166666667   47.34522   250.21848    4096                 2.762
       2022 16.85000000000   47.24636   249.89959    4096                 2.784
       2023 16.85833333333   47.14592   249.58232    4096                 2.810
       2024 16.86666666667   47.04392   249.26666    4096                 2.861
       2025 16.87500000000   46.94038   248.95263    4096                 2.884
       2026 16.88333333333   46.83530   248.64026    4096                 2.921
       2027 16.89166666667   46.72871   248.32955    4096                 2.948
       2028 16.90000000000   46.62062   248.02051    4096                 2.994
       2029 16.90833333333   46.51104   247.71315    4096                 3.014
       2030 16.91666666667   46.39999   247.40750    4096                 3.076
       2031 16.92500000000   46.28749   247.10355    4096                 3.100
       2032 16.93333333333   46.17354   246.80132    4096                 3.163
       2033 16.94166666667   46.05817   246.50081    4096                 3.215
       2034 16.95000000000   45.94138   246.20204    4096                 3.247
       2035 16.95833333333   45.82320   245.90501    4096                 3.292
       2036 16.96666666667   45.70364   245.60973    4096                 3.316
       2037 16.97500000000   45.58271   245.31620    4096                 3.333
       2038 16.98333333333   45.46043   245.02443    4096                 3.405
       2039 16.99166666667   45.33681   244.73443    4096                 3.437
       2040 17.00000000000   45.21187   244.44619    4096                 3.452
       2041 17.00833333333   45.08563   244.15973    4096                 3.480
       2042 17.01666666667   44.95810   243.87505    4096                 3.517
       2043 17.02500000000   44.82929   243.59215    4096                 3.574
       2044 17.03333333333   44.69922   243.31102    4096                 3.614
       2045 17.04166666667   44.56790   243.03169    4096                 3.678
       2046 17.05000000000   44.43536   242.75413    4096                 3.727
       2047 17.05833333333   44.30160   242.47836    4096                 3.783
       2048 17.06666666667   44.16664   242.20438    4096                 3.837
       2049 17.07500000000   44.03049   241.93218    4096                 3.892
       2050 17.08333333333   43.89318   241.66177    4096                 3.950
       2051 17.09166666667   43.75471   241.39313    4096                 4.021
       2052 17.10000000000   43.61510   241.12628    4096                 4.105
       2053 17.10833333333   43.47436   240.86121    4096                 4.124
       2054 17.11666666667   43.33251   240.59791    4096                 4.177
       2055 17.12500000000   43.18957   240.33639    4096                 4.257
       2056 17.13333333333   43.04554   240.07663    4096                 4.326
       2057 17.14166666667   42.90045   239.81864    4096                 4.395
       2058 17.15000000000   42.75430   239.56241    4096                 4.461
       2059 17.15833333333   42.60712   239.30794    4096                 4.547
       2060 17.16666666667   42.45891   239.05522    4096                 4.606
       2061 17.17500000000   42.30969   238.80424    4096                 4.680
       2062 17.18333333333   42.15947   238.55501    4096                 4.770
       2063 17.19166666667   42.00828   238.30750    4096                 4.835
       2064 17.20000000000   41.85611   238.06173    4096                 4.926
       2065 17.20833333333   41.70300   237.81768    4096                 5.011
       2066 17.21666666667   41.54894   237.57534    4096                 5.069
       2067 17.22500000000   41.39396   237.33471    4096                 5.150
       2068 17.23333333333   41.23806   237.09578    4096                 5.265
       2069 17.24166666667   41.08127   236.85854    4096                 5.330
       2070 17.25000000000   40.92359   236.62298    4096                 5.395
       2071 17.25833333333   40.76504   236.38910    4096                 5.461
       2072 17.26666666667   40.60563   236.15689    4096                 5.526
       2073 17.27500000000   40.44537   235.92633    4096                 5.607
       2074 17.28333333333   40.28428   235.69743    4096                 5.690
       2075 17.29166666667   40.12238   235.47017    4096                 5.762
       2076 17.30000000000   39.95967   235.24453    4096                 5.831
       2077 17.30833333333   39.79616   235.02052    4096                 5.906
       2078 17.31666666667   39.63187   234.79812    4096                 5.986
       2079 17.32500000000   39.46682   234.57732    4096                 6.060
       2080 17.33333333333   39.30101   234.35811    4096                 6.151
       2081 17.34166666667   39.13445   234.14049    4096                 6.244
       2082 17.35000000000   38.96717   233.92444    4096                 6.325
       2083 17.35833333333   38.79917   233.70995    4096                 6.409
       2084 17.36666666667   38.63046   233.49701    4096                 6.462
       2085 17.37500000000   38.46105   233.28560    4096                 6.539
       2086 17.38333333333   38.29097   233.07573    4096                 6.651
       2087 17.39166666667   38.12021   232.86738    4096                 6.773
       2088 17.40000000000   37.94879   232.66053    4096                 6.863
       2089 17.40833333333   37.77673   232.45518    4096                 6.943
       2090 17.41666666667   37.60403   232.25132    4096                 7.041
       2091 17.42500000000   37.43070   232.04893    4096                 7.154
       2092 17.43333333333   37.25677   231.84800    4096                 7.268
       2093 17.44166666667   37.08223   231.64852    4096                 7.357
       2094 17.45000000000   36.90709   231.45048    4096                 7.451
       2095 17.45833333333   36.73138   231.25387    4096                 7.539
       2096 17.46666666667   36.55510   231.05868    4096                 7.665
       2097 17.47500000000   36.37826   230.86489    4096                 7.733
       2098 17.48333333333   36.20087   230.67249    4096                 7.842
       2099 17.49166666667   36.02295   230.48147    4096                 7.928
       2100 17.50000000000   35.84450   230.29183    4096                 8.040
       2101 17.50833333333   35.66553   230.10354    4096                 8.167
       2102 17.51666666667   35.48605   229.91660    4096                 8.275
       2103 17.52500000000   35.30608   229.73099    4096                 8.340
       2104 17.53333333333   35.12562   229.54670    4096                 8.433
       2105 17.54166666667   34.94469   229.36373    4096                 8.566
       2106 17.55000000000   34.76329   229.18205    4096                 8.713
       2107 17.55833333333   34.58143   229.00166    4096                 8.830
       2108 17.56666666667   34.39912   228.82255    4096                 8.939
       2109 17.57500000000   34.21638   228.64469    4096                 9.048
       2110 17.58333333333   34.03321   228.46809    4096                 9.170
       2111 17.59166666667   33.84962   228.29273    4096                 9.304
       2112 17.60000000000   33.66562   228.11860    4096                 9.413
       2113 17.60833333333   33.48122   227.94568    4096                 9.565
       2114 17.61666666667   33.29643   227.77396    4096                 9.733
       2115 17.62500000000   33.11125   227.60344    4096                 9.845
       2116 17.63333333333   32.92570   227.43410    4096                 9.969
       2117 17.64166666667   32.73979   227.26593    4096                10.098
       2118 17.65000000000   32.55352   227.09891    4096                10.216
       2119 17.65833333333   32.36690   226.93304    4096                10.347
       2120 17.66666666667   32.17994   226.76830    4096                10.472
       2121 17.67500000000   31.99265   226.60469    4096                10.585
       2122 17.68333333333   31.80504   226.44218    4096                10.742
       2123 17.69166666667   31.61712   226.28078    4096                10.904
       2124 17.70000000000   31.42888   226.12046    4096                11.071
       2125 17.70833333333   31.24035   225.96121    4096                11.224
       2126 17.71666666667   31.05153   225.80304    4096                11.457
       2127 17.72500000000   30.86243   225.64591    4096                11.648
       2128 17.73333333333   30.67305   225.48983    4096                11.856
       2129 17.74166666667   30.48340   225.33478    4096                12.034
       2130 17.75000000000   30.29350   225.18075    4096                12.264
       2131 17.75833333333   30.10334   225.02772    4096                12.450
       2132 17.76666666667   29.91293   224.87570    4096                12.646
       2133 17.77500000000   29.72229   224.72466    4096                12.833
       2134 17.78333333333   29.53142   224.57459    4096                13.043
       2135 17.79166666667   29.34033   224.42549    4096                13.222
       2136 17.80000000000   29.14902   224.27734    4096                13.423
       2137 17.80833333333   28.95750   224.13014    4096                13.620
       2138 17.81666666667   28.76577   223.98387    4096                13.839
       2139 17.82500000000   28.57386   223.83852    4096                14.031
       2140 17.83333333333   28.38175   223.69408    4096                14.251
       2141 17.84166666667   28.18946   223.55053    4096                14.453
       2142 17.85000000000   27.99700   223.40788    4096                14.693
       2143 17.85833333333   27.80437   223.26611    4096                14.908
       2144 17.86666666667   27.61158   223.12521    4096                15.120
       2145 17.87500000000   27.41863   222.98516    4096                15.320
       2146 17.88333333333   27.22553   222.84597    4096                15.563
       2147 17.89166666667   27.03228   222.70761    4096                15.814
       2148 17.90000000000   26.83891   222.57007    4096                16.094
       2149 17.90833333333   26.64539   222.43336    4096                16.337
       2150 17.91666666667   26.45176   222.29745    4096                16.556
       2151 17.92500000000   26.25801   222.16234    4096                16.821
       2152 17.93333333333   26.06414   222.02802    4096                17.066
       2153 17.94166666667   25.87016   221.89448    4096                17.293
       2154 17.95000000000   25.67609   221.76171    4096                17.525
       2155 17.95833333333   25.48192   221.62969    4096                17.743
       2156 17.96666666667   25.28765   221.49842    4096                17.956
       2157 17.97500000000   25.09331   221.36789    4096                18.159
       2158 17.98333333333   24.89888   221.23810    4096                18.385
       2159 17.99166666667   24.70438   221.10902    4096                18.639
       2160 18.00000000000   24.50937   220.98034    4096                18.952
       2161 18.00833333333   24.31518   220.85299    4096                19.262
       2162 18.01666666667   24.12050   220.72601    4096                19.520
       2163 18.02500000000   23.92576   220.59973    4096                19.829
       2164 18.03333333333   23.73097   220.47411    4096                20.215
       2165 18.04166666667   23.53614   220.34916    4096                20.560
       2166 18.05000000000   23.34127   220.22487    4096                20.818
       2167 18.05833333333   23.14637   220.10122    4096                21.087
       2168 18.06666666667   22.95144   219.97822    4096                21.331
       2169 18.07500000000   22.75650   219.85584    4096                21.400
       2170 18.08333333333   22.56153   219.73408    4096                21.496
       2171 18.09166666667   22.36655   219.61294    4096                21.683
       2172 18.10000000000   22.17156   219.49240    4096                21.931
       2173 18.10833333333   21.97657   219.37246    4096                22.168
       2174 18.11666666667   21.78158   219.25310    4096                22.449
       2175 18.12500000000   21.58660   219.13432    4096                22.669
       2176 18.13333333333   21.39162   219.01611    4096                22.899
       2177 18.14166666667   21.19666   218.89847    4096                23.200
       2178 18.15000000000   21.00172   218.78137    4096                23.544
       2179 18.15833333333   20.80680   218.66483    4096                23.840
       2180 18.16666666667   20.61191   218.54882    4096                24.147
       2181 18.17500000000   20.41705   218.43334    4096                24.428
       2182 18.18333333333   20.22223   218.31838    4096                24.727
       2183 18.19166666667   20.02745   218.20393    4096                25.013
       2184 18.20000000000   19.83271   218.08999    4096                25.321
       2185 18.20833333333   19.63802   217.97655    4096                25.617
       2186 18.21666666667   19.44339   217.86360    4096                25.922
       2187 18.22500000000   19.24881   217.75113    4096                26.255
       2188 18.23333333333   19.05429   217.63914    4096                26.599
       2189 18.24166666667   18.85983   217.52761    4096                26.904
       2190 18.25000000000   18.66544   217.41655    4096                27.197
       2191 18.25833333333   18.47113   217.30593    4096                27.487
       2192 18.26666666667   18.27689   217.19576    4096                27.796
       2193 18.27500000000   18.08273   217.08603    4096                28.077
       2194 18.28333333333   17.88865   216.97673    4096                28.375
       2195 18.29166666667   17.69466   216.86786    4096                28.686
       2196 18.30000000000   17.50076   216.75940    4096                28.993
       2197 18.30833333333   17.30695   216.65135    4096                29.278
       2198 18.31666666667   17.11324   216.54370    4096                29.567
       2199 18.32500000000   16.91963   216.43644    4096                29.867
       2200 18.33333333333   16.72613   216.32958    4096                30.178
       2201 18.34166666667   16.53273   216.22309    4096                30.501
       2202 18.35000000000   16.33945   216.11698    4096                30.792
       2203 18.35833333333   16.14628   216.01124    4096                31.132
       2204 18.36666666667   15.95322   215.90585    4096                31.440
       2205 18.37500000000   15.76029   215.80083    4096                31.785
       2206 18.38333333333   15.56749   215.69615    4096                32.155
       2207 18.39166666667   15.37481   215.59181    4096                32.505
       2208 18.40000000000   15.18226   215.48780    4096                32.843
       2209 18.40833333333   14.98984   215.38412    4096                33.210
       2210 18.41666666667   14.79757   215.28077    4096                33.609
       2211 18.42500000000   14.60543   215.17772    4096                33.977
       2212 18.43333333333   14.41344   215.07499    4096                34.347
       2213 18.44166666667   14.22159   214.97256    4096                34.764
       2214 18.45000000000   14.02989   214.87043    4096                35.141
       2215 18.45833333333   13.83834   214.76858    4096                35.554
       2216 18.46666666667   13.64695   214.66702    4096                35.971
       2217 18.47500000000   13.45572   214.56574    4096                36.430
       2218 18.48333333333   13.26465   214.46473    4096                36.928
       2219 18.49166666667   13.07374   214.36398    4096                37.370
       2220 18.50000000000   12.88300   214.26350    4096                37.848
       2221 18.50833333333   12.69243   214.16326    4096                38.297
       2222 18.51666666667   12.50203   214.06328    4096                38.757
       2223 18.52500000000   12.31181   213.96354    4096                39.225
       2224 18.53333333333   12.12176   213.86403    4096                39.749
       2225 18.54166666667   11.93190   213.76475    4096                40.263
       2226 18.55000000000   11.74222   213.66570    4096                40.798
       2227 18.55833333333   11.55272   213.56687    4096                41.279
       2228 18.56666666667   11.36341   213.46825    4096                41.800
       2229 18.57500000000   11.17430   213.36983    4096                42.342
       2230 18.58333333333   10.98538   213.27162    4096                42.865
       2231 18.59166666667   10.79665   213.17361    4096                43.387
       2232 18.60000000000   10.60812   213.07578    4096                43.924
       2233 18.60833333333   10.41980   212.97815    4096                44.476
       2234 18.61666666667   10.23168   212.88069    4096                45.037
       2235 18.62500000000   10.04376   212.78341    4096                45.615
       2236 18.63333333333    9.85605   212.68629    4096                46.235
       2237 18.64166666667    9.66856   212.58934    4096                46.808
       2238 18.65000000000    9.48128   212.49255    4096                47.495
       2239 18.65833333333    9.29421   212.39591    4096                48.134
       2240 18.66666666667    9.10737   212.29942    4096                48.874
       2241 18.67500000000    8.92074   212.20308    4096                49.575
       2242 18.68333333333    8.73434   212.10687    4096                50.243
       2243 18.69166666667    8.54816   212.01079    4096                51.086
       2244 18.70000000000    8.36221   211.91485    4096                51.815
       2245 18.70833333333    8.17649   211.81902    4096                52.465
       2246 18.71666666667    7.99100   211.72331    4096                53.114
       2247 18.72500000000    7.80575   211.62772    4096                53.734
       2248 18.73333333333    7.62074   211.53223    4096                54.323
       2249 18.74166666667    7.43596   211.43685    4096                54.994
       2250 18.75000000000    7.25143   211.34157    4096                55.771
       2251 18.75833333333    7.06713   211.24638    4096                56.511
       2252 18.76666666667    6.88309   211.15127    4096                57.291
       2253 18.77500000000    6.69929   211.05625    4096                58.173
       2254 18.78333333333    6.51574   210.96131    4096                59.049
       2255 18.79166666667    6.33245   210.86645    4096                59.891
       2256 18.80000000000    6.14941   210.77165    4096                60.897
       2257 18.80833333333    5.96662   210.67692    4096                62.013
       2258 18.81666666667    5.78410   210.58225    4096                62.981
       2259 18.82500000000    5.60183   210.48764    4096                63.946
       2260 18.83333333333    5.41983   210.39307    4096                64.960
       2261 18.84166666667    5.23809   210.29856    4096                66.040
       2262 18.85000000000    5.05662   210.20408    4096                66.946
       2263 18.85833333333    4.87542   210.10965    4096                67.918
