# Created on 2018-12-12 16:18:00 
# Sources: d:\gpsother\tec-suite\in\2015\abcd0770.15d.Z, d:\gpsother\tec-suite\in\2015\brdc0770.15n.Z
# Satellite: G18
# Interval: 30.0
# Sampling interval: 0.0 (not used).
# Site: abcd
# Position (L, B, H): 253.601641965, 52.1962622634, 578.574894483
# Position (X, Y, Z): -1106129.71, -3758704.03, 5016675.77
# datetime format: %Y-%m-%dT%H:%M:%S
# Columns: tsn, hour, el, az, validity, tec.l1l2
# (I11,1X,F14.11,1X,F10.5,1X,F11.5,1X,I7,1X,F21.3)
       1228 10.23333333333    4.93196   220.54058    4096                 9.935
       1229 10.24166666667    5.12774   220.59678    4096                 9.846
       1230 10.25000000000    5.32364   220.65330    4096                 9.645
       1231 10.25833333333    5.51967   220.71015    4096                 9.477
       1232 10.26666666667    5.71581   220.76731    4096                 9.268
       1233 10.27500000000    5.91208   220.82480    4096                 9.096
       1234 10.28333333333    6.10847   220.88260    4096                 8.798
       1235 10.29166666667    6.30498   220.94072    4096                 8.384
       1236 10.30000000000    6.50161   220.99916    4096                 7.913
       1237 10.30833333333    6.69836   221.05792    4096                 7.581
       1238 10.31666666667    6.89524   221.11699    4096                 7.321
       1239 10.32500000000    7.09223   221.17637    4096                 7.069
       1240 10.33333333333    7.28934   221.23607    4096                 6.887
       1241 10.34166666667    7.48657   221.29607    4096                 6.655
       1242 10.35000000000    7.68392   221.35639    4096                 6.606
       1243 10.35833333333    7.88139   221.41702    4096                 6.634
       1244 10.36666666667    8.07898   221.47796    4096                 6.575
       1245 10.37500000000    8.27669   221.53920    4096                 6.494
       1246 10.38333333333    8.47452   221.60075    4096                 6.346
       1247 10.39166666667    8.67246   221.66261    4096                 6.183
       1248 10.40000000000    8.87052   221.72477    4096                 5.825
       1249 10.40833333333    9.06871   221.78723    4096                 5.507
       1250 10.41666666667    9.26700   221.85000    4096                 5.254
       1251 10.42500000000    9.46542   221.91307    4096                 5.017
       1252 10.43333333333    9.66395   221.97644    4096                 4.784
       1253 10.44166666667    9.86260   222.04010    4096                 4.635
       1254 10.45000000000   10.06137   222.10407    4096                 4.438
       1255 10.45833333333   10.26025   222.16834    4096                 4.320
       1256 10.46666666667   10.45925   222.23290    4096                 4.196
       1257 10.47500000000   10.65837   222.29776    4096                 4.097
       1258 10.48333333333   10.85760   222.36291    4096                 3.961
       1259 10.49166666667   11.05695   222.42836    4096                 3.893
       1260 10.50000000000   11.25641   222.49410    4096                 3.708
       1261 10.50833333333   11.45599   222.56014    4096                 3.551
       1262 10.51666666667   11.65568   222.62646    4096                 3.399
       1263 10.52500000000   11.85549   222.69308    4096                 3.292
       1264 10.53333333333   12.05541   222.75999    4096                 3.267
       1265 10.54166666667   12.25545   222.82718    4096                 3.164
       1266 10.55000000000   12.45560   222.89466    4096                 3.161
       1267 10.55833333333   12.65587   222.96243    4096                 3.086
       1268 10.56666666667   12.85625   223.03049    4096                 2.904
       1269 10.57500000000   13.05674   223.09883    4096                 2.854
       1270 10.58333333333   13.25735   223.16746    4096                 2.785
       1271 10.59166666667   13.45807   223.23637    4096                 2.749
       1272 10.60000000000   13.65890   223.30556    4096                 2.612
       1273 10.60833333333   13.85985   223.37504    4096                 2.466
       1274 10.61666666667   14.06091   223.44479    4096                 2.428
       1275 10.62500000000   14.26208   223.51483    4096                 2.349
       1276 10.63333333333   14.46336   223.58514    4096                 2.255
       1277 10.64166666667   14.66476   223.65574    4096                 2.185
       1278 10.65000000000   14.86626   223.72661    4096                 2.140
       1279 10.65833333333   15.06788   223.79776    4096                 2.049
       1280 10.66666666667   15.26961   223.86918    4096                 2.018
       1281 10.67500000000   15.47145   223.94088    4096                 1.863
       1282 10.68333333333   15.67341   224.01286    4096                 1.833
       1283 10.69166666667   15.87547   224.08511    4096                 1.838
       1284 10.70000000000   16.07764   224.15763    4096                 1.844
       1285 10.70833333333   16.27993   224.23043    4096                 1.775
       1286 10.71666666667   16.48232   224.30349    4096                 1.724
       1287 10.72500000000   16.68483   224.37683    4096                 1.708
       1288 10.73333333333   16.88744   224.45044    4096                 1.737
       1289 10.74166666667   17.09017   224.52431    4096                 1.686
       1290 10.75000000000   17.29300   224.59846    4096                 1.487
       1291 10.75833333333   17.49594   224.67287    4096                 1.464
       1292 10.76666666667   17.69900   224.74755    4096                 1.425
       1293 10.77500000000   17.90216   224.82250    4096                 1.269
       1294 10.78333333333   18.10543   224.89771    4096                 1.340
       1295 10.79166666667   18.30880   224.97319    4096                 1.199
       1296 10.80000000000   18.51229   225.04893    4096                 1.191
       1297 10.80833333333   18.71588   225.12493    4096                 1.139
       1298 10.81666666667   18.91959   225.20120    4096                 1.003
       1299 10.82500000000   19.12340   225.27773    4096                 0.984
       1300 10.83333333333   19.32731   225.35451    4096                 0.922
       1301 10.84166666667   19.53134   225.43156    4096                 1.054
       1302 10.85000000000   19.73547   225.50887    4096                 1.120
       1303 10.85833333333   19.93971   225.58644    4096                 0.890
       1304 10.86666666667   20.14405   225.66427    4096                 1.003
       1305 10.87500000000   20.34850   225.74236    4096                 0.867
       1306 10.88333333333   20.55306   225.82070    4096                 0.782
       1307 10.89166666667   20.75773   225.89930    4096                 0.737
       1308 10.90000000000   20.96250   225.97815    4096                 0.668
       1309 10.90833333333   21.16737   226.05726    4096                 0.563
       1310 10.91666666667   21.37235   226.13662    4096                 0.454
       1311 10.92500000000   21.57744   226.21624    4096                 0.340
       1312 10.93333333333   21.78263   226.29611    4096                 0.250
       1313 10.94166666667   21.98792   226.37623    4096                 0.182
       1314 10.95000000000   22.19333   226.45661    4096                 0.188
       1315 10.95833333333   22.39883   226.53723    4096                 0.234
       1316 10.96666666667   22.60444   226.61811    4096                 0.161
       1317 10.97500000000   22.81015   226.69923    4096                -0.046
       1318 10.98333333333   23.01597   226.78061    4096                -0.217
       1319 10.99166666667   23.22189   226.86223    4096                -0.366
       1320 11.00000000000   23.42791   226.94410    4096                -0.407
       1321 11.00833333333   23.63404   227.02622    4096                -0.342
       1322 11.01666666667   23.84027   227.10858    4096                -0.382
       1323 11.02500000000   24.04660   227.19120    4096                -0.394
       1324 11.03333333333   24.25304   227.27405    4096                -0.494
       1325 11.04166666667   24.45957   227.35715    4096                -0.637
       1326 11.05000000000   24.66621   227.44050    4096                -0.697
       1327 11.05833333333   24.87295   227.52409    4096                -0.927
       1328 11.06666666667   25.07980   227.60792    4096                -0.904
       1329 11.07500000000   25.28674   227.69199    4096                -1.077
       1330 11.08333333333   25.49378   227.77631    4096                -1.233
       1331 11.09166666667   25.70093   227.86087    4096                -1.209
       1332 11.10000000000   25.90818   227.94567    4096                -1.238
       1333 11.10833333333   26.11552   228.03071    4096                -1.289
       1334 11.11666666667   26.32297   228.11599    4096                -1.216
       1335 11.12500000000   26.53052   228.20150    4096                -1.125
       1336 11.13333333333   26.73817   228.28726    4096                -1.108
       1337 11.14166666667   26.94591   228.37325    4096                -1.327
       1338 11.15000000000   27.15376   228.45948    4096                -1.333
       1339 11.15833333333   27.36171   228.54595    4096                -1.402
       1340 11.16666666667   27.56975   228.63266    4096                -1.684
       1341 11.17500000000   27.77789   228.71960    4096                -1.730
       1342 11.18333333333   27.98613   228.80677    4096                -1.381
       1343 11.19166666667   28.19447   228.89418    4096                -1.414
       1344 11.20000000000   28.40291   228.98183    4096                -1.456
       1345 11.20833333333   28.61145   229.06970    4096                -1.362
       1346 11.21666666667   28.82008   229.15781    4096                -1.463
       1347 11.22500000000   29.02881   229.24616    4096                -1.515
       1348 11.23333333333   29.23764   229.33473    4096                -1.258
       1349 11.24166666667   29.44656   229.42354    4096                -1.090
       1350 11.25000000000   29.65558   229.51258    4096                -1.092
       1351 11.25833333333   29.86470   229.60185    4096                -1.001
       1352 11.26666666667   30.07391   229.69135    4096                -0.902
       1353 11.27500000000   30.28322   229.78108    4096                -0.949
       1354 11.28333333333   30.49262   229.87103    4096                -0.878
       1355 11.29166666667   30.70212   229.96122    4096                -0.628
       1356 11.30000000000   30.91171   230.05163    4096                -0.504
       1357 11.30833333333   31.12140   230.14228    4096                -0.623
       1358 11.31666666667   31.33118   230.23315    4096                -0.321
       1359 11.32500000000   31.54106   230.32424    4096                -0.512
       1360 11.33333333333   31.75103   230.41557    4096                -0.768
       1361 11.34166666667   31.96110   230.50711    4096                -1.093
       1362 11.35000000000   32.17126   230.59889    4096                -1.492
       1363 11.35833333333   32.38151   230.69089    4096                -1.557
       1364 11.36666666667   32.59185   230.78311    4096                -1.892
       1365 11.37500000000   32.80229   230.87556    4096                -1.558
       1366 11.38333333333   33.01282   230.96823    4096                -1.623
       1367 11.39166666667   33.22344   231.06112    4096                -1.516
       1368 11.40000000000   33.43415   231.15424    4096                -1.698
       1369 11.40833333333   33.64496   231.24758    4096                -1.640
       1370 11.41666666667   33.85585   231.34114    4096                -1.711
       1371 11.42500000000   34.06684   231.43493    4096                -1.526
       1372 11.43333333333   34.27792   231.52893    4096                -1.860
       1373 11.44166666667   34.48908   231.62316    4096                -2.055
       1374 11.45000000000   34.70034   231.71761    4096                -2.176
       1375 11.45833333333   34.91169   231.81227    4096                -2.352
       1376 11.46666666667   35.12313   231.90716    4096                -2.353
       1377 11.47500000000   35.33465   232.00226    4096                -2.363
       1378 11.48333333333   35.54627   232.09759    4096                -2.414
       1379 11.49166666667   35.75797   232.19313    4096                -2.064
       1380 11.50000000000   35.96977   232.28889    4096                -1.838
       1381 11.50833333333   36.18165   232.38487    4096                -1.866
       1382 11.51666666667   36.39362   232.48107    4096                -1.871
       1383 11.52500000000   36.60567   232.57748    4096                -1.758
       1384 11.53333333333   36.81781   232.67411    4096                -2.294
       1385 11.54166666667   37.03004   232.77096    4096                -2.670
       1386 11.55000000000   37.24236   232.86802    4096                -2.637
       1387 11.55833333333   37.45476   232.96530    4096                -2.488
       1388 11.56666666667   37.66725   233.06280    4096                -2.517
       1389 11.57500000000   37.87983   233.16051    4096                -2.525
       1390 11.58333333333   38.09249   233.25843    4096                -2.453
       1391 11.59166666667   38.30523   233.35657    4096                -2.396
       1392 11.60000000000   38.51806   233.45493    4096                -2.351
       1393 11.60833333333   38.73098   233.55349    4096                -2.370
       1394 11.61666666667   38.94397   233.65228    4096                -2.468
       1395 11.62500000000   39.15706   233.75127    4096                -2.529
       1396 11.63333333333   39.37022   233.85048    4096                -2.614
       1397 11.64166666667   39.58347   233.94990    4096                -2.551
       1398 11.65000000000   39.79680   234.04954    4096                -2.636
       1399 11.65833333333   40.01021   234.14939    4096                -2.615
       1400 11.66666666667   40.22371   234.24945    4096                -2.608
       1401 11.67500000000   40.43729   234.34972    4096                -2.796
       1402 11.68333333333   40.65094   234.45020    4096                -2.890
       1403 11.69166666667   40.86468   234.55090    4096                -2.978
       1404 11.70000000000   41.07851   234.65181    4096                -3.003
       1405 11.70833333333   41.29241   234.75293    4096                -3.073
       1406 11.71666666667   41.50639   234.85426    4096                -3.082
       1407 11.72500000000   41.72045   234.95580    4096                -3.080
       1408 11.73333333333   41.93459   235.05755    4096                -3.105
       1409 11.74166666667   42.14881   235.15951    4096                -3.104
       1410 11.75000000000   42.36311   235.26169    4096                -3.179
       1411 11.75833333333   42.57748   235.36407    4096                -3.153
       1412 11.76666666667   42.79194   235.46666    4096                -3.217
       1413 11.77500000000   43.00647   235.56947    4096                -3.267
       1414 11.78333333333   43.22108   235.67248    4096                -3.321
       1415 11.79166666667   43.43576   235.77571    4096                -3.398
       1416 11.80000000000   43.65052   235.87914    4096                -3.394
       1417 11.80833333333   43.86536   235.98278    4096                -3.428
       1418 11.81666666667   44.08028   236.08664    4096                -3.446
       1419 11.82500000000   44.29527   236.19070    4096                -3.436
       1420 11.83333333333   44.51033   236.29497    4096                -3.513
       1421 11.84166666667   44.72547   236.39945    4096                -3.605
       1422 11.85000000000   44.94069   236.50415    4096                -3.686
       1423 11.85833333333   45.15597   236.60905    4096                -3.715
       1424 11.86666666667   45.37133   236.71416    4096                -3.714
       1425 11.87500000000   45.58677   236.81948    4096                -3.750
       1426 11.88333333333   45.80228   236.92501    4096                -3.856
       1427 11.89166666667   46.01786   237.03075    4096                -3.849
       1428 11.90000000000   46.23351   237.13670    4096                -3.920
       1429 11.90833333333   46.44923   237.24285    4096                -3.924
       1430 11.91666666667   46.66502   237.34922    4096                -3.957
       1431 11.92500000000   46.88089   237.45580    4096                -3.934
       1432 11.93333333333   47.09683   237.56259    4096                -3.980
       1433 11.94166666667   47.31283   237.66959    4096                -4.069
       1434 11.95000000000   47.52891   237.77680    4096                -4.084
       1435 11.95833333333   47.74505   237.88422    4096                -4.115
       1436 11.96666666667   47.96126   237.99185    4096                -4.075
       1437 11.97500000000   48.17755   238.09969    4096                -4.038
       1438 11.98333333333   48.39390   238.20774    4096                -4.041
       1439 11.99166666667   48.61031   238.31600    4096                -4.054
       1440 12.00000000000   48.82705   238.42518    4096                -4.120
       1441 12.00833333333   49.04335   238.53316    4096                -4.011
       1442 12.01666666667   49.25997   238.64205    4096                -4.070
       1443 12.02500000000   49.47665   238.75116    4096                -4.093
       1444 12.03333333333   49.69340   238.86048    4096                -4.107
       1445 12.04166666667   49.91022   238.97002    4096                -4.106
       1446 12.05000000000   50.12709   239.07977    4096                -4.069
       1447 12.05833333333   50.34404   239.18973    4096                -4.067
       1448 12.06666666667   50.56105   239.29990    4096                -4.083
       1449 12.07500000000   50.77812   239.41029    4096                -4.189
       1450 12.08333333333   50.99525   239.52089    4096                -4.288
       1451 12.09166666667   51.21245   239.63171    4096                -4.289
       1452 12.10000000000   51.42970   239.74275    4096                -4.239
       1453 12.10833333333   51.64702   239.85400    4096                -4.246
       1454 12.11666666667   51.86441   239.96547    4096                -4.292
       1455 12.12500000000   52.08185   240.07715    4096                -4.360
       1456 12.13333333333   52.29935   240.18905    4096                -4.332
       1457 12.14166666667   52.51691   240.30117    4096                -4.274
       1458 12.15000000000   52.73453   240.41351    4096                -4.354
       1459 12.15833333333   52.95222   240.52607    4096                -4.312
       1460 12.16666666667   53.16995   240.63885    4096                -4.407
       1461 12.17500000000   53.38775   240.75185    4096                -4.429
       1462 12.18333333333   53.60561   240.86508    4096                -4.361
       1463 12.19166666667   53.82352   240.97852    4096                -4.444
       1464 12.20000000000   54.04149   241.09219    4096                -4.430
       1465 12.20833333333   54.25952   241.20609    4096                -4.432
       1466 12.21666666667   54.47760   241.32021    4096                -4.450
       1467 12.22500000000   54.69573   241.43455    4096                -4.503
       1468 12.23333333333   54.91393   241.54912    4096                -4.490
       1469 12.24166666667   55.13217   241.66392    4096                -4.466
       1470 12.25000000000   55.35047   241.77895    4096                -4.456
       1471 12.25833333333   55.56883   241.89421    4096                -4.429
       1472 12.26666666667   55.78723   242.00971    4096                -4.415
       1473 12.27500000000   56.00569   242.12543    4096                -4.421
       1474 12.28333333333   56.22420   242.24139    4096                -4.439
       1475 12.29166666667   56.44277   242.35758    4096                -4.429
       1476 12.30000000000   56.66138   242.47401    4096                -4.399
       1477 12.30833333333   56.88005   242.59068    4096                -4.388
       1478 12.31666666667   57.09876   242.70759    4096                -4.439
       1479 12.32500000000   57.31753   242.82473    4096                -4.498
       1480 12.33333333333   57.53634   242.94212    4096                -4.542
       1481 12.34166666667   57.75520   243.05976    4096                -4.514
       1482 12.35000000000   57.97411   243.17764    4096                -4.470
       1483 12.35833333333   58.19307   243.29577    4096                -4.437
       1484 12.36666666667   58.41208   243.41414    4096                -4.442
       1485 12.37500000000   58.63113   243.53277    4096                -4.423
       1486 12.38333333333   58.85023   243.65165    4096                -4.414
       1487 12.39166666667   59.06938   243.77078    4096                -4.456
       1488 12.40000000000   59.28857   243.89018    4096                -4.497
       1489 12.40833333333   59.50780   244.00983    4096                -4.386
       1490 12.41666666667   59.72708   244.12974    4096                -4.347
       1491 12.42500000000   59.94640   244.24991    4096                -4.378
       1492 12.43333333333   60.16577   244.37036    4096                -4.279
       1493 12.44166666667   60.38518   244.49106    4096                -4.277
       1494 12.45000000000   60.60463   244.61205    4096                -4.303
       1495 12.45833333333   60.82412   244.73330    4096                -4.368
       1496 12.46666666667   61.04366   244.85483    4096                -4.485
       1497 12.47500000000   61.26323   244.97664    4096                -4.399
       1498 12.48333333333   61.48285   245.09873    4096                -4.440
       1499 12.49166666667   61.70250   245.22111    4096                -4.452
       1500 12.50000000000   61.92220   245.34378    4096                -4.484
       1501 12.50833333333   62.14193   245.46674    4096                -4.473
       1502 12.51666666667   62.36170   245.58999    4096                -4.484
       1503 12.52500000000   62.58151   245.71354    4096                -4.479
       1504 12.53333333333   62.80136   245.83740    4096                -4.492
       1505 12.54166666667   63.02124   245.96156    4096                -4.526
       1506 12.55000000000   63.24116   246.08603    4096                -4.515
       1507 12.55833333333   63.46111   246.21082    4096                -4.511
       1508 12.56666666667   63.68110   246.33593    4096                -4.487
       1509 12.57500000000   63.90112   246.46136    4096                -4.485
       1510 12.58333333333   64.12118   246.58711    4096                -4.510
       1511 12.59166666667   64.34127   246.71320    4096                -4.482
       1512 12.60000000000   64.56139   246.83963    4096                -4.464
       1513 12.60833333333   64.78155   246.96640    4096                -4.480
       1514 12.61666666667   65.00174   247.09352    4096                -4.498
       1515 12.62500000000   65.22196   247.22100    4096                -4.502
       1516 12.63333333333   65.44220   247.34883    4096                -4.485
       1517 12.64166666667   65.66248   247.47703    4096                -4.496
       1518 12.65000000000   65.88279   247.60560    4096                -4.473
       1519 12.65833333333   66.10313   247.73455    4096                -4.467
       1520 12.66666666667   66.32350   247.86389    4096                -4.486
       1521 12.67500000000   66.54389   247.99362    4096                -4.464
       1522 12.68333333333   66.76431   248.12375    4096                -4.447
       1523 12.69166666667   66.98476   248.25429    4096                -4.482
       1524 12.70000000000   67.20523   248.38525    4096                -4.468
       1525 12.70833333333   67.42573   248.51663    4096                -4.468
       1526 12.71666666667   67.64626   248.64844    4096                -4.485
       1527 12.72500000000   67.86681   248.78069    4096                -4.485
       1528 12.73333333333   68.08738   248.91340    4096                -4.491
       1529 12.74166666667   68.30798   249.04657    4096                -4.480
       1530 12.75000000000   68.52860   249.18022    4096                -4.471
       1531 12.75833333333   68.74924   249.31434    4096                -4.446
       1532 12.76666666667   68.96990   249.44896    4096                -4.445
       1533 12.77500000000   69.19058   249.58409    4096                -4.462
       1534 12.78333333333   69.41129   249.71973    4096                -4.491
       1535 12.79166666667   69.63201   249.85591    4096                -4.459
       1536 12.80000000000   69.85275   249.99263    4096                -4.412
       1537 12.80833333333   70.07352   250.12991    4096                -4.373
       1538 12.81666666667   70.29429   250.26777    4096                -4.366
       1539 12.82500000000   70.51509   250.40621    4096                -4.373
       1540 12.83333333333   70.73590   250.54526    4096                -4.377
       1541 12.84166666667   70.95673   250.68493    4096                -4.378
       1542 12.85000000000   71.17758   250.82525    4096                -4.370
       1543 12.85833333333   71.39844   250.96622    4096                -4.389
       1544 12.86666666667   71.61931   251.10787    4096                -4.420
       1545 12.87500000000   71.84020   251.25022    4096                -4.413
       1546 12.88333333333   72.06110   251.39329    4096                -4.382
       1547 12.89166666667   72.28201   251.53711    4096                -4.362
       1548 12.90000000000   72.50294   251.68169    4096                -4.321
       1549 12.90833333333   72.72387   251.82707    4096                -4.302
       1550 12.91666666667   72.94482   251.97327    4096                -4.297
       1551 12.92500000000   73.16577   252.12031    4096                -4.261
       1552 12.93333333333   73.38673   252.26823    4096                -4.216
       1553 12.94166666667   73.60771   252.41706    4096                -4.188
       1554 12.95000000000   73.82868   252.56683    4096                -4.193
       1555 12.95833333333   74.04967   252.71757    4096                -4.200
       1556 12.96666666667   74.27066   252.86933    4096                -4.196
       1557 12.97500000000   74.49166   253.02214    4096                -4.175
       1558 12.98333333333   74.71266   253.17604    4096                -4.191
       1559 12.99166666667   74.93366   253.33108    4096                -4.176
       1560 13.00000000000   75.15467   253.48729    4096                -4.167
       1561 13.00833333333   75.37568   253.64474    4096                -4.157
       1562 13.01666666667   75.59669   253.80347    4096                -4.137
       1563 13.02500000000   75.81770   253.96354    4096                -4.127
       1564 13.03333333333   76.03871   254.12501    4096                -4.117
       1565 13.04166666667   76.25972   254.28793    4096                -4.132
       1566 13.05000000000   76.48073   254.45239    4096                -4.143
       1567 13.05833333333   76.70173   254.61843    4096                -4.150
       1568 13.06666666667   76.92273   254.78616    4096                -4.160
       1569 13.07500000000   77.14372   254.95563    4096                -4.151
       1570 13.08333333333   77.36471   255.12695    4096                -4.142
       1571 13.09166666667   77.58569   255.30020    4096                -4.138
       1572 13.10000000000   77.80666   255.47549    4096                -4.152
       1573 13.10833333333   78.02763   255.65292    4096                -4.148
       1574 13.11666666667   78.24858   255.83261    4096                -4.161
       1575 13.12500000000   78.46952   256.01467    4096                -4.140
       1576 13.13333333333   78.69044   256.19926    4096                -4.115
       1577 13.14166666667   78.91136   256.38651    4096                -4.113
       1578 13.15000000000   79.13225   256.57657    4096                -4.093
       1579 13.15833333333   79.35313   256.76962    4096                -4.066
       1580 13.16666666667   79.57399   256.96585    4096                -4.038
       1581 13.17500000000   79.79483   257.16544    4096                -4.032
       1582 13.18333333333   80.01564   257.36862    4096                -4.002
       1583 13.19166666667   80.23643   257.57563    4096                -3.999
       1584 13.20000000000   80.45720   257.78673    4096                -3.987
       1585 13.20833333333   80.67793   258.00219    4096                -3.979
       1586 13.21666666667   80.89863   258.22234    4096                -3.963
       1587 13.22500000000   81.11931   258.44750    4096                -3.940
       1588 13.23333333333   81.33994   258.67807    4096                -3.938
       1589 13.24166666667   81.56053   258.91445    4096                -3.925
       1590 13.25000000000   81.78109   259.15710    4096                -3.885
       1591 13.25833333333   82.00159   259.40655    4096                -3.856
       1592 13.26666666667   82.22205   259.66335    4096                -3.848
       1593 13.27500000000   82.44245   259.92813    4096                -3.822
       1594 13.28333333333   82.66280   260.20163    4096                -3.806
       1595 13.29166666667   82.88308   260.48462    4096                -3.791
       1596 13.30000000000   83.10329   260.77800    4096                -3.802
       1597 13.30833333333   83.32342   261.08281    4096                -3.773
       1598 13.31666666667   83.54347   261.40019    4096                -3.761
       1599 13.32500000000   83.76343   261.73146    4096                -3.738
       1600 13.33333333333   83.98329   262.07812    4096                -3.740
       1601 13.34166666667   84.20304   262.44192    4096                -3.728
       1602 13.35000000000   84.42266   262.82486    4096                -3.704
       1603 13.35833333333   84.64215   263.22926    4096                -3.691
       1604 13.36666666667   84.86148   263.65786    4096                -3.674
       1605 13.37500000000   85.08063   264.11386    4096                -3.679
       1606 13.38333333333   85.29959   264.60106    4096                -3.685
       1607 13.39166666667   85.51832   265.12398    4096                -3.697
       1608 13.40000000000   85.73680   265.68807    4096                -3.677
       1609 13.40833333333   85.95498   266.29991    4096                -3.654
       1610 13.41666666667   86.17281   266.96759    4096                -3.633
       1611 13.42500000000   86.39024   267.70109    4096                -3.606
       1612 13.43333333333   86.60719   268.51287    4096                -3.599
       1613 13.44166666667   86.82356   269.41874    4096                -3.565
       1614 13.45000000000   87.03923   270.43897    4096                -3.542
       1615 13.45833333333   87.25404   271.59996    4096                -3.507
       1616 13.46666666667   87.46777   272.93673    4096                -3.472
       1617 13.47500000000   87.68014   274.49655    4096                -3.466
       1618 13.48333333333   87.89073   276.34461    4096                -3.438
       1619 13.49166666667   88.09897   278.57290    4096                -3.433
       1620 13.50000000000   88.30399   281.31448    4096                -3.425
       1621 13.50833333333   88.50447   284.76673    4096                -3.412
       1622 13.51666666667   88.69833   289.22926    4096                -3.391
       1623 13.52500000000   88.88213   295.16226    4096                -3.353
       1624 13.53333333333   89.05002   303.25864    4096                -3.353
       1625 13.54166666667   89.19206   314.44797    4096                -3.325
       1626 13.55000000000   89.29252   329.50938    4096                -3.306
       1627 13.55833333333   89.33236   347.81272    4096                -3.282
       1628 13.56666666667   89.30118     6.35037    4096                -3.271
       1629 13.57500000000   89.20733    21.90091    4096                -3.254
       1630 13.58333333333   89.06960    33.54614    4096                -3.241
       1631 13.59166666667   88.90444    41.97628    4096                -3.242
       1632 13.60000000000   88.72245    48.13749    4096                -3.208
       1633 13.60833333333   88.52988    52.75556    4096                -3.197
       1634 13.61666666667   88.33040    56.31599    4096                -3.173
       1635 13.62500000000   88.12623    59.13484    4096                -3.161
       1636 13.63333333333   87.91875    61.41989    4096                -3.145
       1637 13.64166666667   87.70887    63.31072    4096                -3.130
       1638 13.65000000000   87.49721    64.90356    4096                -3.109
       1639 13.65833333333   87.28418    66.26640    4096                -3.085
       1640 13.66666666667   87.07009    67.44838    4096                -3.068
       1641 13.67500000000   86.85517    68.48583    4096                -3.026
       1642 13.68333333333   86.63958    69.40607    4096                -3.006
       1643 13.69166666667   86.42345    70.23004    4096                -2.977
       1644 13.70000000000   86.20688    70.97403    4096                -2.953
       1645 13.70833333333   85.98994    71.65088    4096                -2.958
       1646 13.71666666667   85.77269    72.27085    4096                -2.925
       1647 13.72500000000   85.55520    72.84222    4096                -2.896
       1648 13.73333333333   85.33748    73.37175    4096                -2.859
       1649 13.74166666667   85.11959    73.86502    4096                -2.842
       1650 13.75000000000   84.90154    74.32665    4096                -2.845
       1651 13.75833333333   84.68337    74.76053    4096                -2.842
       1652 13.76666666667   84.46509    75.16993    4096                -2.806
       1653 13.77500000000   84.24671    75.55762    4096                -2.745
       1654 13.78333333333   84.02826    75.92599    4096                -2.751
       1655 13.79166666667   83.80974    76.27707    4096                -2.737
       1656 13.80000000000   83.59116    76.61265    4096                -2.721
       1657 13.80833333333   83.37254    76.93424    4096                -2.648
       1658 13.81666666667   83.15388    77.24318    4096                -2.627
       1659 13.82500000000   82.93520    77.54066    4096                -2.606
       1660 13.83333333333   82.71648    77.82771    4096                -2.585
       1661 13.84166666667   82.49776    78.10524    4096                -2.570
       1662 13.85000000000   82.27902    78.37405    4096                -2.534
       1663 13.85833333333   82.06027    78.63488    4096                -2.505
       1664 13.86666666667   81.84151    78.88836    4096                -2.471
       1665 13.87500000000   81.62276    79.13507    4096                -2.425
       1666 13.88333333333   81.40401    79.37553    4096                -2.421
       1667 13.89166666667   81.18527    79.61021    4096                -2.403
       1668 13.90000000000   80.96654    79.83952    4096                -2.375
       1669 13.90833333333   80.74782    80.06386    4096                -2.354
       1670 13.91666666667   80.52911    80.28355    4096                -2.332
       1671 13.92500000000   80.31042    80.49893    4096                -2.311
       1672 13.93333333333   80.09175    80.71027    4096                -2.255
       1673 13.94166666667   79.87310    80.91784    4096                -2.234
       1674 13.95000000000   79.65447    81.12188    4096                -2.226
       1675 13.95833333333   79.43587    81.32260    4096                -2.204
       1676 13.96666666667   79.21729    81.52022    4096                -2.190
       1677 13.97500000000   78.99874    81.71491    4096                -2.153
       1678 13.98333333333   78.78022    81.90685    4096                -2.138
       1679 13.99166666667   78.56172    82.09619    4096                -2.095
       1680 14.00000000000   78.34326    82.28309    4096                -2.080
       1681 14.00833333333   78.12483    82.46767    4096                -2.055
       1682 14.01666666667   77.90643    82.65006    4096                -2.007
       1683 14.02500000000   77.68807    82.83039    4096                -2.000
       1684 14.03333333333   77.46974    83.00875    4096                -2.001
       1685 14.04166666667   77.25145    83.18525    4096                -1.987
       1686 14.05000000000   77.03320    83.35998    4096                -1.962
       1687 14.05833333333   76.81498    83.53303    4096                -1.947
       1688 14.06666666667   76.59680    83.70448    4096                -1.901
       1689 14.07500000000   76.37866    83.87441    4096                -1.889
       1690 14.08333333333   76.16056    84.04289    4096                -1.883
       1691 14.09166666667   75.94250    84.20999    4096                -1.848
       1692 14.10000000000   75.72449    84.37577    4096                -1.814
       1693 14.10833333333   75.50651    84.54029    4096                -1.796
       1694 14.11666666667   75.28858    84.70360    4096                -1.771
       1695 14.12500000000   75.07069    84.86576    4096                -1.753
       1696 14.13333333333   74.85285    85.02682    4096                -1.727
       1697 14.14166666667   74.63505    85.18682    4096                -1.685
       1698 14.15000000000   74.41730    85.34581    4096                -1.688
       1699 14.15833333333   74.19959    85.50382    4096                -1.656
       1700 14.16666666667   73.98193    85.66091    4096                -1.610
       1701 14.17500000000   73.76431    85.81709    4096                -1.575
       1702 14.18333333333   73.54675    85.97242    4096                -1.560
       1703 14.19166666667   73.32923    86.12692    4096                -1.519
       1704 14.20000000000   73.11176    86.28062    4096                -1.490
       1705 14.20833333333   72.89433    86.43355    4096                -1.466
       1706 14.21666666667   72.67696    86.58574    4096                -1.439
       1707 14.22500000000   72.45964    86.73722    4096                -1.404
       1708 14.23333333333   72.24237    86.88802    4096                -1.389
       1709 14.24166666667   72.02514    87.03815    4096                -1.370
       1710 14.25000000000   71.80797    87.18764    4096                -1.351
       1711 14.25833333333   71.59085    87.33651    4096                -1.319
       1712 14.26666666667   71.37378    87.48478    4096                -1.300
       1713 14.27500000000   71.15677    87.63248    4096                -1.263
       1714 14.28333333333   70.93981    87.77961    4096                -1.205
       1715 14.29166666667   70.72290    87.92621    4096                -1.166
       1716 14.30000000000   70.50604    88.07227    4096                -1.119
       1717 14.30833333333   70.28924    88.21783    4096                -1.097
       1718 14.31666666667   70.07249    88.36290    4096                -1.014
       1719 14.32500000000   69.85580    88.50749    4096                -1.021
       1720 14.33333333333   69.63916    88.65161    4096                -1.020
       1721 14.34166666667   69.42257    88.79529    4096                -1.007
       1722 14.35000000000   69.20604    88.93852    4096                -0.960
       1723 14.35833333333   68.98957    89.08133    4096                -0.921
       1724 14.36666666667   68.77316    89.22373    4096                -0.893
       1725 14.37500000000   68.55680    89.36572    4096                -0.862
       1726 14.38333333333   68.34049    89.50732    4096                -0.820
       1727 14.39166666667   68.12425    89.64855    4096                -0.817
       1728 14.40000000000   67.90806    89.78940    4096                -0.801
       1729 14.40833333333   67.69193    89.92988    4096                -0.792
       1730 14.41666666667   67.47586    90.07002    4096                -0.766
       1731 14.42500000000   67.25984    90.20981    4096                -0.725
       1732 14.43333333333   67.04389    90.34927    4096                -0.700
       1733 14.44166666667   66.82799    90.48839    4096                -0.675
       1734 14.45000000000   66.61215    90.62720    4096                -0.638
       1735 14.45833333333   66.39638    90.76570    4096                -0.600
       1736 14.46666666667   66.18066    90.90389    4096                -0.584
       1737 14.47500000000   65.96500    91.04178    4096                -0.565
       1738 14.48333333333   65.74940    91.17938    4096                -0.541
       1739 14.49166666667   65.53387    91.31669    4096                -0.524
       1740 14.50000000000   65.31839    91.45372    4096                -0.501
       1741 14.50833333333   65.10297    91.59048    4096                -0.466
       1742 14.51666666667   64.88762    91.72697    4096                -0.438
       1743 14.52500000000   64.67233    91.86320    4096                -0.393
       1744 14.53333333333   64.45710    91.99917    4096                -0.360
       1745 14.54166666667   64.24193    92.13488    4096                -0.330
       1746 14.55000000000   64.02682    92.27035    4096                -0.298
       1747 14.55833333333   63.81178    92.40557    4096                -0.272
       1748 14.56666666667   63.59680    92.54056    4096                -0.227
       1749 14.57500000000   63.38188    92.67531    4096                -0.208
       1750 14.58333333333   63.16703    92.80982    4096                -0.189
       1751 14.59166666667   62.95224    92.94412    4096                -0.178
       1752 14.60000000000   62.73751    93.07818    4096                -0.171
       1753 14.60833333333   62.52284    93.21203    4096                -0.177
       1754 14.61666666667   62.30825    93.34566    4096                -0.168
       1755 14.62500000000   62.09371    93.47908    4096                -0.172
       1756 14.63333333333   61.87924    93.61229    4096                -0.172
       1757 14.64166666667   61.66483    93.74529    4096                -0.149
       1758 14.65000000000   61.45049    93.87809    4096                -0.156
       1759 14.65833333333   61.23622    94.01069    4096                -0.167
       1760 14.66666666667   61.02201    94.14309    4096                -0.178
       1761 14.67500000000   60.80786    94.27529    4096                -0.175
       1762 14.68333333333   60.59379    94.40730    4096                -0.183
       1763 14.69166666667   60.37977    94.53912    4096                -0.196
       1764 14.70000000000   60.16583    94.67076    4096                -0.208
       1765 14.70833333333   59.95195    94.80221    4096                -0.218
       1766 14.71666666667   59.73813    94.93347    4096                -0.216
       1767 14.72500000000   59.52438    95.06456    4096                -0.233
       1768 14.73333333333   59.31070    95.19546    4096                -0.222
       1769 14.74166666667   59.09709    95.32619    4096                -0.194
       1770 14.75000000000   58.88355    95.45674    4096                -0.174
       1771 14.75833333333   58.67007    95.58712    4096                -0.140
       1772 14.76666666667   58.45666    95.71732    4096                -0.073
       1773 14.77500000000   58.24331    95.84736    4096                -0.020
       1774 14.78333333333   58.03004    95.97723    4096                 0.026
       1775 14.79166666667   57.81683    96.10693    4096                 0.063
       1776 14.80000000000   57.60369    96.23647    4096                 0.109
       1777 14.80833333333   57.39062    96.36584    4096                 0.164
       1778 14.81666666667   57.17762    96.49505    4096                 0.194
       1779 14.82500000000   56.96469    96.62410    4096                 0.253
       1780 14.83333333333   56.75182    96.75298    4096                 0.344
       1781 14.84166666667   56.53903    96.88171    4096                 0.403
       1782 14.85000000000   56.32630    97.01029    4096                 0.457
       1783 14.85833333333   56.11364    97.13870    4096                 0.489
       1784 14.86666666667   55.90106    97.26696    4096                 0.524
       1785 14.87500000000   55.68854    97.39507    4096                 0.524
       1786 14.88333333333   55.47609    97.52302    4096                 0.554
       1787 14.89166666667   55.26371    97.65082    4096                 0.591
       1788 14.90000000000   55.05141    97.77847    4096                 0.625
       1789 14.90833333333   54.83917    97.90596    4096                 0.658
       1790 14.91666666667   54.62700    98.03331    4096                 0.682
       1791 14.92500000000   54.41490    98.16051    4096                 0.717
       1792 14.93333333333   54.20288    98.28756    4096                 0.744
       1793 14.94166666667   53.99092    98.41446    4096                 0.796
       1794 14.95000000000   53.77904    98.54122    4096                 0.841
       1795 14.95833333333   53.56722    98.66783    4096                 0.831
       1796 14.96666666667   53.35548    98.79429    4096                 0.862
       1797 14.97500000000   53.14381    98.92061    4096                 0.928
       1798 14.98333333333   52.93221    99.04679    4096                 1.097
       1799 14.99166666667   52.72068    99.17282    4096                 1.118
       1800 15.00000000000   52.50923    99.29870    4096                 1.172
       1801 15.00833333333   52.29784    99.42445    4096                 1.215
       1802 15.01666666667   52.08653    99.55005    4096                 1.383
       1803 15.02500000000   51.87529    99.67551    4096                 1.303
       1804 15.03333333333   51.66412    99.80083    4096                 1.310
       1805 15.04166666667   51.45302    99.92600    4096                 1.421
       1806 15.05000000000   51.24199   100.05104    4096                 1.415
       1807 15.05833333333   51.03104   100.17593    4096                 1.472
       1808 15.06666666667   50.82016   100.30068    4096                 1.601
       1809 15.07500000000   50.60935   100.42530    4096                 1.647
       1810 15.08333333333   50.39862   100.54977    4096                 1.642
       1811 15.09166666667   50.18796   100.67411    4096                 1.734
       1812 15.10000000000   49.97737   100.79830    4096                 1.822
       1813 15.10833333333   49.76685   100.92236    4096                 1.763
       1814 15.11666666667   49.55641   101.04627    4096                 1.898
       1815 15.12500000000   49.34604   101.17005    4096                 1.976
       1816 15.13333333333   49.13574   101.29369    4096                 1.935
       1817 15.14166666667   48.92552   101.41719    4096                 2.023
       1818 15.15000000000   48.71537   101.54055    4096                 2.011
       1819 15.15833333333   48.50529   101.66377    4096                 2.175
       1820 15.16666666667   48.29529   101.78686    4096                 2.157
       1821 15.17500000000   48.08536   101.90980    4096                 2.246
       1822 15.18333333333   47.87551   102.03261    4096                 2.302
       1823 15.19166666667   47.66573   102.15528    4096                 2.383
       1824 15.20000000000   47.45602   102.27781    4096                 2.527
       1825 15.20833333333   47.24639   102.40021    4096                 2.621
       1826 15.21666666667   47.03683   102.52246    4096                 2.600
       1827 15.22500000000   46.82734   102.64458    4096                 2.720
       1828 15.23333333333   46.61793   102.76655    4096                 2.796
       1829 15.24166666667   46.40860   102.88839    4096                 2.910
       1830 15.25000000000   46.19933   103.01009    4096                 2.880
       1831 15.25833333333   45.99015   103.13166    4096                 2.935
       1832 15.26666666667   45.78103   103.25308    4096                 2.999
       1833 15.27500000000   45.57200   103.37436    4096                 3.009
       1834 15.28333333333   45.36303   103.49551    4096                 3.102
       1835 15.29166666667   45.15414   103.61651    4096                 3.155
       1836 15.30000000000   44.94533   103.73738    4096                 3.220
       1837 15.30833333333   44.73659   103.85811    4096                 3.239
       1838 15.31666666667   44.52793   103.97870    4096                 3.378
       1839 15.32500000000   44.31934   104.09914    4096                 3.461
       1840 15.33333333333   44.11083   104.21945    4096                 3.554
       1841 15.34166666667   43.90239   104.33962    4096                 3.633
       1842 15.35000000000   43.69402   104.45965    4096                 3.789
       1843 15.35833333333   43.48574   104.57953    4096                 3.805
       1844 15.36666666667   43.27752   104.69928    4096                 3.906
       1845 15.37500000000   43.06939   104.81888    4096                 3.949
       1846 15.38333333333   42.86133   104.93835    4096                 4.008
       1847 15.39166666667   42.65334   105.05767    4096                 4.078
       1848 15.40000000000   42.44543   105.17685    4096                 4.147
       1849 15.40833333333   42.23759   105.29589    4096                 4.250
       1850 15.41666666667   42.02983   105.41478    4096                 4.326
       1851 15.42500000000   41.82215   105.53354    4096                 4.392
       1852 15.43333333333   41.61454   105.65215    4096                 4.465
       1853 15.44166666667   41.40701   105.77061    4096                 4.517
       1854 15.45000000000   41.19956   105.88894    4096                 4.605
       1855 15.45833333333   40.99218   106.00712    4096                 4.683
       1856 15.46666666667   40.78487   106.12515    4096                 4.724
       1857 15.47500000000   40.57764   106.24304    4096                 4.869
       1858 15.48333333333   40.37049   106.36079    4096                 4.949
       1859 15.49166666667   40.16342   106.47839    4096                 5.065
       1860 15.50000000000   39.95642   106.59584    4096                 5.160
       1861 15.50833333333   39.74949   106.71315    4096                 5.208
       1862 15.51666666667   39.54265   106.83032    4096                 5.213
       1863 15.52500000000   39.33588   106.94733    4096                 5.297
       1864 15.53333333333   39.12918   107.06420    4096                 5.356
       1865 15.54166666667   38.92256   107.18092    4096                 5.432
       1866 15.55000000000   38.71602   107.29750    4096                 5.558
       1867 15.55833333333   38.50956   107.41392    4096                 5.603
       1868 15.56666666667   38.30317   107.53020    4096                 5.657
       1869 15.57500000000   38.09686   107.64633    4096                 5.752
       1870 15.58333333333   37.89062   107.76230    4096                 5.796
       1871 15.59166666667   37.68446   107.87813    4096                 5.929
       1872 15.60000000000   37.47838   107.99381    4096                 5.973
       1873 15.60833333333   37.27238   108.10934    4096                 5.996
       1874 15.61666666667   37.06645   108.22471    4096                 6.126
       1875 15.62500000000   36.86060   108.33994    4096                 6.266
       1876 15.63333333333   36.65482   108.45501    4096                 6.388
       1877 15.64166666667   36.44912   108.56993    4096                 6.657
       1878 15.65000000000   36.24350   108.68470    4096                 6.826
       1879 15.65833333333   36.03796   108.79931    4096                 6.886
       1880 15.66666666667   35.83249   108.91377    4096                 6.937
       1881 15.67500000000   35.62710   109.02808    4096                 6.977
       1882 15.68333333333   35.42178   109.14223    4096                 7.163
       1883 15.69166666667   35.21655   109.25623    4096                 7.146
       1884 15.70000000000   35.01139   109.37007    4096                 7.315
       1885 15.70833333333   34.80630   109.48375    4096                 7.403
       1886 15.71666666667   34.60130   109.59728    4096                 7.568
       1887 15.72500000000   34.39637   109.71065    4096                 7.665
       1888 15.73333333333   34.19152   109.82386    4096                 7.640
       1889 15.74166666667   33.98674   109.93692    4096                 7.688
       1890 15.75000000000   33.78205   110.04981    4096                 7.776
       1891 15.75833333333   33.57743   110.16255    4096                 7.954
       1892 15.76666666667   33.37289   110.27512    4096                 8.088
       1893 15.77500000000   33.16842   110.38754    4096                 8.092
       1894 15.78333333333   32.96403   110.49980    4096                 8.253
       1895 15.79166666667   32.75972   110.61189    4096                 8.300
       1896 15.80000000000   32.55549   110.72382    4096                 8.540
       1897 15.80833333333   32.35133   110.83559    4096                 8.635
       1898 15.81666666667   32.14725   110.94720    4096                 8.731
       1899 15.82500000000   31.94325   111.05864    4096                 8.818
       1900 15.83333333333   31.73933   111.16992    4096                 8.976
       1901 15.84166666667   31.53548   111.28104    4096                 9.039
       1902 15.85000000000   31.33171   111.39199    4096                 9.230
       1903 15.85833333333   31.12802   111.50278    4096                 9.384
       1904 15.86666666667   30.92441   111.61339    4096                 9.439
       1905 15.87500000000   30.72087   111.72385    4096                 9.543
       1906 15.88333333333   30.51742   111.83413    4096                 9.688
       1907 15.89166666667   30.31403   111.94425    4096                 9.890
       1908 15.90000000000   30.11073   112.05420    4096                10.029
       1909 15.90833333333   29.90751   112.16398    4096                10.071
       1910 15.91666666667   29.70436   112.27359    4096                10.211
       1911 15.92500000000   29.50129   112.38303    4096                10.520
       1912 15.93333333333   29.29829   112.49230    4096                10.606
       1913 15.94166666667   29.09538   112.60139    4096                10.677
       1914 15.95000000000   28.89254   112.71032    4096                10.690
       1915 15.95833333333   28.68978   112.81907    4096                10.848
       1916 15.96666666667   28.48710   112.92765    4096                10.986
       1917 15.97500000000   28.28450   113.03606    4096                11.137
       1918 15.98333333333   28.08197   113.14429    4096                11.292
       1919 15.99166666667   27.87952   113.25235    4096                11.400
       1920 16.00000000000   27.67806   113.36147    4096                11.531
       1921 16.00833333333   27.47486   113.46794    4096                11.631
       1922 16.01666666667   27.27265   113.57547    4096                11.759
       1923 16.02500000000   27.07051   113.68282    4096                12.006
       1924 16.03333333333   26.86845   113.79000    4096                12.113
       1925 16.04166666667   26.66647   113.89699    4096                12.219
       1926 16.05000000000   26.46457   114.00381    4096                12.336
       1927 16.05833333333   26.26274   114.11044    4096                12.437
       1928 16.06666666667   26.06100   114.21690    4096                12.614
       1929 16.07500000000   25.85933   114.32318    4096                12.705
       1930 16.08333333333   25.65774   114.42927    4096                12.896
       1931 16.09166666667   25.45623   114.53518    4096                13.058
       1932 16.10000000000   25.25479   114.64091    4096                13.127
       1933 16.10833333333   25.05344   114.74645    4096                13.257
       1934 16.11666666667   24.85216   114.85181    4096                13.439
       1935 16.12500000000   24.65096   114.95699    4096                13.683
       1936 16.13333333333   24.44984   115.06198    4096                13.821
       1937 16.14166666667   24.24880   115.16678    4096                13.937
       1938 16.15000000000   24.04783   115.27140    4096                14.035
       1939 16.15833333333   23.84694   115.37583    4096                14.226
       1940 16.16666666667   23.64614   115.48007    4096                14.481
       1941 16.17500000000   23.44541   115.58412    4096                14.676
       1942 16.18333333333   23.24475   115.68798    4096                14.892
       1943 16.19166666667   23.04418   115.79166    4096                15.014
       1944 16.20000000000   22.84369   115.89514    4096                15.260
       1945 16.20833333333   22.64327   115.99843    4096                15.452
       1946 16.21666666667   22.44293   116.10153    4096                15.640
       1947 16.22500000000   22.24267   116.20443    4096                15.786
       1948 16.23333333333   22.04249   116.30714    4096                16.063
       1949 16.24166666667   21.84239   116.40966    4096                16.192
       1950 16.25000000000   21.64236   116.51198    4096                16.341
       1951 16.25833333333   21.44242   116.61411    4096                16.503
       1952 16.26666666667   21.24255   116.71604    4096                16.675
       1953 16.27500000000   21.04276   116.81777    4096                16.897
       1954 16.28333333333   20.84305   116.91931    4096                17.140
       1955 16.29166666667   20.64342   117.02064    4096                17.394
       1956 16.30000000000   20.44387   117.12178    4096                17.601
       1957 16.30833333333   20.24440   117.22272    4096                17.822
       1958 16.31666666667   20.04500   117.32345    4096                18.025
       1959 16.32500000000   19.84569   117.42399    4096                18.205
       1960 16.33333333333   19.64645   117.52432    4096                18.546
       1961 16.34166666667   19.44729   117.62445    4096                18.826
       1962 16.35000000000   19.24821   117.72438    4096                19.032
       1963 16.35833333333   19.04921   117.82410    4096                19.352
       1964 16.36666666667   18.85029   117.92362    4096                19.581
       1965 16.37500000000   18.65145   118.02293    4096                19.721
       1966 16.38333333333   18.45268   118.12204    4096                19.983
       1967 16.39166666667   18.25400   118.22094    4096                20.199
       1968 16.40000000000   18.05539   118.31963    4096                20.443
       1969 16.40833333333   17.85687   118.41811    4096                20.635
       1970 16.41666666667   17.65842   118.51638    4096                20.864
       1971 16.42500000000   17.46005   118.61445    4096                21.130
       1972 16.43333333333   17.26177   118.71230    4096                21.362
       1973 16.44166666667   17.06356   118.80994    4096                21.539
       1974 16.45000000000   16.86543   118.90736    4096                21.759
       1975 16.45833333333   16.66738   119.00458    4096                22.110
       1976 16.46666666667   16.46941   119.10158    4096                22.428
       1977 16.47500000000   16.27151   119.19836    4096                22.676
       1978 16.48333333333   16.07370   119.29493    4096                22.914
       1979 16.49166666667   15.87597   119.39129    4096                23.223
       1980 16.50000000000   15.67832   119.48742    4096                23.504
       1981 16.50833333333   15.48074   119.58334    4096                23.764
       1982 16.51666666667   15.28325   119.67904    4096                24.048
       1983 16.52500000000   15.08584   119.77452    4096                24.327
       1984 16.53333333333   14.88850   119.86978    4096                24.588
       1985 16.54166666667   14.69125   119.96482    4096                24.919
       1986 16.55000000000   14.49408   120.05964    4096                25.292
       1987 16.55833333333   14.29698   120.15424    4096                25.591
       1988 16.56666666667   14.09997   120.24861    4096                25.898
       1989 16.57500000000   13.90303   120.34275    4096                26.152
       1990 16.58333333333   13.70618   120.43668    4096                26.379
       1991 16.59166666667   13.50941   120.53037    4096                26.648
       1992 16.60000000000   13.31271   120.62384    4096                26.984
       1993 16.60833333333   13.11610   120.71708    4096                27.296
       1994 16.61666666667   12.91956   120.81010    4096                27.557
       1995 16.62500000000   12.72311   120.90288    4096                27.867
       1996 16.63333333333   12.52674   120.99544    4096                28.097
       1997 16.64166666667   12.33045   121.08776    4096                28.326
       1998 16.65000000000   12.13424   121.17985    4096                28.682
       1999 16.65833333333   11.93811   121.27171    4096                29.031
       2000 16.66666666667   11.74206   121.36334    4096                29.337
       2001 16.67500000000   11.54609   121.45473    4096                29.589
       2002 16.68333333333   11.35020   121.54589    4096                29.776
       2003 16.69166666667   11.15439   121.63681    4096                29.996
       2004 16.70000000000   10.95866   121.72749    4096                30.369
       2005 16.70833333333   10.76302   121.81794    4096                30.866
       2006 16.71666666667   10.56745   121.90815    4096                31.299
       2007 16.72500000000   10.37197   121.99811    4096                31.651
       2008 16.73333333333   10.17657   122.08784    4096                31.850
       2009 16.74166666667    9.98125   122.17733    4096                32.098
       2010 16.75000000000    9.78601   122.26657    4096                32.530
       2011 16.75833333333    9.59085   122.35557    4096                33.025
       2012 16.76666666667    9.39578   122.44433    4096                33.433
       2013 16.77500000000    9.20078   122.53284    4096                33.827
       2014 16.78333333333    9.00587   122.62111    4096                34.262
       2015 16.79166666667    8.81104   122.70913    4096                34.846
       2016 16.80000000000    8.61629   122.79691    4096                35.279
       2017 16.80833333333    8.42162   122.88443    4096                35.566
       2018 16.81666666667    8.22704   122.97171    4096                35.831
       2019 16.82500000000    8.03253   123.05873    4096                36.125
       2020 16.83333333333    7.83811   123.14550    4096                36.586
       2021 16.84166666667    7.64377   123.23203    4096                37.117
       2022 16.85000000000    7.44952   123.31829    4096                37.667
       2023 16.85833333333    7.25535   123.40431    4096                38.181
       2024 16.86666666667    7.06125   123.49007    4096                38.532
       2025 16.87500000000    6.86725   123.57557    4096                38.748
       2026 16.88333333333    6.67332   123.66082    4096                39.045
       2027 16.89166666667    6.47948   123.74581    4096                39.582
       2028 16.90000000000    6.28572   123.83054    4096                40.164
       2029 16.90833333333    6.09204   123.91501    4096                40.687
       2031 16.92500000000    5.70494   124.08317    4096               -14.287
       2032 16.93333333333    5.51152   124.16685    4096               -13.714
       2033 16.94166666667    5.31817   124.25027    4096               -13.051
