# Created on 2018-12-12 16:17:52 
# Sources: d:\gpsother\tec-suite\in\2015\abcd0770.15d.Z, d:\gpsother\tec-suite\in\2015\brdc0770.15g.Z
# Satellite: R02 (k = -4.0)
# Interval: 30.0
# Sampling interval: 0.0 (not used).
# Site: abcd
# Position (L, B, H): 253.601641965, 52.1962622634, 578.574894483
# Position (X, Y, Z): -1106129.71, -3758704.03, 5016675.77
# datetime format: %Y-%m-%dT%H:%M:%S
# Columns: tsn, hour, el, az, validity, tec.l1l2
# (I11,1X,F14.11,1X,F10.5,1X,F11.5,1X,I7,1X,F21.3)
        404  3.36666666667    5.13924    41.01321       0                 6.592
        405  3.37500000000    5.27923    40.82505       0                 5.724
        406  3.38333333333    5.41845    40.63622       0                 2.865
        407  3.39166666667    5.55692    40.44671       0                 4.142
        408  3.40000000000    5.69463    40.25652       0                 5.476
        409  3.40833333333    5.83156    40.06565       0                 5.164
        410  3.41666666667    5.96771    39.87410       0                 5.350
        411  3.42500000000    6.10309    39.68188       0                 5.431
        412  3.43333333333    6.23767    39.48897       0                 5.747
        413  3.44166666667    6.37147    39.29539       0                 5.274
        414  3.45000000000    6.50447    39.10112       0                 4.352
        415  3.45833333333    6.63666    38.90616       0                 4.419
        416  3.46666666667    6.76805    38.71053       0                 5.920
        417  3.47500000000    6.89862    38.51421       0                 4.731
        418  3.48333333333    7.02837    38.31720       0                 4.404
        419  3.49166666667    7.15730    38.11952       0                 3.881
        420  3.50000000000    7.28540    37.92114       0                 3.160
        421  3.50833333333    7.39428    37.72369       0                 3.195
        422  3.51666666667    7.52021    37.52369       0                 2.443
        423  3.52500000000    7.64517    37.32302       0                 3.450
        424  3.53333333333    7.76915    37.12168       0                 3.659
        425  3.54166666667    7.89215    36.91967       0                 3.478
        426  3.55000000000    8.01416    36.71700       0                 3.395
        427  3.55833333333    8.13517    36.51367       0                 4.022
        428  3.56666666667    8.25519    36.30968       0                 4.446
        429  3.57500000000    8.37420    36.10503       0                 3.900
        430  3.58333333333    8.49219    35.89973       0                 4.119
        431  3.59166666667    8.60916    35.69377       0                 3.758
        432  3.60000000000    8.72511    35.48716       0                 3.649
        433  3.60833333333    8.84002    35.27990       0                 3.450
        434  3.61666666667    8.95390    35.07199       0                 3.067
        435  3.62500000000    9.06673    34.86344       0                 2.441
        436  3.63333333333    9.17851    34.65425       0                 3.003
        437  3.64166666667    9.28923    34.44441       0                 3.185
        438  3.65000000000    9.39889    34.23394       0                 3.325
        439  3.65833333333    9.50748    34.02284       0                 3.206
        440  3.66666666667    9.61499    33.81110       0                 3.377
        441  3.67500000000    9.72143    33.59873       0                 3.191
        442  3.68333333333    9.82677    33.38574       0                 2.986
        443  3.69166666667    9.93102    33.17212       0                 2.345
        444  3.70000000000   10.03417    32.95789       0                 1.794
        445  3.70833333333   10.13622    32.74304       0                 1.717
        446  3.71666666667   10.23716    32.52757       0                 1.872
        447  3.72500000000   10.33698    32.31150       0                 2.126
        448  3.73333333333   10.43568    32.09481       0                 2.294
        449  3.74166666667   10.53325    31.87753       0                 2.724
        450  3.75000000000   10.62968    31.65964       0                 2.589
        451  3.75833333333   10.72498    31.44115       0                 2.931
        452  3.76666666667   10.81913    31.22208       0                 3.342
        453  3.77500000000   10.91213    31.00241       0                 3.983
        454  3.78333333333   11.00398    30.78216       0                 4.038
        455  3.79166666667   11.09467    30.56133       0                 4.088
        456  3.80000000000   11.18418    30.33992       0                 4.873
        457  3.80833333333   11.27253    30.11793       0                 5.940
        458  3.81666666667   11.35970    29.89538       0                 5.492
        459  3.82500000000   11.44569    29.67226       0                 4.692
        460  3.83333333333   11.53049    29.44858       0                 3.648
        461  3.84166666667   11.61410    29.22434       0                 2.321
        462  3.85000000000   11.69651    28.99955       0                 2.527
        463  3.85833333333   11.77771    28.77421       0                 2.960
        464  3.86666666667   11.85771    28.54833       0                 2.430
        465  3.87500000000   11.93650    28.32191       0                 2.223
        466  3.88333333333   12.01407    28.09496       0                 2.085
        467  3.89166666667   12.09042    27.86748       0                 2.934
        468  3.90000000000   12.16554    27.63947       0                 3.163
        469  3.90833333333   12.23943    27.41094       0                 2.094
        470  3.91666666667   12.31208    27.18190       0                 2.507
        471  3.92500000000   12.38349    26.95235       0                 3.195
        472  3.93333333333   12.45365    26.72230       0                 3.079
        473  3.94166666667   12.52257    26.49175       0                 0.302
        474  3.95000000000   12.59023    26.26070       0                 1.814
        475  3.95833333333   12.65663    26.02917       0                 2.329
        476  3.96666666667   12.72176    25.79715       0                 3.523
        477  3.97500000000   12.78563    25.56466       0                 3.766
        478  3.98333333333   12.84823    25.33169       0                 5.408
        479  3.99166666667   12.90955    25.09826       0                 3.834
        480  4.00000000000   12.96959    24.86437       0                 2.878
        481  4.00833333333   13.01716    24.64676       0                 2.288
        482  4.01666666667   13.07416    24.41199       0                 1.192
        483  4.02500000000   13.12979    24.17690       0                 2.703
        484  4.03333333333   13.18405    23.94150       0                 2.178
        485  4.04166666667   13.23694    23.70579       0                 1.464
        486  4.05000000000   13.28846    23.46977       0                 1.551
        487  4.05833333333   13.33859    23.23347       0                 1.423
        488  4.06666666667   13.38734    22.99688       0                 1.337
        489  4.07500000000   13.43471    22.76001       0                 1.874
        490  4.08333333333   13.48069    22.52288       0                 2.183
        491  4.09166666667   13.52527    22.28548       0                 2.076
        492  4.10000000000   13.56845    22.04783       0                 2.077
        493  4.10833333333   13.61024    21.80994       0                 3.031
        494  4.11666666667   13.65063    21.57181       0                 3.714
        495  4.12500000000   13.68961    21.33346       0                 4.168
        496  4.13333333333   13.72718    21.09489       0                 4.953
        497  4.14166666667   13.76335    20.85610       0                 5.108
        498  4.15000000000   13.79810    20.61711       0                 4.366
        499  4.15833333333   13.83143    20.37793       0                 2.750
        500  4.16666666667   13.86335    20.13857       0                 1.925
        501  4.17500000000   13.89385    19.89902       0                 1.518
        502  4.18333333333   13.92292    19.65931       0                 2.031
        503  4.19166666667   13.95058    19.41944       0                 2.618
        504  4.20000000000   13.97680    19.17942       0                 3.382
        505  4.20833333333   14.00160    18.93925       0                 4.096
        506  4.21666666667   14.02497    18.69895       0                 4.552
        507  4.22500000000   14.04691    18.45853       0                 3.808
        508  4.23333333333   14.06741    18.21798       0                 1.800
        509  4.24166666667   14.08649    17.97733       0                 1.056
        510  4.25000000000   14.10412    17.73659       0                 1.165
        511  4.25833333333   14.12032    17.49575       0                 1.082
        512  4.26666666667   14.13508    17.25482       0                 1.276
        513  4.27500000000   14.14840    17.01383       0                 1.482
        514  4.28333333333   14.16029    16.77277       0                 2.290
        515  4.29166666667   14.17073    16.53166       0                 2.298
        516  4.30000000000   14.17973    16.29050       0                 1.391
        517  4.30833333333   14.18728    16.04930       0                 2.756
        518  4.31666666667   14.19340    15.80808       0                 2.917
        519  4.32500000000   14.19807    15.56683       0                 1.324
        520  4.33333333333   14.20129    15.32557       0                 0.689
        521  4.34166666667   14.20308    15.08431       0                 0.465
        522  4.35000000000   14.20341    14.84306       0                -0.192
        523  4.35833333333   14.20231    14.60182       0                 0.022
        524  4.36666666667   14.19976    14.36061       0                -0.212
        525  4.37500000000   14.19576    14.11943       0                -0.035
        526  4.38333333333   14.19032    13.87829       0                -0.094
        527  4.39166666667   14.18344    13.63720       0                -0.237
        528  4.40000000000   14.17511    13.39617       0                -0.583
        529  4.40833333333   14.16534    13.15521       0                -0.297
        530  4.41666666667   14.15413    12.91432       0                 0.713
        531  4.42500000000   14.14148    12.67352       0                 1.910
        532  4.43333333333   14.12738    12.43282       0                 1.621
        533  4.44166666667   14.11185    12.19222       0                 1.046
        534  4.45000000000   14.09488    11.95173       0                 1.265
        535  4.45833333333   14.07647    11.71136       0                 1.244
        536  4.46666666667   14.05662    11.47111       0                 1.308
        537  4.47500000000   14.03533    11.23101       0                 1.913
        538  4.48333333333   14.01262    10.99105       0                 4.572
        539  4.49166666667   13.98846    10.75125       0                 4.706
        540  4.50000000000   13.96288    10.51161       0                 4.196
        541  4.50833333333   13.93703    10.29486       0                 3.133
        542  4.51666666667   13.90825    10.05583       0                 2.442
        543  4.52500000000   13.87804     9.81715       0                 1.769
        544  4.53333333333   13.84643     9.57882       0                 1.092
        545  4.54166666667   13.81341     9.34085       0                 1.926
        546  4.55000000000   13.77898     9.10325       0                 5.028
        547  4.55833333333   13.74314     8.86602       0                 4.418
        548  4.56666666667   13.70591     8.62918       0                 3.096
        549  4.57500000000   13.66727     8.39272       0                 2.265
        550  4.58333333333   13.62724     8.15667       0                 1.392
        551  4.59166666667   13.58582     7.92102       0                 1.525
        552  4.60000000000   13.54301     7.68579       0                 2.154
        553  4.60833333333   13.49881     7.45097       0                 2.253
        554  4.61666666667   13.45323     7.21659       0                 0.480
        555  4.62500000000   13.40627     6.98265       0                 0.073
        556  4.63333333333   13.35793     6.74915       0                 0.070
        557  4.64166666667   13.30822     6.51610       0                 0.133
        558  4.65000000000   13.25713     6.28351       0                 0.683
        559  4.65833333333   13.20469     6.05138       0                 0.112
        560  4.66666666667   13.15088     5.81973       0                 1.137
        561  4.67500000000   13.09571     5.58856       0                 1.846
        562  4.68333333333   13.03919     5.35787       0                 0.397
        563  4.69166666667   12.98132     5.12768       0                 0.166
        564  4.70000000000   12.92210     4.89799       0                 0.004
        565  4.70833333333   12.86154     4.66880       0                 0.747
        566  4.71666666667   12.79964     4.44013       0                 0.579
        567  4.72500000000   12.73640     4.21197       0                -0.163
        568  4.73333333333   12.67184     3.98435       0                 0.806
        569  4.74166666667   12.60595     3.75725       0                 1.982
        570  4.75000000000   12.53874     3.53069       0                 1.376
        571  4.75833333333   12.47021     3.30468       0                 0.797
        572  4.76666666667   12.40037     3.07921       0                 0.499
        573  4.77500000000   12.32923     2.85431       0                -0.058
        574  4.78333333333   12.25678     2.62996       0                -0.384
        575  4.79166666667   12.18303     2.40618       0                 0.111
        576  4.80000000000   12.10799     2.18297       0                 1.241
        577  4.80833333333   12.03166     1.96034       0                 2.153
        578  4.81666666667   11.95405     1.73830       0                 2.341
        579  4.82500000000   11.87516     1.51684       0                 1.861
        580  4.83333333333   11.79499     1.29598       0                 1.315
        581  4.84166666667   11.71356     1.07571       0                 1.199
        582  4.85000000000   11.63086     0.85605       0                 0.887
        583  4.85833333333   11.54691     0.63700       0                 1.691
        584  4.86666666667   11.46170     0.41856       0                 1.580
        585  4.87500000000   11.37524     0.20074       0                 1.800
        586  4.88333333333   11.28755   359.98355       0                 1.894
        587  4.89166666667   11.19861   359.76698       0                 1.508
        588  4.90000000000   11.10844   359.55104       0                 1.924
        589  4.90833333333   11.01705   359.33574       0                 1.187
        590  4.91666666667   10.92444   359.12108       0                 0.558
        591  4.92500000000   10.83061   358.90706       0                 1.547
        592  4.93333333333   10.73557   358.69370       0                 4.941
        593  4.94166666667   10.63933   358.48098       0                 8.071
        594  4.95000000000   10.54189   358.26892       0                 8.367
        595  4.95833333333   10.44326   358.05753       0                 8.847
        596  4.96666666667   10.34345   357.84679       0                 6.268
        597  4.97500000000   10.24245   357.63672       0                 5.837
        598  4.98333333333   10.14028   357.42733       0                 9.057
        599  4.99166666667   10.03694   357.21861       0                 6.148
        600  5.00000000000    9.93243   357.01056       0                 8.448
        601  5.00833333333    9.83890   356.81897       0                 8.939
        602  5.01666666667    9.73190   356.61266       0                 5.805
        603  5.02500000000    9.62383   356.40715       0                 1.748
        604  5.03333333333    9.51471   356.20243       0                 2.480
        605  5.04166666667    9.40454   355.99850       0                 9.062
        606  5.05000000000    9.29332   355.79537       0                10.217
        607  5.05833333333    9.18107   355.59304       0                 7.187
        608  5.06666666667    9.06778   355.39150       0                 6.919
        609  5.07500000000    8.95347   355.19076       0                 6.029
        610  5.08333333333    8.83814   354.99082       0                 5.936
        611  5.09166666667    8.72179   354.79169       0                 5.111
        612  5.10000000000    8.60443   354.59335       0                 2.964
        613  5.10833333333    8.48607   354.39582       0                 1.416
        614  5.11666666667    8.36672   354.19910       0                 3.688
        615  5.12500000000    8.24637   354.00317       0                 1.482
        616  5.13333333333    8.12503   353.80806       0                 3.076
        617  5.14166666667    8.00272   353.61375       0                 3.301
        618  5.15000000000    7.87943   353.42025       0                 2.637
        619  5.15833333333    7.75517   353.22755       0                 2.840
        620  5.16666666667    7.62996   353.03567       0                 3.234
        621  5.17500000000    7.50378   352.84459       0                 3.795
        622  5.18333333333    7.37666   352.65432       0                 3.670
        623  5.19166666667    7.24859   352.46485       0                 4.148
        624  5.20000000000    7.11958   352.27620       0                 3.820
        625  5.20833333333    6.98963   352.08836       0                 2.799
        626  5.21666666667    6.85877   351.90132       0                 2.833
        627  5.22500000000    6.72698   351.71510       0                 3.075
        628  5.23333333333    6.59427   351.52968       0                 2.973
        629  5.24166666667    6.46066   351.34507       0                 2.678
        630  5.25000000000    6.32614   351.16127       0                 2.938
        631  5.25833333333    6.19072   350.97828       0                 3.245
        632  5.26666666667    6.05442   350.79609       0                 2.174
        633  5.27500000000    5.91723   350.61472       0                 1.941
        634  5.28333333333    5.77916   350.43415       0                 1.087
        635  5.29166666667    5.64021   350.25438       0                 0.379
        636  5.30000000000    5.50040   350.07543       0                 0.798
        637  5.30833333333    5.35972   349.89728       0                 1.325
        638  5.31666666667    5.21819   349.71993       0                 1.608
        639  5.32500000000    5.07581   349.54339       0                 1.743
       1555 12.95833333333    5.25277   237.94207       0                -3.101
       1556 12.96666666667    5.45685   238.08670       0                -3.356
       1557 12.97500000000    5.66093   238.23183       0                -3.565
       1558 12.98333333333    5.86500   238.37747       0                -3.798
       1559 12.99166666667    6.06906   238.52362       0                -4.056
       1560 13.00000000000    6.27311   238.67029       0                -4.353
       1561 13.00833333333    6.49818   238.78142       0                -4.660
       1562 13.01666666667    6.70235   238.92876       0                -4.952
       1563 13.02500000000    6.90664   239.07641       0                -5.185
       1564 13.03333333333    7.11105   239.22434       0                -5.392
       1565 13.04166666667    7.31558   239.37258       0                -5.605
       1566 13.05000000000    7.52023   239.52112       0                -5.712
       1567 13.05833333333    7.72499   239.66997       0                -5.489
       1568 13.06666666667    7.92987   239.81914       0                -5.586
       1569 13.07500000000    8.13485   239.96862       0                -5.431
       1570 13.08333333333    8.33994   240.11842       0                -5.591
       1571 13.09166666667    8.54514   240.26855       0                -5.838
       1572 13.10000000000    8.75044   240.41901       0                -6.081
       1573 13.10833333333    8.95583   240.56980       0                -6.404
       1574 13.11666666667    9.16133   240.72093       0                -6.559
       1575 13.12500000000    9.36692   240.87241       0                -6.675
       1576 13.13333333333    9.57261   241.02423       0                -6.726
       1577 13.14166666667    9.77839   241.17640       0                -6.741
       1578 13.15000000000    9.98425   241.32893       0                -6.759
       1579 13.15833333333   10.19020   241.48182       0                -6.832
       1580 13.16666666667   10.39624   241.63508       0                -6.850
       1581 13.17500000000   10.60235   241.78870       0                -6.865
       1582 13.18333333333   10.80855   241.94270       0                -6.820
       1583 13.19166666667   11.01481   242.09708       0                -6.813
       1584 13.20000000000   11.22116   242.25184       0                -6.837
       1585 13.20833333333   11.42757   242.40699       0                -6.840
       1586 13.21666666667   11.63405   242.56253       0                -6.830
       1587 13.22500000000   11.84060   242.71847       0                -6.904
       1588 13.23333333333   12.04720   242.87481       0                -6.921
       1589 13.24166666667   12.25387   243.03155       0                -6.856
       1590 13.25000000000   12.46059   243.18871       0                -6.890
       1591 13.25833333333   12.66737   243.34629       0                -6.915
       1592 13.26666666667   12.87420   243.50429       0                -7.011
       1593 13.27500000000   13.08108   243.66271       0                -7.054
       1594 13.28333333333   13.28800   243.82157       0                -7.167
       1595 13.29166666667   13.49497   243.98086       0                -7.160
       1596 13.30000000000   13.70198   244.14059       0                -7.135
       1597 13.30833333333   13.90902   244.30077       0                -7.025
       1598 13.31666666667   14.11610   244.46141       0                -7.003
       1599 13.32500000000   14.32321   244.62249       0                -7.029
       1600 13.33333333333   14.53034   244.78405       0                -7.128
       1601 13.34166666667   14.73750   244.94607       0                -7.175
       1602 13.35000000000   14.94469   245.10856       0                -7.161
       1603 13.35833333333   15.15189   245.27153       0                -7.074
       1604 13.36666666667   15.35911   245.43498       0                -6.963
       1605 13.37500000000   15.56634   245.59892       0                -6.892
       1606 13.38333333333   15.77358   245.76336       0                -7.023
       1607 13.39166666667   15.98082   245.92830       0                -7.099
       1608 13.40000000000   16.18807   246.09374       0                -7.154
       1609 13.40833333333   16.39532   246.25969       0                -7.147
       1610 13.41666666667   16.60257   246.42616       0                -7.097
       1611 13.42500000000   16.80981   246.59316       0                -7.129
       1612 13.43333333333   17.01704   246.76068       0                -7.161
       1613 13.44166666667   17.22426   246.92873       0                -7.180
       1614 13.45000000000   17.43146   247.09733       0                -7.222
       1615 13.45833333333   17.63864   247.26647       0                -7.316
       1616 13.46666666667   17.84580   247.43616       0                -7.452
       1617 13.47500000000   18.05293   247.60641       0                -7.481
       1618 13.48333333333   18.26003   247.77723       0                -7.408
       1619 13.49166666667   18.46709   247.94861       0                -7.407
       1620 13.50000000000   18.67412   248.12057       0                -7.525
       1621 13.50833333333   18.90560   248.25548       0                -7.612
       1622 13.51666666667   19.11292   248.42808       0                -7.611
       1623 13.52500000000   19.32035   248.60102       0                -7.517
       1624 13.53333333333   19.52790   248.77431       0                -7.503
       1625 13.54166666667   19.73556   248.94795       0                -7.583
       1626 13.55000000000   19.94334   249.12195       0                -7.639
       1627 13.55833333333   20.15122   249.29632       0                -7.697
       1628 13.56666666667   20.35921   249.47106       0                -7.673
       1629 13.57500000000   20.56731   249.64618       0                -7.777
       1630 13.58333333333   20.77550   249.82167       0                -7.840
       1631 13.59166666667   20.98379   249.99755       0                -8.009
       1632 13.60000000000   21.19218   250.17383       0                -8.156
       1633 13.60833333333   21.40065   250.35050       0                -8.275
       1634 13.61666666667   21.60922   250.52757       0                -8.376
       1635 13.62500000000   21.81787   250.70505       0                -8.403
       1636 13.63333333333   22.02660   250.88295       0                -8.378
       1637 13.64166666667   22.23542   251.06127       0                -8.296
       1638 13.65000000000   22.44431   251.24001       0                -8.278
       1639 13.65833333333   22.65328   251.41918       0                -8.301
       1640 13.66666666667   22.86231   251.59879       0                -8.424
       1641 13.67500000000   23.07142   251.77884       0                -8.564
       1642 13.68333333333   23.28059   251.95935       0                -8.578
       1643 13.69166666667   23.48982   252.14031       0                -8.552
       1644 13.70000000000   23.69912   252.32173       0                -8.605
       1645 13.70833333333   23.90847   252.50362       0                -8.651
       1646 13.71666666667   24.11787   252.68598       0                -8.678
       1647 13.72500000000   24.32732   252.86883       0                -8.693
       1648 13.73333333333   24.53682   253.05216       0                -8.690
       1649 13.74166666667   24.74637   253.23599       0                -8.713
       1650 13.75000000000   24.95596   253.42032       0                -8.786
       1651 13.75833333333   25.16559   253.60515       0                -8.835
       1652 13.76666666667   25.37525   253.79050       0                -8.861
       1653 13.77500000000   25.58494   253.97637       0                -8.901
       1654 13.78333333333   25.79467   254.16277       0                -8.966
       1655 13.79166666667   26.00442   254.34970       0                -8.965
       1656 13.80000000000   26.21419   254.53718       0                -8.992
       1657 13.80833333333   26.42398   254.72520       0                -9.055
       1658 13.81666666667   26.63379   254.91378       0                -9.109
       1659 13.82500000000   26.84362   255.10293       0                -9.119
       1660 13.83333333333   27.05346   255.29265       0                -9.128
       1661 13.84166666667   27.26330   255.48294       0                -9.166
       1662 13.85000000000   27.47315   255.67382       0                -9.186
       1663 13.85833333333   27.68300   255.86530       0                -9.250
       1664 13.86666666667   27.89284   256.05738       0                -9.283
       1665 13.87500000000   28.10269   256.25007       0                -9.259
       1666 13.88333333333   28.31252   256.44338       0                -9.238
       1667 13.89166666667   28.52235   256.63731       0                -9.203
       1668 13.90000000000   28.73216   256.83188       0                -9.186
       1669 13.90833333333   28.94195   257.02709       0                -9.195
       1670 13.91666666667   29.15172   257.22295       0                -9.195
       1671 13.92500000000   29.36146   257.41947       0                -9.167
       1672 13.93333333333   29.57118   257.61666       0                -9.135
       1673 13.94166666667   29.78087   257.81452       0                -9.121
       1674 13.95000000000   29.99052   258.01308       0                -9.102
       1675 13.95833333333   30.20014   258.21232       0                -9.053
       1676 13.96666666667   30.40972   258.41227       0                -9.028
       1677 13.97500000000   30.61925   258.61294       0                -8.980
       1678 13.98333333333   30.82873   258.81432       0                -8.960
       1679 13.99166666667   31.03817   259.01644       0                -8.926
       1680 14.00000000000   31.24755   259.21930       0                -8.900
       1681 14.00833333333   31.47794   259.38382       0                -8.887
       1682 14.01666666667   31.68772   259.58747       0                -8.864
       1683 14.02500000000   31.89757   259.79164       0                -8.835
       1684 14.03333333333   32.10750   259.99632       0                -8.806
       1685 14.04166666667   32.31750   260.20152       0                -8.794
       1686 14.05000000000   32.52757   260.40726       0                -8.748
       1687 14.05833333333   32.73771   260.61353       0                -8.754
       1688 14.06666666667   32.94791   260.82036       0                -8.750
       1689 14.07500000000   33.15818   261.02773       0                -8.726
       1690 14.08333333333   33.36850   261.23568       0                -8.734
       1691 14.09166666667   33.57887   261.44419       0                -8.680
       1692 14.10000000000   33.78930   261.65328       0                -8.652
       1693 14.10833333333   33.99978   261.86297       0                -8.641
       1694 14.11666666667   34.21031   262.07325       0                -8.621
       1695 14.12500000000   34.42087   262.28413       0                -8.618
       1696 14.13333333333   34.63148   262.49563       0                -8.615
       1697 14.14166666667   34.84213   262.70776       0                -8.598
       1698 14.15000000000   35.05281   262.92052       0                -8.564
       1699 14.15833333333   35.26352   263.13392       0                -8.554
       1700 14.16666666667   35.47426   263.34798       0                -8.530
       1701 14.17500000000   35.68503   263.56270       0                -8.526
       1702 14.18333333333   35.89581   263.77809       0                -8.521
       1703 14.19166666667   36.10662   263.99416       0                -8.520
       1704 14.20000000000   36.31745   264.21092       0                -8.483
       1705 14.20833333333   36.52829   264.42839       0                -8.481
       1706 14.21666666667   36.73914   264.64657       0                -8.467
       1707 14.22500000000   36.95000   264.86547       0                -8.482
       1708 14.23333333333   37.16086   265.08510       0                -8.460
       1709 14.24166666667   37.37173   265.30549       0                -8.468
       1710 14.25000000000   37.58259   265.52662       0                -8.473
       1711 14.25833333333   37.79346   265.74853       0                -8.460
       1712 14.26666666667   38.00431   265.97121       0                -8.457
       1713 14.27500000000   38.21515   266.19469       0                -8.470
       1714 14.28333333333   38.42599   266.41897       0                -8.475
       1715 14.29166666667   38.63680   266.64406       0                -8.461
       1716 14.30000000000   38.84760   266.86998       0                -8.450
       1717 14.30833333333   39.05837   267.09674       0                -8.482
       1718 14.31666666667   39.26913   267.32435       0                -8.473
       1719 14.32500000000   39.47985   267.55283       0                -8.460
       1720 14.33333333333   39.69054   267.78218       0                -8.458
       1721 14.34166666667   39.90120   268.01242       0                -8.480
       1722 14.35000000000   40.11181   268.24357       0                -8.456
       1723 14.35833333333   40.32239   268.47564       0                -8.464
       1724 14.36666666667   40.53293   268.70864       0                -8.457
       1725 14.37500000000   40.74342   268.94259       0                -8.456
       1726 14.38333333333   40.95386   269.17750       0                -8.471
       1727 14.39166666667   41.16424   269.41338       0                -8.474
       1728 14.40000000000   41.37457   269.65025       0                -8.488
       1729 14.40833333333   41.58484   269.88813       0                -8.511
       1730 14.41666666667   41.79505   270.12703       0                -8.518
       1731 14.42500000000   42.00519   270.36697       0                -8.521
       1732 14.43333333333   42.21526   270.60796       0                -8.520
       1733 14.44166666667   42.42526   270.85002       0                -8.560
       1734 14.45000000000   42.63518   271.09316       0                -8.568
       1735 14.45833333333   42.84502   271.33741       0                -8.595
       1736 14.46666666667   43.05478   271.58278       0                -8.588
       1737 14.47500000000   43.26445   271.82928       0                -8.599
       1738 14.48333333333   43.47403   272.07694       0                -8.627
       1739 14.49166666667   43.68352   272.32577       0                -8.630
       1740 14.50000000000   43.89291   272.57579       0                -8.660
       1741 14.50833333333   44.11383   272.78543       0                -8.680
       1742 14.51666666667   44.32358   273.03693       0                -8.675
       1743 14.52500000000   44.53330   273.28940       0                -8.695
       1744 14.53333333333   44.74298   273.54285       0                -8.719
       1745 14.54166666667   44.95263   273.79730       0                -8.721
       1746 14.55000000000   45.16224   274.05276       0                -8.714
       1747 14.55833333333   45.37181   274.30925       0                -8.720
       1748 14.56666666667   45.58133   274.56678       0                -8.718
       1749 14.57500000000   45.79081   274.82538       0                -8.725
       1750 14.58333333333   46.00023   275.08505       0                -8.730
       1751 14.59166666667   46.20959   275.34581       0                -8.724
       1752 14.60000000000   46.41889   275.60769       0                -8.757
       1753 14.60833333333   46.62813   275.87071       0                -8.773
       1754 14.61666666667   46.83731   276.13487       0                -8.770
       1755 14.62500000000   47.04641   276.40019       0                -8.783
       1756 14.63333333333   47.25545   276.66671       0                -8.778
       1757 14.64166666667   47.46440   276.93443       0                -8.787
       1758 14.65000000000   47.67327   277.20338       0                -8.797
       1759 14.65833333333   47.88206   277.47358       0                -8.816
       1760 14.66666666667   48.09077   277.74504       0                -8.827
       1761 14.67500000000   48.29938   278.01779       0                -8.830
       1762 14.68333333333   48.50789   278.29185       0                -8.851
       1763 14.69166666667   48.71631   278.56724       0                -8.877
       1764 14.70000000000   48.92463   278.84399       0                -8.892
       1765 14.70833333333   49.13283   279.12211       0                -8.902
       1766 14.71666666667   49.34093   279.40163       0                -8.931
       1767 14.72500000000   49.54891   279.68258       0                -8.954
       1768 14.73333333333   49.75678   279.96497       0                -9.003
       1769 14.74166666667   49.96452   280.24884       0                -9.026
       1770 14.75000000000   50.17214   280.53420       0                -9.054
       1771 14.75833333333   50.37962   280.82108       0                -9.064
       1772 14.76666666667   50.58697   281.10952       0                -9.093
       1773 14.77500000000   50.79419   281.39953       0                -9.104
       1774 14.78333333333   51.00125   281.69114       0                -9.157
       1775 14.79166666667   51.20817   281.98439       0                -9.190
       1776 14.80000000000   51.41494   282.27929       0                -9.232
       1777 14.80833333333   51.62155   282.57588       0                -9.237
       1778 14.81666666667   51.82800   282.87419       0                -9.318
       1779 14.82500000000   52.03428   283.17424       0                -9.366
       1780 14.83333333333   52.24040   283.47608       0                -9.400
       1781 14.84166666667   52.44633   283.77972       0                -9.407
       1782 14.85000000000   52.65208   284.08521       0                -9.401
       1783 14.85833333333   52.85765   284.39257       0                -9.426
       1784 14.86666666667   53.06303   284.70183       0                -9.435
       1785 14.87500000000   53.26821   285.01304       0                -9.446
       1786 14.88333333333   53.47318   285.32623       0                -9.414
       1787 14.89166666667   53.67795   285.64142       0                -9.335
       1788 14.90000000000   53.88250   285.95867       0                -9.309
       1789 14.90833333333   54.08684   286.27799       0                -9.230
       1790 14.91666666667   54.29094   286.59944       0                -9.188
       1791 14.92500000000   54.49482   286.92306       0                -9.131
       1792 14.93333333333   54.69846   287.24887       0                -9.104
       1793 14.94166666667   54.90185   287.57692       0                -9.060
       1794 14.95000000000   55.10499   287.90725       0                -8.924
       1795 14.95833333333   55.30788   288.23991       0                -8.871
       1796 14.96666666667   55.51050   288.57493       0                -8.891
       1797 14.97500000000   55.71285   288.91236       0                -8.816
       1798 14.98333333333   55.91491   289.25224       0                -8.851
       1799 14.99166666667   56.11669   289.59462       0                -8.881
       1800 15.00000000000   56.31818   289.93954       0                -8.873
       1801 15.00833333333   56.52602   290.25091       0                -8.781
       1802 15.01666666667   56.72744   290.59979       0                -8.726
       1803 15.02500000000   56.92854   290.95104       0                -8.675
       1804 15.03333333333   57.12932   291.30469       0                -8.657
       1805 15.04166666667   57.32977   291.66078       0                -8.534
       1806 15.05000000000   57.52988   292.01936       0                -8.595
       1807 15.05833333333   57.72965   292.38048       0                -8.556
       1808 15.06666666667   57.92906   292.74418       0                -8.603
       1809 15.07500000000   58.12812   293.11050       0                -8.534
       1810 15.08333333333   58.32680   293.47950       0                -8.563
       1811 15.09166666667   58.52511   293.85123       0                -8.535
       1812 15.10000000000   58.72304   294.22573       0                -8.541
       1813 15.10833333333   58.92057   294.60305       0                -8.621
       1814 15.11666666667   59.11770   294.98325       0                -8.506
       1815 15.12500000000   59.31442   295.36637       0                -8.501
       1816 15.13333333333   59.51072   295.75248       0                -8.403
       1817 15.14166666667   59.70659   296.14163       0                -8.354
       1818 15.15000000000   59.90202   296.53387       0                -8.416
       1819 15.15833333333   60.09700   296.92927       0                -8.294
       1820 15.16666666667   60.29152   297.32787       0                -8.105
       1821 15.17500000000   60.48557   297.72975       0                -8.056
       1822 15.18333333333   60.67914   298.13496       0                -8.214
       1823 15.19166666667   60.87222   298.54356       0                -8.267
       1824 15.20000000000   61.06480   298.95562       0                -8.288
       1825 15.20833333333   61.25686   299.37120       0                -8.289
       1826 15.21666666667   61.44840   299.79037       0                -8.292
       1827 15.22500000000   61.63939   300.21319       0                -8.298
       1828 15.23333333333   61.82984   300.63974       0                -8.220
       1829 15.24166666667   62.01973   301.07009       0                -8.186
       1830 15.25000000000   62.20273   301.48976       0                -8.238
       1831 15.25833333333   62.39775   301.94245       0                -8.050
       1832 15.26666666667   62.58587   302.38461       0                -8.104
       1833 15.27500000000   62.77336   302.83087       0                -8.032
       1834 15.28333333333   62.96023   303.28128       0                -8.087
       1835 15.29166666667   63.14644   303.73595       0                -8.134
       1836 15.30000000000   63.33199   304.19493       0                -8.149
       1837 15.30833333333   63.51687   304.65833       0                -8.139
       1838 15.31666666667   63.70104   305.12621       0                -8.125
       1839 15.32500000000   63.88450   305.59866       0                -8.106
       1840 15.33333333333   64.06724   306.07577       0                -8.150
       1841 15.34166666667   64.24922   306.55762       0                -8.182
       1842 15.35000000000   64.43044   307.04431       0                -8.143
       1843 15.35833333333   64.61088   307.53592       0                -8.100
       1844 15.36666666667   64.79050   308.03254       0                -8.075
       1845 15.37500000000   64.96931   308.53427       0                -8.104
       1846 15.38333333333   65.14727   309.04120       0                -8.090
       1847 15.39166666667   65.32436   309.55342       0                -8.078
       1848 15.40000000000   65.50057   310.07104       0                -8.065
       1849 15.40833333333   65.67586   310.59414       0                -8.005
       1850 15.41666666667   65.85023   311.12283       0                -8.003
       1851 15.42500000000   66.02363   311.65721       0                -7.926
       1852 15.43333333333   66.19606   312.19737       0                -7.916
       1853 15.44166666667   66.36748   312.74343       0                -7.921
       1854 15.45000000000   66.53786   313.29548       0                -7.907
       1855 15.45833333333   66.70719   313.85362       0                -7.918
       1856 15.46666666667   66.87544   314.41797       0                -7.870
       1857 15.47500000000   67.04257   314.98862       0                -7.848
       1858 15.48333333333   67.20857   315.56569       0                -7.905
       1859 15.49166666667   67.37339   316.14927       0                -7.809
       1860 15.50000000000   67.53158   316.71970       0                -7.650
       1861 15.50833333333   67.68630   317.25142       0                -7.645
       1862 15.51666666667   67.84811   317.85291       0                -7.535
       1863 15.52500000000   68.00859   318.46090       0                -7.551
       1864 15.53333333333   68.16771   319.07548       0                -7.540
       1865 15.54166666667   68.32543   319.69674       0                -7.567
       1866 15.55000000000   68.48173   320.32478       0                -7.525
       1867 15.55833333333   68.63658   320.95967       0                -7.536
       1868 15.56666666667   68.78995   321.60153       0                -7.511
       1869 15.57500000000   68.94180   322.25042       0                -7.587
       1870 15.58333333333   69.09210   322.90644       0                -7.676
       1871 15.59166666667   69.24082   323.56967       0                -7.739
       1872 15.60000000000   69.38793   324.24021       0                -7.709
       1873 15.60833333333   69.53338   324.91812       0                -7.871
       1874 15.61666666667   69.67715   325.60349       0                -8.081
       1875 15.62500000000   69.81920   326.29639       0                -8.019
       1876 15.63333333333   69.95948   326.99691       0                -7.909
       1877 15.64166666667   70.09797   327.70510       0                -7.789
       1878 15.65000000000   70.23462   328.42104       0                -7.735
       1879 15.65833333333   70.36940   329.14479       0                -7.731
       1880 15.66666666667   70.50227   329.87641       0                -7.769
       1881 15.67500000000   70.63318   330.61595       0                -7.769
       1882 15.68333333333   70.76210   331.36346       0                -7.781
       1883 15.69166666667   70.88898   332.11899       0                -7.662
       1884 15.70000000000   71.01379   332.88258       0                -7.848
       1885 15.70833333333   71.13647   333.65426       0                -7.891
       1886 15.71666666667   71.25699   334.43405       0                -7.772
       1887 15.72500000000   71.37531   335.22198       0                -7.830
       1888 15.73333333333   71.49137   336.01806       0                -7.859
       1889 15.74166666667   71.60514   336.82229       0                -7.899
       1890 15.75000000000   71.71657   337.63467       0                -7.839
       1891 15.75833333333   71.82562   338.45519       0                -7.772
       1892 15.76666666667   71.93223   339.28382       0                -7.712
       1893 15.77500000000   72.03638   340.12055       0                -7.780
       1894 15.78333333333   72.13800   340.96531       0                -7.921
       1895 15.79166666667   72.23705   341.81808       0                -8.222
       1896 15.80000000000   72.33349   342.67878       0                -8.149
       1897 15.80833333333   72.42727   343.54735       0                -8.098
       1898 15.81666666667   72.51835   344.42370       0                -8.119
       1899 15.82500000000   72.60668   345.30774       0                -8.157
       1900 15.83333333333   72.69221   346.19936       0                -8.184
       1901 15.84166666667   72.77490   347.09845       0                -8.155
       1902 15.85000000000   72.85471   348.00486       0                -8.075
       1903 15.85833333333   72.93158   348.91847       0                -8.000
       1904 15.86666666667   73.00549   349.83912       0                -7.930
       1905 15.87500000000   73.07637   350.76662       0                -7.869
       1906 15.88333333333   73.14420   351.70081       0                -7.824
       1907 15.89166666667   73.20893   352.64149       0                -7.730
       1908 15.90000000000   73.27052   353.58845       0                -7.647
       1909 15.90833333333   73.32892   354.54146       0                -7.707
       1910 15.91666666667   73.38411   355.50030       0                -7.780
       1911 15.92500000000   73.43604   356.46472       0                -7.699
       1912 15.93333333333   73.48468   357.43445       0                -7.722
       1913 15.94166666667   73.53000   358.40923       0                -7.775
       1914 15.95000000000   73.57195   359.38877       0                -7.750
       1915 15.95833333333   73.61051     0.37279       0                -7.751
       1916 15.96666666667   73.64566     1.36096       0                -7.726
       1917 15.97500000000   73.67735     2.35299       0                -7.670
       1918 15.98333333333   73.70557     3.34854       0                -7.644
       1919 15.99166666667   73.73029     4.34727       0                -7.606
       1920 16.00000000000   73.75148     5.34886       0                -7.575
       1921 16.00833333333   73.76550     6.25920       0                -7.596
       1922 16.01666666667   73.78055     7.26405       0                -7.635
       1923 16.02500000000   73.79202     8.27016       0                -7.610
       1924 16.03333333333   73.79990     9.27715       0                -7.644
       1925 16.04166666667   73.80418    10.28466       0                -7.647
       1926 16.05000000000   73.80487    11.29230       0                -7.595
       1927 16.05833333333   73.80195    12.29972       0                -7.521
       1928 16.06666666667   73.79545    13.30654       0                -7.415
       1929 16.07500000000   73.78535    14.31239       0                -7.364
       1930 16.08333333333   73.77168    15.31690       0                -7.397
       1931 16.09166666667   73.75443    16.31971       0                -7.390
       1932 16.10000000000   73.73363    17.32045       0                -7.332
       1933 16.10833333333   73.70929    18.31878       0                -7.315
       1934 16.11666666667   73.68141    19.31435       0                -7.244
       1935 16.12500000000   73.65003    20.30681       0                -7.266
       1936 16.13333333333   73.61516    21.29584       0                -7.312
       1937 16.14166666667   73.57682    22.28110       0                -7.330
       1938 16.15000000000   73.53504    23.26229       0                -7.314
       1939 16.15833333333   73.48985    24.23909       0                -7.310
       1940 16.16666666667   73.44126    25.21122       0                -7.290
       1941 16.17500000000   73.38932    26.17838       0                -7.252
       1942 16.18333333333   73.33405    27.14031       0                -7.276
       1943 16.19166666667   73.27548    28.09674       0                -7.291
       1944 16.20000000000   73.21365    29.04742       0                -7.216
       1945 16.20833333333   73.14859    29.99211       0                -7.212
       1946 16.21666666667   73.08034    30.93060       0                -7.195
       1947 16.22500000000   73.00894    31.86267       0                -7.228
       1948 16.23333333333   72.93442    32.78812       0                -7.198
       1949 16.24166666667   72.85683    33.70676       0                -7.227
       1950 16.25000000000   72.77619    34.61842       0                -7.283
       1951 16.25833333333   72.69257    35.52295       0                -7.312
       1952 16.26666666667   72.60599    36.42018       0                -7.301
       1953 16.27500000000   72.51649    37.30999       0                -7.298
       1954 16.28333333333   72.42413    38.19225       0                -7.268
       1955 16.29166666667   72.32894    39.06685       0                -7.234
       1956 16.30000000000   72.23097    39.93370       0                -7.225
       1957 16.30833333333   72.13025    40.79269       0                -7.203
       1958 16.31666666667   72.02685    41.64377       0                -7.236
       1959 16.32500000000   71.92079    42.48685       0                -7.301
       1960 16.33333333333   71.81212    43.32189       0                -7.287
       1961 16.34166666667   71.70089    44.14884       0                -7.233
       1962 16.35000000000   71.58714    44.96766       0                -7.153
       1963 16.35833333333   71.47091    45.77834       0                -7.083
       1964 16.36666666667   71.35226    46.58084       0                -7.045
       1965 16.37500000000   71.23121    47.37517       0                -6.945
       1966 16.38333333333   71.10782    48.16132       0                -6.923
       1967 16.39166666667   70.98212    48.93931       0                -6.896
       1968 16.40000000000   70.85417    49.70914       0                -6.865
       1969 16.40833333333   70.72400    50.47084       0                -6.848
       1970 16.41666666667   70.59165    51.22443       0                -6.825
       1971 16.42500000000   70.45717    51.96996       0                -6.771
       1972 16.43333333333   70.32059    52.70745       0                -6.762
       1973 16.44166666667   70.18196    53.43697       0                -6.732
       1974 16.45000000000   70.04131    54.15855       0                -6.768
       1975 16.45833333333   69.89870    54.87225       0                -6.772
       1976 16.46666666667   69.75414    55.57814       0                -6.757
       1977 16.47500000000   69.60769    56.27627       0                -6.725
       1978 16.48333333333   69.45938    56.96672       0                -6.725
       1979 16.49166666667   69.30924    57.64955       0                -6.677
       1980 16.50000000000   69.15732    58.32484       0                -6.621
       1981 16.50833333333   69.00516    58.92071       0                -6.613
       1982 16.51666666667   68.85056    59.58170       0                -6.582
       1983 16.52500000000   68.69429    60.23494       0                -6.536
       1984 16.53333333333   68.53638    60.88055       0                -6.504
       1985 16.54166666667   68.37687    61.51860       0                -6.476
       1986 16.55000000000   68.21579    62.14921       0                -6.477
       1987 16.55833333333   68.05319    62.77247       0                -6.471
       1988 16.56666666667   67.88910    63.38849       0                -6.440
       1989 16.57500000000   67.72355    63.99736       0                -6.400
       1990 16.58333333333   67.55658    64.59919       0                -6.351
       1991 16.59166666667   67.38821    65.19409       0                -6.307
       1992 16.60000000000   67.21849    65.78215       0                -6.281
       1993 16.60833333333   67.04744    66.36349       0                -6.201
       1994 16.61666666667   66.87509    66.93821       0                -6.158
       1995 16.62500000000   66.70147    67.50640       0                -6.104
       1996 16.63333333333   66.52661    68.06819       0                -6.069
       1997 16.64166666667   66.35055    68.62365       0                -6.005
       1998 16.65000000000   66.17330    69.17291       0                -6.010
       1999 16.65833333333   65.99489    69.71607       0                -5.948
       2000 16.66666666667   65.81536    70.25321       0                -5.920
       2001 16.67500000000   65.63472    70.78445       0                -5.885
       2002 16.68333333333   65.45300    71.30988       0                -5.838
       2003 16.69166666667   65.27023    71.82961       0                -5.820
       2004 16.70000000000   65.08643    72.34373       0                -5.781
       2005 16.70833333333   64.90162    72.85233       0                -5.668
       2006 16.71666666667   64.71582    73.35551       0                -5.658
       2007 16.72500000000   64.52907    73.85337       0                -5.599
       2008 16.73333333333   64.34137    74.34600       0                -5.536
       2009 16.74166666667   64.15276    74.83349       0                -5.465
       2010 16.75000000000   63.96324    75.31593       0                -5.413
       2011 16.75833333333   63.77285    75.79342       0                -5.436
       2012 16.76666666667   63.58159    76.26603       0                -5.376
       2013 16.77500000000   63.38950    76.73385       0                -5.343
       2014 16.78333333333   63.19658    77.19698       0                -5.335
       2015 16.79166666667   63.00286    77.65549       0                -5.294
       2016 16.80000000000   62.80836    78.10947       0                -5.230
       2017 16.80833333333   62.61308    78.55900       0                -5.173
       2018 16.81666666667   62.41706    79.00415       0                -5.145
       2019 16.82500000000   62.22030    79.44501       0                -5.134
       2020 16.83333333333   62.02282    79.88166       0                -5.155
       2021 16.84166666667   61.82463    80.31416       0                -5.147
       2022 16.85000000000   61.62576    80.74260       0                -5.138
       2023 16.85833333333   61.42622    81.16704       0                -5.107
       2024 16.86666666667   61.22601    81.58756       0                -5.060
       2025 16.87500000000   61.02517    82.00423       0                -5.110
       2026 16.88333333333   60.82369    82.41712       0                -5.097
       2027 16.89166666667   60.62160    82.82630       0                -5.080
       2028 16.90000000000   60.41890    83.23183       0                -5.040
       2029 16.90833333333   60.21562    83.63378       0                -5.024
       2030 16.91666666667   60.01176    84.03220       0                -5.016
       2031 16.92500000000   59.80733    84.42718       0                -4.995
       2032 16.93333333333   59.60236    84.81876       0                -4.954
       2033 16.94166666667   59.39684    85.20700       0                -4.920
       2034 16.95000000000   59.19080    85.59198       0                -4.892
       2035 16.95833333333   58.98424    85.97373       0                -4.890
       2036 16.96666666667   58.77717    86.35233       0                -4.886
       2037 16.97500000000   58.56961    86.72783       0                -4.854
       2038 16.98333333333   58.36157    87.10027       0                -4.802
       2039 16.99166666667   58.15306    87.46973       0                -4.768
       2040 17.00000000000   57.94408    87.83624       0                -4.713
       2041 17.00833333333   57.72907    88.14709       0                -4.697
       2042 17.01666666667   57.51970    88.50822       0                -4.687
       2043 17.02500000000   57.30985    88.86622       0                -4.663
       2044 17.03333333333   57.09953    89.22115       0                -4.655
       2045 17.04166666667   56.88877    89.57305       0                -4.628
       2046 17.05000000000   56.67756    89.92199       0                -4.609
       2047 17.05833333333   56.46592    90.26802       0                -4.578
       2048 17.06666666667   56.25387    90.61119       0                -4.523
       2049 17.07500000000   56.04139    90.95154       0                -4.508
       2050 17.08333333333   55.82852    91.28914       0                -4.484
       2051 17.09166666667   55.61526    91.62403       0                -4.475
       2052 17.10000000000   55.40161    91.95625       0                -4.458
       2053 17.10833333333   55.18759    92.28586       0                -4.420
       2054 17.11666666667   54.97321    92.61289       0                -4.351
       2055 17.12500000000   54.75847    92.93740       0                -4.301
       2056 17.13333333333   54.54338    93.25944       0                -4.255
       2057 17.14166666667   54.32795    93.57903       0                -4.220
       2058 17.15000000000   54.11220    93.89623       0                -4.226
       2059 17.15833333333   53.89612    94.21108       0                -4.168
       2060 17.16666666667   53.67972    94.52362       0                -4.130
       2061 17.17500000000   53.46303    94.83388       0                -4.073
       2062 17.18333333333   53.24603    95.14192       0                -4.019
       2063 17.19166666667   53.02874    95.44775       0                -4.013
       2064 17.20000000000   52.81117    95.75144       0                -3.989
       2065 17.20833333333   52.59332    96.05300       0                -3.960
       2066 17.21666666667   52.37520    96.35248       0                -3.898
       2067 17.22500000000   52.15682    96.64991       0                -3.844
       2068 17.23333333333   51.93818    96.94533       0                -3.856
       2069 17.24166666667   51.71930    97.23877       0                -3.793
       2070 17.25000000000   51.50017    97.53027       0                -3.738
       2071 17.25833333333   51.28081    97.81986       0                -3.690
       2072 17.26666666667   51.06122    98.10756       0                -3.622
       2073 17.27500000000   50.84141    98.39342       0                -3.605
       2074 17.28333333333   50.62139    98.67746       0                -3.551
       2075 17.29166666667   50.40115    98.95971       0                -3.512
       2076 17.30000000000   50.18071    99.24020       0                -3.438
       2077 17.30833333333   49.96008    99.51897       0                -3.399
       2078 17.31666666667   49.73925    99.79604       0                -3.373
       2079 17.32500000000   49.51824   100.07143       0                -3.319
       2080 17.33333333333   49.29705   100.34518       0                -3.276
       2081 17.34166666667   49.07569   100.61732       0                -3.246
       2082 17.35000000000   48.85416   100.88786       0                -3.189
       2083 17.35833333333   48.63247   101.15684       0                -3.140
       2084 17.36666666667   48.41062   101.42427       0                -3.070
       2085 17.37500000000   48.18862   101.69020       0                -3.023
       2086 17.38333333333   47.96648   101.95463       0                -2.965
       2087 17.39166666667   47.74420   102.21760       0                -2.916
       2088 17.40000000000   47.52178   102.47912       0                -2.847
       2089 17.40833333333   47.29923   102.73923       0                -2.772
       2090 17.41666666667   47.07657   102.99793       0                -2.720
       2091 17.42500000000   46.85378   103.25527       0                -2.662
       2092 17.43333333333   46.63088   103.51125       0                -2.603
       2093 17.44166666667   46.40787   103.76590       0                -2.555
       2094 17.45000000000   46.18477   104.01924       0                -2.479
       2095 17.45833333333   45.96156   104.27128       0                -2.415
       2096 17.46666666667   45.73826   104.52206       0                -2.344
       2097 17.47500000000   45.51488   104.77159       0                -2.282
       2098 17.48333333333   45.29141   105.01989       0                -2.206
       2099 17.49166666667   45.06786   105.26698       0                -2.150
       2100 17.50000000000   44.84425   105.51287       0                -2.067
       2101 17.50833333333   44.60485   105.71156       0                -1.986
       2102 17.51666666667   44.38133   105.95521       0                -1.907
       2103 17.52500000000   44.15764   106.19742       0                -1.826
       2104 17.53333333333   43.93379   106.43821       0                -1.743
       2105 17.54166666667   43.70979   106.67761       0                -1.667
       2106 17.55000000000   43.48563   106.91563       0                -1.606
       2107 17.55833333333   43.26132   107.15230       0                -1.515
       2108 17.56666666667   43.03687   107.38763       0                -1.422
       2109 17.57500000000   42.81229   107.62165       0                -1.320
       2110 17.58333333333   42.58758   107.85438       0                -1.251
       2111 17.59166666667   42.36274   108.08583       0                -1.201
       2112 17.60000000000   42.13777   108.31603       0                -1.126
       2113 17.60833333333   41.91269   108.54499       0                -0.997
       2114 17.61666666667   41.68750   108.77273       0                -0.945
       2115 17.62500000000   41.46221   108.99927       0                -0.843
       2116 17.63333333333   41.23681   109.22463       0                -0.775
       2117 17.64166666667   41.01131   109.44882       0                -0.676
       2118 17.65000000000   40.78572   109.67187       0                -0.563
       2119 17.65833333333   40.56005   109.89378       0                -0.459
       2120 17.66666666667   40.33429   110.11459       0                -0.351
       2121 17.67500000000   40.10845   110.33429       0                -0.256
       2122 17.68333333333   39.88254   110.55291       0                -0.170
       2123 17.69166666667   39.65655   110.77047       0                -0.067
       2124 17.70000000000   39.43051   110.98697       0                 0.069
       2125 17.70833333333   39.20440   111.20245       0                 0.145
       2126 17.71666666667   38.97824   111.41690       0                 0.267
       2127 17.72500000000   38.75202   111.63035       0                 0.364
       2128 17.73333333333   38.52576   111.84280       0                 0.487
       2129 17.74166666667   38.29946   112.05428       0                 0.604
       2130 17.75000000000   38.07311   112.26480       0                 0.691
       2131 17.75833333333   37.84673   112.47438       0                 0.771
       2132 17.76666666667   37.62032   112.68302       0                 0.879
       2133 17.77500000000   37.39389   112.89073       0                 0.997
       2134 17.78333333333   37.16743   113.09755       0                 1.111
       2135 17.79166666667   36.94096   113.30346       0                 1.256
       2136 17.80000000000   36.71447   113.50850       0                 1.378
       2137 17.80833333333   36.48797   113.71267       0                 1.489
       2138 17.81666666667   36.26147   113.91598       0                 1.622
       2139 17.82500000000   36.03497   114.11845       0                 1.727
       2140 17.83333333333   35.80846   114.32009       0                 1.853
       2141 17.84166666667   35.58197   114.52091       0                 1.983
       2142 17.85000000000   35.35549   114.72092       0                 2.081
       2143 17.85833333333   35.12902   114.92014       0                 2.198
       2144 17.86666666667   34.90257   115.11857       0                 2.315
       2145 17.87500000000   34.67614   115.31622       0                 2.411
       2146 17.88333333333   34.44974   115.51312       0                 2.486
       2147 17.89166666667   34.22337   115.70926       0                 2.594
       2148 17.90000000000   33.99703   115.90467       0                 2.709
       2149 17.90833333333   33.77073   116.09934       0                 2.802
       2150 17.91666666667   33.54448   116.29329       0                 2.931
       2151 17.92500000000   33.31827   116.48654       0                 3.045
       2152 17.93333333333   33.09211   116.67908       0                 3.178
       2153 17.94166666667   32.86600   116.87094       0                 3.297
       2154 17.95000000000   32.63995   117.06211       0                 3.442
       2155 17.95833333333   32.41396   117.25262       0                 3.552
       2156 17.96666666667   32.18804   117.44247       0                 3.667
       2157 17.97500000000   31.96219   117.63166       0                 3.786
       2158 17.98333333333   31.73640   117.82022       0                 3.937
       2159 17.99166666667   31.51070   118.00814       0                 4.076
       2160 18.00000000000   31.28507   118.19544       0                 4.235
       2161 18.00833333333   31.03758   118.33915       0                 4.387
       2162 18.01666666667   30.81211   118.52511       0                 4.536
       2163 18.02500000000   30.58658   118.71019       0                 4.678
       2164 18.03333333333   30.36099   118.89440       0                 4.815
       2165 18.04166666667   30.13535   119.07775       0                 4.949
       2166 18.05000000000   29.90967   119.26026       0                 5.113
       2167 18.05833333333   29.68394   119.44194       0                 5.292
       2168 18.06666666667   29.45817   119.62278       0                 5.421
       2169 18.07500000000   29.23237   119.80282       0                 5.592
       2170 18.08333333333   29.00654   119.98205       0                 5.721
       2171 18.09166666667   28.78068   120.16048       0                 5.877
       2172 18.10000000000   28.55481   120.33813       0                 6.054
       2173 18.10833333333   28.32891   120.51501       0                 6.238
       2174 18.11666666667   28.10300   120.69112       0                 6.393
       2175 18.12500000000   27.87708   120.86648       0                 6.544
       2176 18.13333333333   27.65116   121.04109       0                 6.690
       2177 18.14166666667   27.42523   121.21497       0                 6.880
       2178 18.15000000000   27.19931   121.38812       0                 7.020
       2179 18.15833333333   26.97339   121.56055       0                 7.198
       2180 18.16666666667   26.74748   121.73228       0                 7.400
       2181 18.17500000000   26.52159   121.90330       0                 7.585
       2182 18.18333333333   26.29571   122.07364       0                 7.781
       2183 18.19166666667   26.06985   122.24329       0                 7.935
       2184 18.20000000000   25.84402   122.41227       0                 8.097
       2185 18.20833333333   25.61821   122.58058       0                 8.262
       2186 18.21666666667   25.39244   122.74824       0                 8.474
       2187 18.22500000000   25.16671   122.91525       0                 8.690
       2188 18.23333333333   24.94101   123.08162       0                 8.933
       2189 18.24166666667   24.71535   123.24736       0                 9.212
       2190 18.25000000000   24.48975   123.41248       0                 9.433
       2191 18.25833333333   24.26419   123.57698       0                 9.647
       2192 18.26666666667   24.03868   123.74087       0                 9.846
       2193 18.27500000000   23.81323   123.90416       0                10.074
       2194 18.28333333333   23.58785   124.06686       0                10.262
       2195 18.29166666667   23.36252   124.22898       0                10.495
       2196 18.30000000000   23.13726   124.39052       0                10.702
       2197 18.30833333333   22.91208   124.55149       0                10.921
       2198 18.31666666667   22.68696   124.71189       0                11.117
       2199 18.32500000000   22.46192   124.87174       0                11.320
       2200 18.33333333333   22.23697   125.03105       0                11.517
       2201 18.34166666667   22.01209   125.18981       0                11.744
       2202 18.35000000000   21.78730   125.34804       0                11.999
       2203 18.35833333333   21.56260   125.50574       0                12.250
       2204 18.36666666667   21.33800   125.66292       0                12.482
       2205 18.37500000000   21.11349   125.81959       0                12.701
       2206 18.38333333333   20.88908   125.97575       0                12.956
       2207 18.39166666667   20.66477   126.13141       0                13.209
       2208 18.40000000000   20.44056   126.28658       0                13.476
       2209 18.40833333333   20.21646   126.44126       0                13.750
       2210 18.41666666667   19.99248   126.59546       0                14.011
       2211 18.42500000000   19.76861   126.74918       0                14.261
       2212 18.43333333333   19.54485   126.90244       0                14.545
       2213 18.44166666667   19.32122   127.05524       0                14.819
       2214 18.45000000000   19.09770   127.20758       0                15.067
       2215 18.45833333333   18.87432   127.35947       0                15.338
       2216 18.46666666667   18.65106   127.51092       0                15.602
       2217 18.47500000000   18.42793   127.66193       0                15.903
       2218 18.48333333333   18.20493   127.81251       0                16.142
       2219 18.49166666667   17.98207   127.96267       0                16.424
       2220 18.50000000000   17.75936   128.11240       0                16.728
       2221 18.50833333333   17.51542   128.22120       0                17.028
       2222 18.51666666667   17.29279   128.36982       0                17.320
       2223 18.52500000000   17.07016   128.51778       0                17.640
       2224 18.53333333333   16.84754   128.66507       0                17.933
       2225 18.54166666667   16.62494   128.81170       0                18.268
       2226 18.55000000000   16.40234   128.95769       0                18.666
       2227 18.55833333333   16.17977   129.10304       0                19.000
       2228 18.56666666667   15.95721   129.24775       0                19.396
       2229 18.57500000000   15.73468   129.39183       0                19.720
       2230 18.58333333333   15.51218   129.53529       0                20.099
       2231 18.59166666667   15.28971   129.67813       0                20.475
       2232 18.60000000000   15.06728   129.82037       0                20.849
       2233 18.60833333333   14.84488   129.96200       0                21.216
       2234 18.61666666667   14.62253   130.10303       0                21.628
       2235 18.62500000000   14.40021   130.24347       0                22.002
       2236 18.63333333333   14.17795   130.38333       0                22.388
       2237 18.64166666667   13.95574   130.52261       0                22.780
       2238 18.65000000000   13.73358   130.66132       0                23.158
       2239 18.65833333333   13.51148   130.79946       0                23.583
       2240 18.66666666667   13.28944   130.93704       0                24.043
       2241 18.67500000000   13.06746   131.07407       0                24.415
       2242 18.68333333333   12.84554   131.21054       0                24.799
       2243 18.69166666667   12.62370   131.34648       0                25.262
       2244 18.70000000000   12.40193   131.48188       0                25.755
       2245 18.70833333333   12.18023   131.61674       0                26.236
       2246 18.71666666667   11.95860   131.75108       0                26.588
       2247 18.72500000000   11.73706   131.88490       0                26.989
       2248 18.73333333333   11.51560   132.01820       0                27.391
       2249 18.74166666667   11.29423   132.15100       0                27.887
       2250 18.75000000000   11.07294   132.28329       0                28.289
       2251 18.75833333333   10.85174   132.41508       0                28.630
       2252 18.76666666667   10.63064   132.54638       0                29.060
       2253 18.77500000000   10.40963   132.67720       0                29.576
       2254 18.78333333333   10.18872   132.80753       0                30.059
       2255 18.79166666667    9.96791   132.93738       0                30.429
       2256 18.80000000000    9.74720   133.06676       0                30.857
       2257 18.80833333333    9.52660   133.19567       0                31.328
       2258 18.81666666667    9.30610   133.32412       0                31.809
       2259 18.82500000000    9.08571   133.45211       0                32.368
       2260 18.83333333333    8.86544   133.57966       0                32.865
       2261 18.84166666667    8.64527   133.70675       0                33.491
       2262 18.85000000000    8.42523   133.83340       0                34.000
       2263 18.85833333333    8.20530   133.95962       0                34.264
       2264 18.86666666667    7.98549   134.08540       0                34.559
       2265 18.87500000000    7.76581   134.21075       0                35.041
       2266 18.88333333333    7.54624   134.33569       0                35.586
       2267 18.89166666667    7.32681   134.46020       0                36.155
       2268 18.90000000000    7.10750   134.58430       0                36.726
       2269 18.90833333333    6.88832   134.70799       0                37.285
       2270 18.91666666667    6.66927   134.83128       0                37.722
       2271 18.92500000000    6.45036   134.95416       0                38.185
       2272 18.93333333333    6.23158   135.07665       0                38.819
       2273 18.94166666667    6.01294   135.19875       0                39.526
       2274 18.95000000000    5.79444   135.32047       0                40.532
       2275 18.95833333333    5.57608   135.44180       0                41.824
       2276 18.96666666667    5.35786   135.56276       0                42.675
       2277 18.97500000000    5.13979   135.68334       0                43.576
       2278 18.98333333333    4.92186   135.80355       0                44.463
