# Created on 2018-12-12 16:17:49 
# Sources: d:\gpsother\tec-suite\in\2015\abcd0770.15d.Z, d:\gpsother\tec-suite\in\2015\brdc0770.15g.Z
# Satellite: R16 (k = -1.0)
# Interval: 30.0
# Sampling interval: 0.0 (not used).
# Site: abcd
# Position (L, B, H): 253.601641965, 52.1962622634, 578.574894483
# Position (X, Y, Z): -1106129.71, -3758704.03, 5016675.77
# datetime format: %Y-%m-%dT%H:%M:%S
# Columns: tsn, hour, el, az, validity, tec.l1l2
# (I11,1X,F14.11,1X,F10.5,1X,F11.5,1X,I7,1X,F21.3)
          0  0.00000000000   26.99000   286.79009       0               -20.778
          1  0.00833333333   27.19511   286.97081       0               -20.868
          2  0.01666666667   27.40048   287.15159       0               -20.917
          3  0.02500000000   27.60608   287.33245       0               -21.003
          4  0.03333333333   27.81194   287.51337       0               -20.986
          5  0.04166666667   28.01803   287.69438       0               -20.604
          6  0.05000000000   28.22437   287.87547       0               -20.676
          7  0.05833333333   28.43095   288.05664       0               -20.476
          8  0.06666666667   28.63777   288.23790       0               -20.555
          9  0.07500000000   28.84484   288.41925       0               -20.782
         10  0.08333333333   29.05214   288.60071       0               -20.938
         11  0.09166666667   29.25969   288.78226       0               -20.898
         12  0.10000000000   29.46748   288.96392       0               -20.531
         13  0.10833333333   29.67550   289.14570       0               -20.219
         14  0.11666666667   29.88376   289.32758       0               -20.041
         15  0.12500000000   30.09227   289.50959       0               -20.026
         16  0.13333333333   30.30101   289.69173       0               -20.050
         17  0.14166666667   30.50999   289.87399       0               -20.070
         18  0.15000000000   30.71920   290.05639       0               -20.619
         19  0.15833333333   30.92866   290.23893       0               -20.886
         20  0.16666666667   31.13835   290.42162       0               -21.123
         21  0.17500000000   31.34828   290.60445       0               -21.550
         22  0.18333333333   31.55844   290.78744       0               -21.762
         23  0.19166666667   31.76884   290.97059       0               -21.905
         24  0.20000000000   31.97948   291.15391       0               -21.797
         25  0.20833333333   32.19036   291.33740       0               -21.593
         26  0.21666666667   32.40147   291.52107       0               -21.533
         27  0.22500000000   32.61282   291.70492       0               -21.399
         28  0.23333333333   32.82440   291.88896       0               -21.348
         29  0.24166666667   33.03622   292.07319       0               -21.755
         30  0.25000000000   33.24120   292.25148       0               -21.719
         31  0.25833333333   33.46057   292.44227       0               -21.706
         32  0.26666666667   33.67310   292.62713       0               -21.451
         33  0.27500000000   33.88587   292.81221       0               -21.266
         34  0.28333333333   34.09887   292.99751       0               -21.124
         35  0.29166666667   34.31211   293.18305       0               -20.862
         36  0.30000000000   34.52559   293.36883       0               -20.724
         37  0.30833333333   34.73931   293.55486       0               -20.511
         38  0.31666666667   34.95326   293.74114       0               -20.545
         39  0.32500000000   35.16745   293.92768       0               -20.665
         40  0.33333333333   35.38188   294.11449       0               -20.408
         41  0.34166666667   35.59655   294.30157       0               -20.239
         42  0.35000000000   35.81146   294.48894       0               -19.920
         43  0.35833333333   36.02661   294.67660       0               -19.725
         44  0.36666666667   36.24200   294.86457       0               -19.764
         45  0.37500000000   36.45762   295.05283       0               -19.845
         46  0.38333333333   36.67349   295.24142       0               -20.027
         47  0.39166666667   36.88960   295.43033       0               -20.047
         48  0.40000000000   37.10595   295.61957       0               -20.087
         49  0.40833333333   37.32255   295.80915       0               -20.497
         50  0.41666666667   37.53938   295.99908       0               -20.858
         51  0.42500000000   37.75646   296.18937       0               -21.160
         52  0.43333333333   37.97378   296.38003       0               -21.144
         53  0.44166666667   38.19135   296.57106       0               -21.246
         54  0.45000000000   38.40916   296.76249       0               -21.336
         55  0.45833333333   38.62722   296.95431       0               -21.372
         56  0.46666666667   38.84552   297.14653       0               -21.237
         57  0.47500000000   39.06407   297.33918       0               -21.159
         58  0.48333333333   39.28287   297.53225       0               -21.274
         59  0.49166666667   39.50191   297.72576       0               -21.345
         60  0.50000000000   39.71389   297.91324       0               -21.460
         61  0.50833333333   39.93104   298.07473       0               -21.598
         62  0.51666666667   40.15120   298.26864       0               -21.907
         63  0.52500000000   40.37159   298.46281       0               -22.430
         64  0.53333333333   40.59221   298.65724       0               -22.975
         65  0.54166666667   40.81307   298.85194       0               -23.254
         66  0.55000000000   41.03417   299.04692       0               -23.556
         67  0.55833333333   41.25549   299.24218       0               -23.895
         68  0.56666666667   41.47706   299.43774       0               -24.109
         69  0.57500000000   41.69885   299.63360       0               -24.173
         70  0.58333333333   41.92088   299.82977       0               -24.196
         71  0.59166666667   42.14315   300.02626       0               -24.242
         72  0.60000000000   42.36565   300.22308       0               -24.225
         73  0.60833333333   42.58839   300.42024       0               -24.206
         74  0.61666666667   42.81137   300.61774       0               -24.290
         75  0.62500000000   43.03458   300.81559       0               -24.712
         76  0.63333333333   43.25803   301.01381       0               -24.987
         77  0.64166666667   43.48172   301.21241       0               -25.012
         78  0.65000000000   43.70565   301.41139       0               -25.093
         79  0.65833333333   43.92982   301.61077       0               -25.664
         80  0.66666666667   44.15423   301.81056       0               -25.922
         81  0.67500000000   44.37888   302.01076       0               -25.905
         82  0.68333333333   44.60377   302.21139       0               -25.929
         83  0.69166666667   44.82890   302.41246       0               -26.169
         84  0.70000000000   45.05428   302.61398       0               -26.630
         85  0.70833333333   45.27990   302.81596       0               -26.552
         86  0.71666666667   45.50576   303.01842       0               -26.586
         87  0.72500000000   45.73187   303.22136       0               -26.621
         88  0.73333333333   45.95823   303.42481       0               -26.933
         89  0.74166666667   46.18483   303.62877       0               -27.103
         90  0.75000000000   46.41168   303.83326       0               -27.262
         91  0.75833333333   46.63877   304.03828       0               -27.124
         92  0.76666666667   46.86612   304.24387       0               -27.348
         93  0.77500000000   47.09371   304.45002       0               -27.315
         94  0.78333333333   47.32155   304.65675       0               -27.317
         95  0.79166666667   47.54965   304.86409       0               -27.282
         96  0.80000000000   47.77800   305.07204       0               -27.319
         97  0.80833333333   48.00659   305.28062       0               -27.330
         98  0.81666666667   48.23545   305.48984       0               -27.324
         99  0.82500000000   48.46455   305.69973       0               -27.309
        100  0.83333333333   48.69391   305.91030       0               -27.324
        101  0.84166666667   48.92353   306.12157       0               -27.311
        102  0.85000000000   49.15340   306.33355       0               -27.371
        103  0.85833333333   49.38352   306.54627       0               -27.337
        104  0.86666666667   49.61391   306.75974       0               -27.263
        105  0.87500000000   49.84455   306.97398       0               -27.247
        106  0.88333333333   50.07545   307.18902       0               -27.336
        107  0.89166666667   50.30661   307.40487       0               -27.443
        108  0.90000000000   50.53803   307.62155       0               -27.525
        109  0.90833333333   50.76971   307.83909       0               -27.377
        110  0.91666666667   51.00165   308.05751       0               -27.295
        111  0.92500000000   51.23385   308.27682       0               -27.646
        112  0.93333333333   51.46632   308.49706       0               -27.705
        113  0.94166666667   51.69904   308.71825       0               -27.765
        114  0.95000000000   51.93203   308.94041       0               -27.862
        115  0.95833333333   52.16528   309.16357       0               -27.878
        116  0.96666666667   52.39880   309.38775       0               -27.946
        117  0.97500000000   52.63257   309.61298       0               -27.946
        118  0.98333333333   52.86661   309.83928       0               -28.026
        119  0.99166666667   53.10092   310.06670       0               -27.954
        120  1.00000000000   53.33549   310.29524       0               -28.024
        121  1.00833333333   53.56258   310.50020       0               -27.979
        122  1.01666666667   53.79790   310.72978       0               -28.278
        123  1.02500000000   54.03338   310.96035       0               -28.238
        124  1.03333333333   54.26902   311.19194       0               -28.252
        125  1.04166666667   54.50482   311.42457       0               -28.281
        126  1.05000000000   54.74078   311.65827       0               -28.309
        127  1.05833333333   54.97690   311.89308       0               -28.348
        128  1.06666666667   55.21318   312.12901       0               -28.257
        129  1.07500000000   55.44961   312.36609       0               -28.278
        130  1.08333333333   55.68621   312.60436       0               -28.392
        131  1.09166666667   55.92297   312.84385       0               -28.542
        132  1.10000000000   56.15988   313.08458       0               -28.617
        133  1.10833333333   56.39695   313.32660       0               -28.585
        134  1.11666666667   56.63418   313.56993       0               -28.712
        135  1.12500000000   56.87157   313.81462       0               -28.737
        136  1.13333333333   57.10911   314.06068       0               -28.700
        137  1.14166666667   57.34681   314.30817       0               -28.660
        138  1.15000000000   57.58467   314.55713       0               -28.702
        139  1.15833333333   57.82268   314.80758       0               -28.479
        140  1.16666666667   58.06084   315.05957       0               -28.509
        141  1.17500000000   58.29916   315.31315       0               -28.688
        142  1.18333333333   58.53763   315.56835       0               -28.826
        143  1.19166666667   58.77625   315.82522       0               -28.773
        144  1.20000000000   59.01502   316.08381       0               -28.799
        145  1.20833333333   59.25395   316.34416       0               -28.852
        146  1.21666666667   59.49301   316.60633       0               -28.906
        147  1.22500000000   59.73223   316.87037       0               -28.699
        148  1.23333333333   59.97159   317.13632       0               -28.798
        149  1.24166666667   60.21109   317.40424       0               -28.707
        150  1.25000000000   60.44274   317.66516       0               -28.665
        151  1.25833333333   60.69051   317.94623       0               -28.810
        152  1.26666666667   60.93043   318.22041       0               -28.807
        153  1.27500000000   61.17048   318.49680       0               -28.743
        154  1.28333333333   61.41067   318.77546       0               -28.665
        155  1.29166666667   61.65098   319.05647       0               -28.654
        156  1.30000000000   61.89142   319.33988       0               -28.640
        157  1.30833333333   62.13199   319.62577       0               -28.582
        158  1.31666666667   62.37268   319.91422       0               -28.813
        159  1.32500000000   62.61348   320.20530       0               -28.871
        160  1.33333333333   62.85440   320.49908       0               -28.973
        161  1.34166666667   63.09543   320.79566       0               -29.070
        162  1.35000000000   63.33656   321.09512       0               -29.187
        163  1.35833333333   63.57780   321.39755       0               -29.175
        164  1.36666666667   63.81913   321.70303       0               -29.380
        165  1.37500000000   64.06055   322.01167       0               -29.460
        166  1.38333333333   64.30207   322.32356       0               -29.609
        167  1.39166666667   64.54366   322.63881       0               -29.753
        168  1.40000000000   64.78533   322.95753       0               -29.744
        169  1.40833333333   65.02707   323.27981       0               -29.712
        170  1.41666666667   65.26888   323.60579       0               -29.756
        171  1.42500000000   65.51074   323.93558       0               -29.570
        172  1.43333333333   65.75265   324.26930       0               -29.547
        173  1.44166666667   65.99460   324.60709       0               -29.640
        174  1.45000000000   66.23658   324.94908       0               -29.702
        175  1.45833333333   66.47859   325.29541       0               -29.771
        176  1.46666666667   66.72062   325.64623       0               -29.886
        177  1.47500000000   66.96265   326.00168       0               -29.914
        178  1.48333333333   67.20468   326.36194       0               -29.924
        179  1.49166666667   67.44669   326.72716       0               -30.034
        180  1.50000000000   67.68062   327.08509       0               -30.119
        181  1.50833333333   67.90688   327.43979       0               -30.056
        182  1.51666666667   68.14889   327.81857       0               -30.063
        183  1.52500000000   68.39069   328.20277       0               -30.114
        184  1.53333333333   68.63226   328.59258       0               -30.242
        185  1.54166666667   68.87359   328.98818       0               -30.447
        186  1.55000000000   69.11466   329.38979       0               -30.352
        187  1.55833333333   69.35547   329.79761       0               -30.265
        188  1.56666666667   69.59600   330.21187       0               -30.248
        189  1.57500000000   69.83622   330.63280       0               -30.008
        190  1.58333333333   70.07613   331.06063       0               -30.209
        191  1.59166666667   70.31571   331.49563       0               -30.135
        192  1.60000000000   70.55494   331.93806       0               -30.336
        193  1.60833333333   70.79379   332.38819       0               -30.157
        194  1.61666666667   71.03226   332.84631       0               -30.010
        195  1.62500000000   71.27030   333.31273       0               -30.442
        196  1.63333333333   71.50792   333.78775       0               -30.562
        197  1.64166666667   71.74506   334.27171       0               -30.525
        198  1.65000000000   71.98173   334.76496       0               -30.490
        199  1.65833333333   72.21787   335.26786       0               -30.623
        200  1.66666666667   72.45347   335.78079       0               -30.477
        201  1.67500000000   72.68850   336.30414       0               -30.368
        202  1.68333333333   72.92292   336.83833       0               -30.173
        203  1.69166666667   73.15670   337.38380       0               -30.172
        204  1.70000000000   73.38980   337.94101       0               -30.048
        205  1.70833333333   73.62219   338.51042       0               -30.316
        206  1.71666666667   73.85382   339.09256       0               -30.356
        207  1.72500000000   74.08465   339.68793       0               -30.211
        208  1.73333333333   74.31463   340.29709       0               -30.095
        209  1.74166666667   74.54372   340.92063       0               -30.274
        210  1.75000000000   74.76428   341.53760       0               -30.343
        211  1.75833333333   74.99902   342.21325       0               -30.828
        212  1.76666666667   75.22511   342.88364       0               -31.170
        213  1.77500000000   75.45008   343.57100       0               -31.367
        214  1.78333333333   75.67387   344.27605       0               -31.161
        215  1.79166666667   75.89641   344.99957       0               -31.133
        216  1.80000000000   76.11762   345.74233       0               -31.147
        217  1.80833333333   76.33743   346.50519       0               -31.450
        218  1.81666666667   76.55576   347.28900       0               -31.455
        219  1.82500000000   76.77251   348.09467       0               -31.285
        220  1.83333333333   76.98760   348.92316       0               -31.180
        221  1.84166666667   77.20092   349.77544       0               -30.746
        222  1.85000000000   77.41237   350.65255       0               -30.736
        223  1.85833333333   77.62184   351.55553       0               -30.267
        224  1.86666666667   77.82921   352.48550       0               -29.955
        225  1.87500000000   78.03436   353.44359       0               -30.341
        226  1.88333333333   78.23714   354.43097       0               -30.642
        227  1.89166666667   78.43743   355.44886       0               -30.419
        228  1.90000000000   78.63506   356.49849       0               -30.814
        229  1.90833333333   78.82988   357.58111       0               -31.084
        230  1.91666666667   79.02172   358.69802       0               -31.399
        231  1.92500000000   79.21041   359.85051       0               -31.729
        232  1.93333333333   79.39574     1.03988       0               -31.509
        233  1.94166666667   79.57754     2.26743       0               -31.326
        234  1.95000000000   79.75557     3.53443       0               -31.134
        235  1.95833333333   79.92964     4.84214       0               -31.412
        236  1.96666666667   80.09949     6.19176       0               -31.956
        237  1.97500000000   80.26490     7.58442       0               -31.860
        238  1.98333333333   80.42560     9.02119       0               -32.351
        239  1.99166666667   80.58134    10.50301       0               -32.407
        240  2.00000000000   80.72690    11.97903       0               -31.993
        241  2.00833333333   80.84981    13.45211       0               -31.429
        242  2.01666666667   80.98986    15.06319       0               -31.737
        243  2.02500000000   81.12371    16.72063       0               -31.367
        244  2.03333333333   81.25108    18.42436       0               -31.144
        245  2.04166666667   81.37166    20.17399       0               -31.539
        246  2.05000000000   81.48516    21.96886       0               -31.492
        247  2.05833333333   81.59128    23.80794       0               -31.334
        248  2.06666666667   81.68973    25.68982       0               -31.677
        249  2.07500000000   81.78022    27.61271       0               -31.846
        250  2.08333333333   81.86247    29.57441       0               -30.968
        251  2.09166666667   81.93623    31.57231       0               -31.083
        252  2.10000000000   82.00124    33.60338       0               -31.603
        253  2.10833333333   82.05729    35.66419       0               -31.746
        254  2.11666666667   82.10416    37.75093       0               -31.926
        255  2.12500000000   82.14167    39.85945       0               -31.660
        256  2.13333333333   82.16970    41.98529       0               -32.122
        257  2.14166666667   82.18811    44.12374       0               -32.370
        258  2.15000000000   82.19683    46.26993       0               -32.638
        259  2.15833333333   82.19581    48.41884       0               -32.711
        260  2.16666666667   82.18505    50.56543       0               -32.961
        261  2.17500000000   82.16457    52.70470       0               -33.039
        262  2.18333333333   82.13444    54.83172       0               -33.098
        263  2.19166666667   82.09474    56.94179       0               -33.124
        264  2.20000000000   82.04562    59.03041       0               -33.157
        265  2.20833333333   81.98724    61.09339       0               -33.055
        266  2.21666666667   81.91977    63.12688       0               -32.941
        267  2.22500000000   81.84344    65.12742       0               -33.367
        268  2.23333333333   81.75847    67.09193       0               -33.272
        269  2.24166666667   81.66512    69.01775       0               -32.280
        270  2.25000000000   81.56366    70.90263       0               -32.646
        271  2.25833333333   81.45436    72.74475       0               -32.819
        272  2.26666666667   81.33750    74.54265       0               -32.741
        273  2.27500000000   81.21338    76.29527       0               -32.807
        274  2.28333333333   81.08228    78.00189       0               -33.025
        275  2.29166666667   80.94450    79.66211       0               -32.819
        276  2.30000000000   80.80033    81.27582       0               -32.129
        277  2.30833333333   80.65005    82.84318       0               -31.777
        278  2.31666666667   80.49393    84.36455       0               -32.296
        279  2.32500000000   80.33226    85.84050       0               -32.308
        280  2.33333333333   80.16530    87.27177       0               -32.637
        281  2.34166666667   79.99329    88.65924       0               -32.762
        282  2.35000000000   79.81649    90.00388       0               -32.682
        283  2.35833333333   79.63512    91.30678       0               -33.319
        284  2.36666666667   79.44943    92.56909       0               -33.404
        285  2.37500000000   79.25961    93.79199       0               -33.213
        286  2.38333333333   79.06588    94.97672       0               -33.531
        287  2.39166666667   78.86843    96.12453       0               -33.837
        288  2.40000000000   78.66746    97.23669       0               -34.005
        289  2.40833333333   78.46312    98.31445       0               -34.011
        290  2.41666666667   78.25560    99.35908       0               -33.982
        291  2.42500000000   78.04504   100.37179       0               -33.894
        292  2.43333333333   77.83161   101.35381       0               -33.674
        293  2.44166666667   77.61543   102.30631       0               -33.640
        294  2.45000000000   77.39665   103.23047       0               -33.636
        295  2.45833333333   77.17539   104.12739       0               -33.826
        296  2.46666666667   76.95178   104.99816       0               -33.917
        297  2.47500000000   76.72591   105.84384       0               -33.796
        298  2.48333333333   76.49791   106.66544       0               -33.790
        299  2.49166666667   76.26787   107.46394       0               -33.624
        300  2.50000000000   76.03588   108.24028       0               -33.620
        301  2.50833333333   75.80136   108.87590       0               -33.434
        302  2.51666666667   75.56650   109.61285       0               -33.392
        303  2.52500000000   75.32993   110.32946       0               -33.216
        304  2.53333333333   75.09174   111.02656       0               -33.212
        305  2.54166666667   74.85200   111.70494       0               -33.478
        306  2.55000000000   74.61079   112.36538       0               -33.487
        307  2.55833333333   74.36816   113.00860       0               -33.531
        308  2.56666666667   74.12420   113.63528       0               -33.954
        309  2.57500000000   73.87895   114.24611       0               -33.660
        310  2.58333333333   73.63248   114.84172       0               -33.702
        311  2.59166666667   73.38485   115.42270       0               -33.604
        312  2.60000000000   73.13609   115.98965       0               -33.476
        313  2.60833333333   72.88627   116.54310       0               -33.400
        314  2.61666666667   72.63543   117.08361       0               -33.063
        315  2.62500000000   72.38361   117.61165       0               -33.362
        316  2.63333333333   72.13086   118.12772       0               -33.814
        317  2.64166666667   71.87721   118.63228       0               -33.580
        318  2.65000000000   71.62270   119.12577       0               -33.453
        319  2.65833333333   71.36738   119.60859       0               -33.497
        320  2.66666666667   71.11127   120.08116       0               -33.155
        321  2.67500000000   70.85440   120.54385       0               -32.943
        322  2.68333333333   70.59681   120.99703       0               -32.641
        323  2.69166666667   70.33853   121.44105       0               -33.105
        324  2.70000000000   70.07959   121.87623       0               -33.097
        325  2.70833333333   69.82000   122.30291       0               -33.056
        326  2.71666666667   69.55981   122.72138       0               -32.969
        327  2.72500000000   69.29902   123.13193       0               -33.086
        328  2.73333333333   69.03768   123.53484       0               -33.111
        329  2.74166666667   68.77579   123.93039       0               -33.063
        330  2.75000000000   68.51338   124.31881       0               -32.919
        331  2.75833333333   68.25047   124.70036       0               -32.825
        332  2.76666666667   67.98708   125.07527       0               -32.918
        333  2.77500000000   67.72323   125.44377       0               -33.118
        334  2.78333333333   67.45894   125.80607       0               -33.043
        335  2.79166666667   67.19423   126.16237       0               -32.819
        336  2.80000000000   66.92911   126.51287       0               -32.857
        337  2.80833333333   66.66359   126.85776       0               -32.893
        338  2.81666666667   66.39770   127.19723       0               -33.050
        339  2.82500000000   66.13145   127.53144       0               -33.052
        340  2.83333333333   65.86486   127.86056       0               -33.039
        341  2.84166666667   65.59793   128.18475       0               -32.855
        342  2.85000000000   65.33069   128.50417       0               -32.913
        343  2.85833333333   65.06314   128.81897       0               -32.598
        344  2.86666666667   64.79529   129.12928       0               -32.858
        345  2.87500000000   64.52717   129.43525       0               -32.788
        346  2.88333333333   64.25878   129.73700       0               -32.616
        347  2.89166666667   63.99014   130.03466       0               -32.656
        348  2.90000000000   63.72125   130.32836       0               -32.884
        349  2.90833333333   63.45212   130.61820       0               -32.886
        350  2.91666666667   63.18277   130.90431       0               -32.877
        351  2.92500000000   62.91321   131.18678       0               -32.886
        352  2.93333333333   62.64345   131.46573       0               -32.733
        353  2.94166666667   62.37349   131.74126       0               -32.661
        354  2.95000000000   62.10336   132.01346       0               -32.462
        355  2.95833333333   61.83304   132.28243       0               -32.484
        356  2.96666666667   61.56257   132.54825       0               -32.233
        357  2.97500000000   61.29193   132.81102       0               -32.169
        358  2.98333333333   61.02115   133.07081       0               -31.983
        359  2.99166666667   60.75024   133.32771       0               -31.760
        360  3.00000000000   60.47919   133.58180       0               -31.563
        361  3.00833333333   60.20154   133.76054       0               -31.610
        362  3.01666666667   59.93056   134.00986       0               -31.817
        363  3.02500000000   59.65941   134.25610       0               -31.979
        364  3.03333333333   59.38813   134.49934       0               -31.985
        365  3.04166666667   59.11670   134.73967       0               -31.923
        366  3.05000000000   58.84514   134.97716       0               -32.005
        367  3.05833333333   58.57345   135.21188       0               -32.055
        368  3.06666666667   58.30165   135.44390       0               -31.338
        369  3.07500000000   58.02973   135.67330       0               -30.492
        370  3.08333333333   57.75772   135.90014       0               -30.804
        371  3.09166666667   57.48561   136.12449       0               -31.552
        372  3.10000000000   57.21341   136.34640       0               -31.585
        373  3.10833333333   56.94113   136.56594       0               -31.533
        374  3.11666666667   56.66878   136.78317       0               -31.416
        375  3.12500000000   56.39635   136.99814       0               -31.689
        376  3.13333333333   56.12387   137.21091       0               -32.128
        377  3.14166666667   55.85133   137.42153       0               -32.170
        378  3.15000000000   55.57874   137.63005       0               -32.375
        379  3.15833333333   55.30610   137.83654       0               -32.375
        380  3.16666666667   55.03343   138.04102       0               -32.536
        381  3.17500000000   54.76073   138.24355       0               -32.473
        382  3.18333333333   54.48800   138.44418       0               -32.425
        383  3.19166666667   54.21524   138.64295       0               -32.352
        384  3.20000000000   53.94248   138.83991       0               -32.320
        385  3.20833333333   53.66970   139.03509       0               -32.372
        386  3.21666666667   53.39692   139.22854       0               -32.356
        387  3.22500000000   53.12414   139.42030       0               -32.362
        388  3.23333333333   52.85137   139.61040       0               -32.435
        389  3.24166666667   52.57861   139.79889       0               -32.385
        390  3.25000000000   52.30586   139.98579       0               -32.220
        391  3.25833333333   52.03314   140.17115       0               -32.108
        392  3.26666666667   51.76044   140.35500       0               -32.001
        393  3.27500000000   51.48777   140.53737       0               -31.889
        394  3.28333333333   51.21514   140.71830       0               -31.806
        395  3.29166666667   50.94255   140.89781       0               -31.702
        396  3.30000000000   50.67001   141.07594       0               -31.795
        397  3.30833333333   50.39752   141.25272       0               -31.714
        398  3.31666666667   50.12508   141.42818       0               -31.585
        399  3.32500000000   49.85270   141.60234       0               -31.541
        400  3.33333333333   49.58038   141.77524       0               -31.535
        401  3.34166666667   49.30813   141.94689       0               -31.553
        402  3.35000000000   49.03596   142.11734       0               -31.551
        403  3.35833333333   48.76386   142.28659       0               -31.769
        404  3.36666666667   48.49185   142.45468       0               -31.854
        405  3.37500000000   48.21992   142.62164       0               -31.898
        406  3.38333333333   47.94808   142.78748       0               -31.878
        407  3.39166666667   47.67634   142.95223       0               -31.957
        408  3.40000000000   47.40469   143.11591       0               -32.054
        409  3.40833333333   47.13315   143.27854       0               -31.912
        410  3.41666666667   46.86171   143.44015       0               -31.706
        411  3.42500000000   46.59039   143.60075       0               -31.810
        412  3.43333333333   46.31918   143.76037       0               -31.701
        413  3.44166666667   46.04809   143.91902       0               -31.830
        414  3.45000000000   45.77713   144.07673       0               -32.088
        415  3.45833333333   45.50629   144.23352       0               -32.335
        416  3.46666666667   45.23559   144.38940       0               -32.486
        417  3.47500000000   44.96502   144.54439       0               -32.457
        418  3.48333333333   44.69459   144.69850       0               -32.432
        419  3.49166666667   44.42430   144.85177       0               -32.450
        420  3.50000000000   44.15416   145.00420       0               -32.546
        421  3.50833333333   43.87111   145.09729       0               -32.454
        422  3.51666666667   43.60132   145.24814       0               -32.447
        423  3.52500000000   43.33161   145.39781       0               -32.459
        424  3.53333333333   43.06196   145.54633       0               -32.470
        425  3.54166666667   42.79238   145.69372       0               -32.566
        426  3.55000000000   42.52289   145.84000       0               -32.566
        427  3.55833333333   42.25348   145.98519       0               -32.587
        428  3.56666666667   41.98415   146.12931       0               -32.488
        429  3.57500000000   41.71492   146.27238       0               -32.430
        430  3.58333333333   41.44578   146.41442       0               -32.366
        431  3.59166666667   41.17674   146.55545       0               -32.342
        432  3.60000000000   40.90780   146.69548       0               -32.272
        433  3.60833333333   40.63897   146.83453       0               -32.129
        434  3.61666666667   40.37025   146.97262       0               -32.023
        435  3.62500000000   40.10164   147.10977       0               -31.946
        436  3.63333333333   39.83315   147.24600       0               -31.849
        437  3.64166666667   39.56478   147.38131       0               -31.833
        438  3.65000000000   39.29654   147.51573       0               -31.773
        439  3.65833333333   39.02842   147.64928       0               -31.713
        440  3.66666666667   38.76044   147.78196       0               -31.717
        441  3.67500000000   38.49259   147.91379       0               -31.630
        442  3.68333333333   38.22488   148.04479       0               -31.561
        443  3.69166666667   37.95731   148.17498       0               -31.443
        444  3.70000000000   37.68989   148.30436       0               -31.336
        445  3.70833333333   37.42261   148.43294       0               -31.292
        446  3.71666666667   37.15549   148.56076       0               -31.219
        447  3.72500000000   36.88852   148.68781       0               -31.109
        448  3.73333333333   36.62172   148.81411       0               -31.010
        449  3.74166666667   36.35507   148.93967       0               -30.823
        450  3.75000000000   36.08859   149.06451       0               -30.709
        451  3.75833333333   35.82227   149.18863       0               -30.737
        452  3.76666666667   35.55613   149.31206       0               -30.688
        453  3.77500000000   35.29016   149.43480       0               -30.699
        454  3.78333333333   35.02437   149.55686       0               -30.629
        455  3.79166666667   34.75876   149.67825       0               -30.564
        456  3.80000000000   34.49334   149.79900       0               -30.532
        457  3.80833333333   34.22810   149.91910       0               -30.362
        458  3.81666666667   33.96304   150.03857       0               -30.249
        459  3.82500000000   33.69818   150.15742       0               -30.244
        460  3.83333333333   33.43352   150.27565       0               -30.247
        461  3.84166666667   33.16905   150.39329       0               -30.074
        462  3.85000000000   32.90479   150.51034       0               -30.011
        463  3.85833333333   32.64072   150.62681       0               -29.968
        464  3.86666666667   32.37687   150.74270       0               -29.945
        465  3.87500000000   32.11322   150.85804       0               -29.998
        466  3.88333333333   31.84978   150.97282       0               -30.049
        467  3.89166666667   31.58656   151.08707       0               -30.135
        468  3.90000000000   31.32355   151.20078       0               -30.192
        469  3.90833333333   31.06077   151.31396       0               -30.091
        470  3.91666666667   30.79820   151.42663       0               -30.086
        471  3.92500000000   30.53586   151.53880       0               -30.055
        472  3.93333333333   30.27375   151.65046       0               -30.015
        473  3.94166666667   30.01186   151.76164       0               -29.824
        474  3.95000000000   29.75021   151.87233       0               -29.816
        475  3.95833333333   29.48879   151.98255       0               -29.789
        476  3.96666666667   29.22761   152.09231       0               -29.773
        477  3.97500000000   28.96667   152.20160       0               -29.764
        478  3.98333333333   28.70597   152.31045       0               -29.770
        479  3.99166666667   28.44552   152.41886       0               -29.777
        480  4.00000000000   28.18531   152.52683       0               -29.650
        481  4.00833333333   27.91198   152.58411       0               -29.669
        482  4.01666666667   27.65214   152.69098       0               -29.626
        483  4.02500000000   27.39247   152.79709       0               -29.599
        484  4.03333333333   27.13296   152.90248       0               -29.670
        485  4.04166666667   26.87362   153.00714       0               -29.716
        486  4.05000000000   26.61445   153.11108       0               -29.615
        487  4.05833333333   26.35545   153.21433       0               -29.565
        488  4.06666666667   26.09663   153.31687       0               -29.399
        489  4.07500000000   25.83798   153.41874       0               -29.310
        490  4.08333333333   25.57952   153.51992       0               -29.376
        491  4.09166666667   25.32124   153.62044       0               -29.456
        492  4.10000000000   25.06315   153.72030       0               -29.400
        493  4.10833333333   24.80524   153.81951       0               -29.340
        494  4.11666666667   24.54753   153.91809       0               -29.251
        495  4.12500000000   24.29001   154.01603       0               -29.176
        496  4.13333333333   24.03269   154.11334       0               -29.061
        497  4.14166666667   23.77557   154.21004       0               -28.927
        498  4.15000000000   23.51865   154.30614       0               -28.811
        499  4.15833333333   23.26194   154.40163       0               -28.719
        500  4.16666666667   23.00543   154.49653       0               -28.685
        501  4.17500000000   22.74913   154.59085       0               -28.706
        502  4.18333333333   22.49304   154.68460       0               -28.727
        503  4.19166666667   22.23716   154.77778       0               -28.759
        504  4.20000000000   21.98150   154.87039       0               -28.675
        505  4.20833333333   21.72605   154.96245       0               -28.557
        506  4.21666666667   21.47083   155.05397       0               -28.538
        507  4.22500000000   21.21583   155.14495       0               -28.524
        508  4.23333333333   20.96104   155.23539       0               -28.483
        509  4.24166666667   20.70649   155.32531       0               -28.457
        510  4.25000000000   20.45216   155.41471       0               -28.387
        511  4.25833333333   20.19806   155.50360       0               -28.437
        512  4.26666666667   19.94419   155.59199       0               -28.514
        513  4.27500000000   19.69056   155.67987       0               -28.541
        514  4.28333333333   19.43716   155.76727       0               -28.543
        515  4.29166666667   19.18399   155.85418       0               -28.559
        516  4.30000000000   18.93106   155.94061       0               -28.521
        517  4.30833333333   18.67837   156.02657       0               -28.432
        518  4.31666666667   18.42593   156.11206       0               -28.425
        519  4.32500000000   18.17372   156.19708       0               -28.511
        520  4.33333333333   17.92176   156.28166       0               -28.542
        521  4.34166666667   17.67004   156.36578       0               -28.670
        522  4.35000000000   17.41858   156.44946       0               -28.803
        523  4.35833333333   17.16735   156.53271       0               -28.939
        524  4.36666666667   16.91638   156.61552       0               -28.987
        525  4.37500000000   16.66566   156.69790       0               -28.945
        526  4.38333333333   16.41520   156.77986       0               -28.870
        527  4.39166666667   16.16498   156.86141       0               -28.805
        528  4.40000000000   15.91502   156.94255       0               -28.768
        529  4.40833333333   15.66532   157.02328       0               -28.726
        530  4.41666666667   15.41588   157.10361       0               -28.698
        531  4.42500000000   15.16669   157.18355       0               -28.552
        532  4.43333333333   14.91776   157.26309       0               -28.510
        533  4.44166666667   14.66909   157.34225       0               -28.434
        534  4.45000000000   14.42069   157.42104       0               -28.463
        535  4.45833333333   14.17254   157.49944       0               -28.381
        536  4.46666666667   13.92466   157.57748       0               -28.309
        537  4.47500000000   13.67705   157.65515       0               -28.158
        538  4.48333333333   13.42969   157.73246       0               -27.883
        539  4.49166666667   13.18261   157.80941       0               -27.679
        540  4.50000000000   12.93579   157.88601       0               -27.637
        541  4.50833333333   12.68197   157.91919       0               -27.485
        542  4.51666666667   12.43550   157.99465       0               -27.361
        543  4.52500000000   12.18925   158.06949       0               -27.312
        544  4.53333333333   11.94322   158.14371       0               -27.197
        545  4.54166666667   11.69741   158.21733       0               -27.120
        546  4.55000000000   11.45183   158.29033       0               -27.177
        547  4.55833333333   11.20648   158.36274       0               -27.255
        548  4.56666666667   10.96136   158.43456       0               -27.386
        549  4.57500000000   10.71647   158.50578       0               -27.498
        550  4.58333333333   10.47181   158.57643       0               -27.615
        551  4.59166666667   10.22739   158.64649       0               -27.633
        552  4.60000000000    9.98320   158.71598       0               -27.619
        553  4.60833333333    9.73925   158.78491       0               -27.699
        554  4.61666666667    9.49553   158.85327       0               -27.731
        555  4.62500000000    9.25206   158.92108       0               -27.451
        556  4.63333333333    9.00882   158.98833       0               -27.259
        557  4.64166666667    8.76583   159.05503       0               -27.116
        558  4.65000000000    8.52308   159.12119       0               -26.941
        559  4.65833333333    8.28057   159.18681       0               -26.845
        560  4.66666666667    8.03831   159.25190       0               -26.763
        561  4.67500000000    7.79629   159.31646       0               -26.730
        562  4.68333333333    7.55452   159.38049       0               -26.847
        563  4.69166666667    7.31300   159.44401       0               -26.774
        564  4.70000000000    7.07172   159.50701       0               -26.623
        565  4.70833333333    6.83070   159.56949       0               -26.441
        566  4.71666666667    6.58992   159.63147       0               -26.121
        567  4.72500000000    6.34940   159.69294       0               -25.719
        568  4.73333333333    6.10913   159.75392       0               -25.497
        569  4.74166666667    5.86911   159.81440       0               -25.243
        570  4.75000000000    5.62934   159.87439       0               -24.926
        571  4.75833333333    5.38983   159.93389       0               -24.456
        572  4.76666666667    5.15057   159.99291       0               -24.102
        573  4.77500000000    4.91157   160.05145       0               -23.788
       1369 11.40833333333    5.24782    42.38026       0                 1.637
       1370 11.41666666667    5.39108    42.19214       0                 1.700
       1371 11.42500000000    5.53362    42.00334       0                 1.273
       1372 11.43333333333    5.67543    41.81384       0                 1.354
       1373 11.44166666667    5.81649    41.62364       0                 0.614
       1374 11.45000000000    5.95681    41.43275       0                 0.441
       1375 11.45833333333    6.09638    41.24117       0                 0.319
       1376 11.46666666667    6.23520    41.04889       0                 0.040
       1377 11.47500000000    6.37326    40.85590       0                 0.269
       1378 11.48333333333    6.51055    40.66222       0                 0.220
       1379 11.49166666667    6.64707    40.46784       0                 0.621
       1380 11.50000000000    6.78281    40.27276       0                 1.047
       1381 11.50833333333    6.89843    40.07646       0                 1.019
       1382 11.51666666667    7.03210    39.87968       0                 0.270
       1383 11.52500000000    7.16485    39.68219       0                 0.042
       1384 11.53333333333    7.29667    39.48400       0                 0.069
       1385 11.54166666667    7.42755    39.28512       0                 0.554
       1386 11.55000000000    7.55749    39.08553       0                 1.337
       1387 11.55833333333    7.68648    38.88525       0                 1.271
       1388 11.56666666667    7.81452    38.68427       0                 0.692
       1389 11.57500000000    7.94159    38.48260       0                 1.710
       1390 11.58333333333    8.06770    38.28023       0                 2.302
       1391 11.59166666667    8.19283    38.07717       0                 2.193
       1392 11.60000000000    8.31698    37.87342       0                 1.797
       1393 11.60833333333    8.44014    37.66898       0                 1.973
       1394 11.61666666667    8.56230    37.46386       0                 1.462
       1395 11.62500000000    8.68346    37.25805       0                 2.361
       1396 11.63333333333    8.80362    37.05155       0                 3.858
       1397 11.64166666667    8.92276    36.84438       0                 4.264
       1398 11.65000000000    9.04088    36.63652       0                 5.988
       1399 11.65833333333    9.15798    36.42798       0                 7.232
       1400 11.66666666667    9.27404    36.21877       0                 8.835
       1401 11.67500000000    9.38906    36.00889       0                 8.304
       1402 11.68333333333    9.50304    35.79833       0                 5.110
       1403 11.69166666667    9.61596    35.58711       0                 5.665
       1404 11.70000000000    9.72783    35.37522       0                 5.176
       1405 11.70833333333    9.83863    35.16266       0                 4.961
       1406 11.71666666667    9.94836    34.94944       0                 5.328
       1407 11.72500000000   10.05701    34.73556       0                 4.950
       1408 11.73333333333   10.16458    34.52103       0                 4.041
       1409 11.74166666667   10.27107    34.30584       0                 3.584
       1410 11.75000000000   10.37645    34.09000       0                 2.843
       1411 11.75833333333   10.48074    33.87351       0                 3.869
       1412 11.76666666667   10.58392    33.65637       0                 3.995
       1413 11.77500000000   10.68599    33.43860       0                 3.605
       1414 11.78333333333   10.78694    33.22018       0                 3.713
       1415 11.79166666667   10.88676    33.00113       0                 3.935
       1416 11.80000000000   10.98545    32.78144       0                 2.301
       1417 11.80833333333   11.08301    32.56113       0                 1.915
       1418 11.81666666667   11.17943    32.34019       0                 2.894
       1419 11.82500000000   11.27470    32.11862       0                 3.311
       1420 11.83333333333   11.36881    31.89644       0                 3.323
       1421 11.84166666667   11.46177    31.67364       0                 4.055
       1422 11.85000000000   11.55356    31.45023       0                 4.023
       1423 11.85833333333   11.64418    31.22621       0                 3.849
       1424 11.86666666667   11.73363    31.00159       0                 2.913
       1425 11.87500000000   11.82190    30.77637       0                 1.813
       1426 11.88333333333   11.90898    30.55056       0                 1.537
       1427 11.89166666667   11.99487    30.32415       0                 1.250
       1428 11.90000000000   12.07956    30.09715       0                 1.410
       1429 11.90833333333   12.16305    29.86957       0                 1.449
       1430 11.91666666667   12.24533    29.64141       0                 1.481
       1431 11.92500000000   12.32640    29.41268       0                 1.558
       1432 11.93333333333   12.40626    29.18338       0                 1.349
       1433 11.94166666667   12.48489    28.95352       0                 1.145
       1434 11.95000000000   12.56229    28.72309       0                 1.701
       1435 11.95833333333   12.63846    28.49211       0                 0.778
       1436 11.96666666667   12.71339    28.26058       0                 1.047
       1437 11.97500000000   12.78708    28.02850       0                 0.902
       1438 11.98333333333   12.85953    27.79588       0                 0.531
       1439 11.99166666667   12.93072    27.56273       0                 0.433
       1440 12.00000000000   13.00065    27.32904       0                 0.395
       1441 12.00833333333   13.05649    27.11036       0                 0.320
       1442 12.01666666667   13.12341    26.87562       0                 0.689
       1443 12.02500000000   13.18896    26.64048       0                 0.338
       1444 12.03333333333   13.25317    26.40495       0                 0.132
       1445 12.04166666667   13.31600    26.16903       0                 0.026
       1446 12.05000000000   13.37747    25.93272       0                -0.172
       1447 12.05833333333   13.43757    25.69605       0                 0.249
       1448 12.06666666667   13.49629    25.45901       0                 0.180
       1449 12.07500000000   13.55363    25.22161       0                -0.482
       1450 12.08333333333   13.60958    24.98386       0                -0.788
       1451 12.09166666667   13.66415    24.74577       0                -1.108
       1452 12.10000000000   13.71732    24.50735       0                -1.463
       1453 12.10833333333   13.76909    24.26860       0                -2.078
       1454 12.11666666667   13.81947    24.02953       0                -2.188
       1455 12.12500000000   13.86844    23.79015       0                -1.849
       1456 12.13333333333   13.91601    23.55047       0                -1.531
       1457 12.14166666667   13.96216    23.31050       0                -1.370
       1458 12.15000000000   14.00690    23.07024       0                -1.405
       1459 12.15833333333   14.05023    22.82970       0                -1.467
       1460 12.16666666667   14.09213    22.58890       0                -1.395
       1461 12.17500000000   14.13261    22.34783       0                -1.262
       1462 12.18333333333   14.17166    22.10652       0                -1.307
       1463 12.19166666667   14.20928    21.86496       0                -1.123
       1464 12.20000000000   14.24548    21.62317       0                -1.143
       1465 12.20833333333   14.28023    21.38115       0                -1.505
       1466 12.21666666667   14.31355    21.13892       0                -1.770
       1467 12.22500000000   14.34543    20.89647       0                -1.923
       1468 12.23333333333   14.37587    20.65383       0                -1.904
       1469 12.24166666667   14.40486    20.41100       0                -1.943
       1470 12.25000000000   14.43241    20.16798       0                -1.733
       1471 12.25833333333   14.45851    19.92479       0                -1.696
       1472 12.26666666667   14.48316    19.68144       0                -1.620
       1473 12.27500000000   14.50635    19.43793       0                -1.700
       1474 12.28333333333   14.52809    19.19428       0                -1.730
       1475 12.29166666667   14.54838    18.95049       0                -1.716
       1476 12.30000000000   14.56721    18.70657       0                -1.545
       1477 12.30833333333   14.58458    18.46253       0                -1.162
       1478 12.31666666667   14.60048    18.21838       0                -0.991
       1479 12.32500000000   14.61493    17.97413       0                -0.552
       1480 12.33333333333   14.62792    17.72979       0                -1.506
       1481 12.34166666667   14.63944    17.48537       0                -1.821
       1482 12.35000000000   14.64949    17.24087       0                -1.642
       1483 12.35833333333   14.65809    16.99630       0                -1.174
       1484 12.36666666667   14.66521    16.75169       0                -1.012
       1485 12.37500000000   14.67087    16.50702       0                -0.809
       1486 12.38333333333   14.67506    16.26232       0                -0.833
       1487 12.39166666667   14.67778    16.01759       0                -0.908
       1488 12.40000000000   14.67903    15.77284       0                -1.016
       1489 12.40833333333   14.67882    15.52808       0                -0.903
       1490 12.41666666667   14.67714    15.28332       0                -0.706
       1491 12.42500000000   14.67398    15.03857       0                -1.056
       1492 12.43333333333   14.66936    14.79384       0                -1.258
       1493 12.44166666667   14.66327    14.54914       0                -1.444
       1494 12.45000000000   14.65572    14.30447       0                -1.737
       1495 12.45833333333   14.64669    14.05984       0                -1.823
       1496 12.46666666667   14.63620    13.81528       0                -1.362
       1497 12.47500000000   14.62424    13.57077       0                -1.311
       1498 12.48333333333   14.61081    13.32634       0                -0.770
       1499 12.49166666667   14.59592    13.08199       0                -0.347
       1500 12.50000000000   14.57956    12.83772       0                -0.371
       1501 12.50833333333   14.56128    12.61680       0                -0.483
       1502 12.51666666667   14.54162    12.37300       0                -0.621
       1503 12.52500000000   14.52050    12.12947       0                -0.738
       1504 12.53333333333   14.49792    11.88623       0                -0.587
       1505 12.54166666667   14.47389    11.64329       0                -0.811
       1506 12.55000000000   14.44840    11.40064       0                -1.040
       1507 12.55833333333   14.42146    11.15831       0                -1.201
       1508 12.56666666667   14.39307    10.91631       0                -0.959
       1509 12.57500000000   14.36323    10.67463       0                -1.070
       1510 12.58333333333   14.33194    10.43329       0                -1.174
       1511 12.59166666667   14.29921    10.19230       0                -1.255
       1512 12.60000000000   14.26504     9.95166       0                -1.101
       1513 12.60833333333   14.22943     9.71139       0                -1.198
       1514 12.61666666667   14.19238     9.47149       0                -1.379
       1515 12.62500000000   14.15391     9.23198       0                -1.604
       1516 12.63333333333   14.11400     8.99285       0                -1.557
       1517 12.64166666667   14.07267     8.75412       0                -1.417
       1518 12.65000000000   14.02991     8.51580       0                -1.382
       1519 12.65833333333   13.98573     8.27789       0                -1.545
       1520 12.66666666667   13.94014     8.04041       0                -1.648
       1521 12.67500000000   13.89313     7.80335       0                -1.878
       1522 12.68333333333   13.84471     7.56673       0                -2.107
       1523 12.69166666667   13.79489     7.33056       0                -1.813
       1524 12.70000000000   13.74366     7.09484       0                -1.926
       1525 12.70833333333   13.69103     6.85958       0                -2.079
       1526 12.71666666667   13.63701     6.62479       0                -1.826
       1527 12.72500000000   13.58160     6.39048       0                -1.588
       1528 12.73333333333   13.52480     6.15664       0                -1.281
       1529 12.74166666667   13.46661     5.92330       0                -1.282
       1530 12.75000000000   13.40705     5.69046       0                -1.497
       1531 12.75833333333   13.34611     5.45811       0                -1.411
       1532 12.76666666667   13.28380     5.22628       0                -1.370
       1533 12.77500000000   13.22012     4.99497       0                -1.278
       1534 12.78333333333   13.15508     4.76418       0                -1.429
       1535 12.79166666667   13.08868     4.53392       0                -1.577
       1536 12.80000000000   13.02093     4.30420       0                -1.676
       1537 12.80833333333   12.95183     4.07503       0                -1.637
       1538 12.81666666667   12.88138     3.84640       0                -1.642
       1539 12.82500000000   12.80960     3.61833       0                -1.579
       1540 12.83333333333   12.73648     3.39083       0                -1.410
       1541 12.84166666667   12.66203     3.16389       0                -1.557
       1542 12.85000000000   12.58626     2.93752       0                -1.328
       1543 12.85833333333   12.50916     2.71174       0                -1.135
       1544 12.86666666667   12.43076     2.48654       0                -1.041
       1545 12.87500000000   12.35104     2.26194       0                -0.925
       1546 12.88333333333   12.27002     2.03793       0                -0.981
       1547 12.89166666667   12.18770     1.81452       0                -1.031
       1548 12.90000000000   12.10408     1.59173       0                -1.228
       1549 12.90833333333   12.01918     1.36954       0                -1.336
       1550 12.91666666667   11.93300     1.14798       0                -1.319
       1551 12.92500000000   11.84553     0.92703       0                -1.253
       1552 12.93333333333   11.75680     0.70672       0                -1.196
       1553 12.94166666667   11.66680     0.48704       0                -1.144
       1554 12.95000000000   11.57553     0.26800       0                -1.142
       1555 12.95833333333   11.48302     0.04960       0                -0.936
       1556 12.96666666667   11.38925   359.83184       0                -0.928
       1557 12.97500000000   11.29424   359.61474       0                -0.812
       1558 12.98333333333   11.19799   359.39830       0                -0.833
       1559 12.99166666667   11.10052   359.18251       0                -0.677
       1560 13.00000000000   11.00181   358.96739       0                -0.370
       1561 13.00833333333   10.91329   358.77045       0                -0.039
       1562 13.01666666667   10.81193   358.55705       0                -0.103
       1563 13.02500000000   10.70945   358.34444       0                -0.017
       1564 13.03333333333   10.60584   358.13262       0                -0.013
       1565 13.04166666667   10.50112   357.92160       0                -0.217
       1566 13.05000000000   10.39529   357.71138       0                -0.461
       1567 13.05833333333   10.28835   357.50196       0                -0.384
       1568 13.06666666667   10.18031   357.29335       0                -0.355
       1569 13.07500000000   10.07118   357.08554       0                -0.269
       1570 13.08333333333    9.96096   356.87853       0                -0.196
       1571 13.09166666667    9.84966   356.67234       0                -0.170
       1572 13.10000000000    9.73729   356.46695       0                -0.146
       1573 13.10833333333    9.62385   356.26238       0                -0.089
       1574 13.11666666667    9.50934   356.05862       0                 0.019
       1575 13.12500000000    9.39378   355.85568       0                 0.061
       1576 13.13333333333    9.27717   355.65355       0                 0.238
       1577 13.14166666667    9.15951   355.45224       0                 0.303
       1578 13.15000000000    9.04082   355.25175       0                 0.466
       1579 13.15833333333    8.92109   355.05208       0                 0.524
       1580 13.16666666667    8.80033   354.85324       0                 1.179
       1581 13.17500000000    8.67856   354.65521       0                 1.457
       1582 13.18333333333    8.55577   354.45801       0                 1.806
       1583 13.19166666667    8.43197   354.26163       0                 2.027
       1584 13.20000000000    8.30718   354.06608       0                 2.179
       1585 13.20833333333    8.18138   353.87135       0                 2.546
       1586 13.21666666667    8.05460   353.67744       0                 2.438
       1587 13.22500000000    7.92684   353.48437       0                 1.763
       1588 13.23333333333    7.79809   353.29212       0                 1.804
       1589 13.24166666667    7.66838   353.10070       0                 1.984
       1590 13.25000000000    7.53770   352.91010       0                 2.049
       1591 13.25833333333    7.40606   352.72034       0                 1.893
       1592 13.26666666667    7.27348   352.53140       0                 2.039
       1593 13.27500000000    7.13994   352.34329       0                 2.405
       1594 13.28333333333    7.00547   352.15601       0                 2.441
       1595 13.29166666667    6.87006   351.96955       0                 2.397
       1596 13.30000000000    6.73372   351.78393       0                 2.714
       1597 13.30833333333    6.59647   351.59913       0                 3.099
       1598 13.31666666667    6.45830   351.41516       0                 3.402
       1599 13.32500000000    6.31922   351.23201       0                 3.303
       1600 13.33333333333    6.17924   351.04970       0                 3.016
       1601 13.34166666667    6.03836   350.86821       0                 2.810
       1602 13.35000000000    5.89659   350.68754       0                 3.088
       1603 13.35833333333    5.75394   350.50771       0                 3.042
       1604 13.36666666667    5.61041   350.32869       0                 3.365
       1605 13.37500000000    5.46602   350.15050       0                 3.721
       1606 13.38333333333    5.32075   349.97314       0                 4.494
       1607 13.39166666667    5.17463   349.79660       0                 4.367
       1608 13.40000000000    5.02766   349.62088       0                 4.599
       2526 21.05000000000    5.23920   239.09562       0               -36.802
       2527 21.05833333333    5.44135   239.24325       0               -38.383
       2528 21.06666666667    5.64361   239.39119       0               -39.962
       2529 21.07500000000    5.84598   239.53943       0               -41.457
       2530 21.08333333333    6.04846   239.68799       0               -42.942
       2531 21.09166666667    6.25105   239.83686       0               -44.384
       2532 21.10000000000    6.45373   239.98606       0               -45.801
       2533 21.10833333333    6.65652   240.13557       0               -47.162
       2534 21.11666666667    6.85940   240.28542       0               -48.324
       2535 21.12500000000    7.06238   240.43560       0               -49.244
       2536 21.13333333333    7.26546   240.58612       0               -50.115
       2537 21.14166666667    7.46862   240.73698       0               -50.816
       2538 21.15000000000    7.67188   240.88819       0               -51.373
       2539 21.15833333333    7.87522   241.03974       0               -52.011
       2540 21.16666666667    8.07864   241.19165       0               -52.335
       2541 21.17500000000    8.28215   241.34392       0               -52.800
       2542 21.18333333333    8.48574   241.49655       0               -53.398
       2543 21.19166666667    8.68940   241.64955       0               -54.181
       2544 21.20000000000    8.89314   241.80292       0               -54.995
       2545 21.20833333333    9.09695   241.95667       0               -55.736
       2546 21.21666666667    9.30083   242.11080       0               -56.498
       2547 21.22500000000    9.50478   242.26531       0               -57.189
       2548 21.23333333333    9.70879   242.42022       0               -57.883
       2549 21.24166666667    9.91287   242.57552       0               -58.558
       2550 21.25000000000   10.11700   242.73122       0               -59.230
       2551 21.25833333333   10.32119   242.88732       0               -59.891
       2552 21.26666666667   10.52543   243.04383       0               -60.511
       2553 21.27500000000   10.72973   243.20075       0               -61.125
       2554 21.28333333333   10.93407   243.35809       0               -61.776
       2555 21.29166666667   11.13846   243.51585       0               -62.364
       2556 21.30000000000   11.34290   243.67405       0               -62.890
       2557 21.30833333333   11.54737   243.83267       0               -63.403
       2558 21.31666666667   11.75188   243.99173       0               -63.900
       2559 21.32500000000   11.95642   244.15123       0               -64.423
       2560 21.33333333333   12.16100   244.31118       0               -64.836
       2561 21.34166666667   12.36561   244.47158       0               -65.235
       2562 21.35000000000   12.57024   244.63244       0               -65.593
       2563 21.35833333333   12.77489   244.79376       0               -65.986
       2564 21.36666666667   12.97957   244.95555       0               -66.435
       2565 21.37500000000   13.18426   245.11781       0               -66.897
       2566 21.38333333333   13.38896   245.28055       0               -67.330
       2567 21.39166666667   13.59368   245.44377       0               -67.690
       2568 21.40000000000   13.79840   245.60748       0               -68.013
       2569 21.40833333333   14.00313   245.77168       0               -68.363
       2570 21.41666666667   14.20786   245.93638       0               -68.727
       2571 21.42500000000   14.41258   246.10158       0               -69.229
       2572 21.43333333333   14.61731   246.26730       0               -69.733
       2573 21.44166666667   14.82202   246.43353       0               -70.209
       2574 21.45000000000   15.02672   246.60027       0               -70.560
       2575 21.45833333333   15.23141   246.76755       0               -70.905
       2576 21.46666666667   15.43608   246.93535       0               -71.216
       2577 21.47500000000   15.64073   247.10370       0               -71.687
       2578 21.48333333333   15.84535   247.27258       0               -72.114
       2579 21.49166666667   16.04995   247.44202       0               -72.502
       2580 21.50000000000   16.25451   247.61200       0               -72.832
       2581 21.50833333333   16.48358   247.74525       0               -73.135
       2582 21.51666666667   16.68842   247.91586       0               -73.461
       2583 21.52500000000   16.89338   248.08679       0               -73.779
       2584 21.53333333333   17.09846   248.25805       0               -74.071
       2585 21.54166666667   17.30366   248.42965       0               -74.380
       2586 21.55000000000   17.50898   248.60158       0               -74.696
       2587 21.55833333333   17.71442   248.77386       0               -75.057
       2588 21.56666666667   17.91997   248.94648       0               -75.366
       2589 21.57500000000   18.12563   249.11946       0               -75.555
       2590 21.58333333333   18.33140   249.29279       0               -75.780
       2591 21.59166666667   18.53727   249.46649       0               -76.109
       2592 21.60000000000   18.74324   249.64055       0               -76.516
       2593 21.60833333333   18.94931   249.81499       0               -76.779
       2594 21.61666666667   19.15548   249.98981       0               -76.972
       2595 21.62500000000   19.36174   250.16501       0               -77.160
       2596 21.63333333333   19.56810   250.34061       0               -77.480
       2597 21.64166666667   19.77454   250.51659       0               -77.855
       2598 21.65000000000   19.98106   250.69298       0               -78.113
       2599 21.65833333333   20.18767   250.86977       0               -78.333
       2600 21.66666666667   20.39435   251.04698       0               -78.636
       2601 21.67500000000   20.60112   251.22460       0               -78.923
       2602 21.68333333333   20.80796   251.40264       0               -79.222
       2603 21.69166666667   21.01486   251.58112       0               -79.524
       2604 21.70000000000   21.22184   251.76002       0               -79.848
       2605 21.70833333333   21.42888   251.93937       0               -80.077
       2606 21.71666666667   21.63598   252.11916       0               -80.292
       2607 21.72500000000   21.84315   252.29941       0               -80.477
       2608 21.73333333333   22.05036   252.48011       0               -80.663
       2609 21.74166666667   22.25764   252.66128       0               -80.895
       2610 21.75000000000   22.46496   252.84292       0               -81.110
       2611 21.75833333333   22.67233   253.02503       0               -81.362
       2612 21.76666666667   22.87974   253.20763       0               -81.688
       2613 21.77500000000   23.08720   253.39072       0               -81.930
       2614 21.78333333333   23.29469   253.57430       0               -82.125
       2615 21.79166666667   23.50222   253.75838       0               -82.358
       2616 21.80000000000   23.70979   253.94298       0               -82.628
       2617 21.80833333333   23.91738   254.12809       0               -82.885
       2618 21.81666666667   24.12500   254.31372       0               -83.111
       2619 21.82500000000   24.33264   254.49988       0               -83.382
       2620 21.83333333333   24.54030   254.68657       0               -83.648
       2621 21.84166666667   24.74798   254.87381       0               -83.882
       2622 21.85000000000   24.95567   255.06160       0               -84.137
       2623 21.85833333333   25.16338   255.24995       0               -84.372
       2624 21.86666666667   25.37109   255.43886       0               -84.606
       2625 21.87500000000   25.57881   255.62834       0               -84.876
       2626 21.88333333333   25.78653   255.81840       0               -85.117
       2627 21.89166666667   25.99424   256.00904       0               -85.342
       2628 21.90000000000   26.20196   256.20028       0               -85.617
       2629 21.90833333333   26.40966   256.39213       0               -85.783
       2630 21.91666666667   26.61736   256.58458       0               -85.941
       2631 21.92500000000   26.82504   256.77764       0               -86.119
       2632 21.93333333333   27.03270   256.97133       0               -86.265
       2633 21.94166666667   27.24034   257.16566       0               -86.424
       2634 21.95000000000   27.44796   257.36062       0               -86.579
       2635 21.95833333333   27.65555   257.55624       0               -86.712
       2636 21.96666666667   27.86310   257.75251       0               -86.913
       2637 21.97500000000   28.07063   257.94945       0               -87.046
       2638 21.98333333333   28.27812   258.14706       0               -87.159
       2639 21.99166666667   28.48557   258.34535       0               -87.292
       2640 22.00000000000   28.69297   258.54433       0               -87.412
       2641 22.00833333333   28.92247   258.70528       0               -87.498
       2642 22.01666666667   29.13027   258.90500       0               -87.619
       2643 22.02500000000   29.33818   259.10518       0               -87.717
       2644 22.03333333333   29.54618   259.30582       0               -87.816
       2645 22.04166666667   29.75427   259.50693       0               -87.905
       2646 22.05000000000   29.96244   259.70852       0               -88.004
       2647 22.05833333333   30.17070   259.91060       0               -88.102
       2648 22.06666666667   30.37905   260.11317       0               -88.180
       2649 22.07500000000   30.58747   260.31624       0               -88.272
       2650 22.08333333333   30.79597   260.51983       0               -88.380
       2651 22.09166666667   31.00454   260.72392       0               -88.456
       2652 22.10000000000   31.21318   260.92854       0               -88.568
       2653 22.10833333333   31.42190   261.13370       0               -88.656
       2654 22.11666666667   31.63067   261.33939       0               -88.751
       2655 22.12500000000   31.83951   261.54562       0               -88.845
       2656 22.13333333333   32.04841   261.75242       0               -88.966
       2657 22.14166666667   32.25736   261.95977       0               -89.060
       2658 22.15000000000   32.46637   262.16770       0               -89.145
       2659 22.15833333333   32.67542   262.37620       0               -89.266
       2660 22.16666666667   32.88453   262.58530       0               -89.344
       2661 22.17500000000   33.09368   262.79499       0               -89.448
       2662 22.18333333333   33.30287   263.00529       0               -89.548
       2663 22.19166666667   33.51210   263.21620       0               -89.629
       2664 22.20000000000   33.72137   263.42773       0               -89.706
       2665 22.20833333333   33.93067   263.63990       0               -89.784
       2666 22.21666666667   34.14001   263.85271       0               -89.829
       2667 22.22500000000   34.34937   264.06617       0               -89.895
       2668 22.23333333333   34.55875   264.28029       0               -89.935
       2669 22.24166666667   34.76816   264.49509       0               -89.978
       2670 22.25000000000   34.97758   264.71056       0               -90.035
       2671 22.25833333333   35.18702   264.92672       0               -90.077
       2672 22.26666666667   35.39648   265.14359       0               -90.112
       2673 22.27500000000   35.60594   265.36116       0               -90.153
       2674 22.28333333333   35.81542   265.57946       0               -90.186
       2675 22.29166666667   36.02489   265.79849       0               -90.250
       2676 22.30000000000   36.23437   266.01826       0               -90.261
       2677 22.30833333333   36.44385   266.23879       0               -90.309
       2678 22.31666666667   36.65332   266.46008       0               -90.326
       2679 22.32500000000   36.86279   266.68215       0               -90.382
       2680 22.33333333333   37.07225   266.90501       0               -90.439
       2681 22.34166666667   37.28169   267.12866       0               -90.515
       2682 22.35000000000   37.49112   267.35313       0               -90.590
       2683 22.35833333333   37.70052   267.57842       0               -90.671
       2684 22.36666666667   37.90991   267.80455       0               -90.793
       2685 22.37500000000   38.11927   268.03152       0               -90.812
       2686 22.38333333333   38.32860   268.25936       0               -90.807
       2687 22.39166666667   38.53790   268.48807       0               -90.771
       2688 22.40000000000   38.74717   268.71766       0               -90.740
       2689 22.40833333333   38.95640   268.94816       0               -90.760
       2690 22.41666666667   39.16559   269.17957       0               -90.779
       2691 22.42500000000   39.37473   269.41191       0               -90.792
       2692 22.43333333333   39.58383   269.64518       0               -90.803
       2693 22.44166666667   39.79287   269.87942       0               -90.823
       2694 22.45000000000   40.00187   270.11462       0               -90.868
       2695 22.45833333333   40.21081   270.35080       0               -90.903
       2696 22.46666666667   40.41968   270.58799       0               -90.984
       2697 22.47500000000   40.62850   270.82619       0               -90.998
       2698 22.48333333333   40.83724   271.06541       0               -91.014
       2699 22.49166666667   41.04592   271.30569       0               -91.050
       2700 22.50000000000   41.25453   271.54702       0               -91.061
       2701 22.50833333333   41.48339   271.75651       0               -91.081
       2702 22.51666666667   41.69241   271.99914       0               -91.110
       2703 22.52500000000   41.90143   272.24261       0               -91.107
       2704 22.53333333333   42.11046   272.48692       0               -91.072
       2705 22.54166666667   42.31948   272.73209       0               -91.078
       2706 22.55000000000   42.52851   272.97813       0               -91.039
       2707 22.55833333333   42.73753   273.22506       0               -91.049
       2708 22.56666666667   42.94654   273.47289       0               -91.048
       2709 22.57500000000   43.15555   273.72163       0               -91.065
       2710 22.58333333333   43.36453   273.97130       0               -91.060
       2711 22.59166666667   43.57350   274.22191       0               -91.089
       2712 22.60000000000   43.78245   274.47348       0               -91.085
       2713 22.60833333333   43.99138   274.72603       0               -91.087
       2714 22.61666666667   44.20027   274.97956       0               -91.061
       2715 22.62500000000   44.40914   275.23410       0               -91.053
       2716 22.63333333333   44.61798   275.48966       0               -91.052
       2717 22.64166666667   44.82677   275.74626       0               -91.039
       2718 22.65000000000   45.03553   276.00391       0               -91.028
       2719 22.65833333333   45.24425   276.26263       0               -91.033
       2720 22.66666666667   45.45292   276.52243       0               -91.029
       2721 22.67500000000   45.66154   276.78335       0               -91.026
       2722 22.68333333333   45.87011   277.04539       0               -91.038
       2723 22.69166666667   46.07862   277.30856       0               -91.027
       2724 22.70000000000   46.28707   277.57290       0               -91.046
       2725 22.70833333333   46.49546   277.83842       0               -91.050
       2726 22.71666666667   46.70378   278.10514       0               -91.061
       2727 22.72500000000   46.91204   278.37308       0               -91.061
       2728 22.73333333333   47.12022   278.64226       0               -91.054
       2729 22.74166666667   47.32832   278.91270       0               -91.023
       2730 22.75000000000   47.52941   279.17533       0               -91.001
       2731 22.75833333333   47.74428   279.45743       0               -90.976
       2732 22.76666666667   47.95214   279.73178       0               -90.998
       2733 22.77500000000   48.15990   280.00746       0               -90.997
       2734 22.78333333333   48.36756   280.28452       0               -90.989
       2735 22.79166666667   48.57513   280.56297       0               -90.993
       2736 22.80000000000   48.78259   280.84284       0               -90.992
       2737 22.80833333333   48.98995   281.12414       0               -91.022
       2738 22.81666666667   49.19720   281.40691       0               -91.008
       2739 22.82500000000   49.40433   281.69117       0               -91.008
       2740 22.83333333333   49.61135   281.97694       0               -91.009
       2741 22.84166666667   49.81824   282.26425       0               -91.043
       2742 22.85000000000   50.02500   282.55313       0               -91.052
       2743 22.85833333333   50.23163   282.84360       0               -91.045
       2744 22.86666666667   50.43813   283.13569       0               -91.066
       2745 22.87500000000   50.64448   283.42943       0               -91.034
       2746 22.88333333333   50.85069   283.72485       0               -90.955
       2747 22.89166666667   51.05675   284.02198       0               -90.874
       2748 22.90000000000   51.26266   284.32084       0               -90.796
       2749 22.90833333333   51.46841   284.62147       0               -90.770
       2750 22.91666666667   51.67399   284.92390       0               -90.729
       2751 22.92500000000   51.87940   285.22816       0               -90.674
       2752 22.93333333333   52.08464   285.53429       0               -90.618
       2753 22.94166666667   52.28970   285.84230       0               -90.590
       2754 22.95000000000   52.49457   286.15225       0               -90.567
       2755 22.95833333333   52.69925   286.46416       0               -90.546
       2756 22.96666666667   52.90374   286.77807       0               -90.516
       2757 22.97500000000   53.10802   287.09401       0               -90.475
       2758 22.98333333333   53.31209   287.41202       0               -90.400
       2759 22.99166666667   53.51595   287.73214       0               -90.325
       2760 23.00000000000   53.71281   288.04363       0               -90.256
       2761 23.00833333333   53.92454   288.33260       0               -90.128
       2762 23.01666666667   54.12828   288.65800       0               -89.984
       2763 23.02500000000   54.33179   288.98535       0               -89.855
       2764 23.03333333333   54.53507   289.31468       0               -89.722
       2765 23.04166666667   54.73811   289.64602       0               -89.597
       2766 23.05000000000   54.94091   289.97941       0               -89.487
       2767 23.05833333333   55.14346   290.31489       0               -89.390
       2768 23.06666666667   55.34575   290.65248       0               -89.287
       2769 23.07500000000   55.54778   290.99224       0               -89.211
       2770 23.08333333333   55.74954   291.33420       0               -89.108
       2771 23.09166666667   55.95102   291.67839       0               -89.013
       2772 23.10000000000   56.15222   292.02486       0               -88.904
       2773 23.10833333333   56.35313   292.37365       0               -88.830
       2774 23.11666666667   56.55375   292.72480       0               -88.754
       2775 23.12500000000   56.75407   293.07835       0               -88.644
       2776 23.13333333333   56.95407   293.43435       0               -88.489
       2777 23.14166666667   57.15376   293.79284       0               -88.351
       2778 23.15000000000   57.35312   294.15386       0               -88.229
       2779 23.15833333333   57.55215   294.51746       0               -88.087
       2780 23.16666666667   57.75085   294.88370       0               -88.040
       2781 23.17500000000   57.94919   295.25261       0               -87.959
       2782 23.18333333333   58.14717   295.62425       0               -87.935
       2783 23.19166666667   58.34480   295.99867       0               -87.850
       2784 23.20000000000   58.54204   296.37591       0               -87.849
       2785 23.20833333333   58.73891   296.75604       0               -87.742
       2786 23.21666666667   58.93539   297.13910       0               -87.626
       2787 23.22500000000   59.13146   297.52514       0               -87.553
       2788 23.23333333333   59.32712   297.91424       0               -87.370
       2789 23.24166666667   59.52237   298.30643       0               -87.308
       2790 23.25000000000   59.71069   298.68856       0               -87.237
       2791 23.25833333333   59.91155   299.10036       0               -87.150
       2792 23.26666666667   60.10548   299.50221       0               -87.176
       2793 23.27500000000   60.29894   299.90741       0               -87.183
       2794 23.28333333333   60.49192   300.31601       0               -87.223
       2795 23.29166666667   60.68442   300.72807       0               -87.273
       2796 23.30000000000   60.87643   301.14367       0               -87.365
       2797 23.30833333333   61.06793   301.56287       0               -87.358
       2798 23.31666666667   61.25890   301.98574       0               -87.390
       2799 23.32500000000   61.44934   302.41235       0               -87.546
       2800 23.33333333333   61.63924   302.84276       0               -87.865
       2801 23.34166666667   61.82857   303.27706       0               -88.160
       2802 23.35000000000   62.01733   303.71530       0               -88.311
       2803 23.35833333333   62.20550   304.15758       0               -88.752
       2804 23.36666666667   62.39306   304.60396       0               -89.218
       2805 23.37500000000   62.58001   305.05452       0               -90.044
       2806 23.38333333333   62.76632   305.50935       0               -91.143
       2807 23.39166666667   62.95198   305.96851       0               -91.592
       2808 23.40000000000   63.13698   306.43210       0               -91.689
       2809 23.40833333333   63.32129   306.90020       0               -91.840
       2810 23.41666666667   63.50489   307.37288       0               -91.746
       2811 23.42500000000   63.68778   307.85024       0               -91.796
       2812 23.43333333333   63.86993   308.33237       0               -92.175
       2813 23.44166666667   64.05132   308.81934       0               -92.549
       2814 23.45000000000   64.23194   309.31126       0               -93.393
       2815 23.45833333333   64.41176   309.80821       0               -94.559
       2816 23.46666666667   64.59076   310.31029       0               -94.343
       2817 23.47500000000   64.76892   310.81759       0               -94.405
       2818 23.48333333333   64.94622   311.33020       0               -95.344
       2819 23.49166666667   65.12264   311.84823       0               -95.768
       2820 23.50000000000   65.29231   312.35422       0               -95.545
       2821 23.50833333333   65.46522   312.84046       0               -95.348
       2822 23.51666666667   65.63945   313.37338       0               -95.841
       2823 23.52500000000   65.81266   313.91169       0               -96.653
       2824 23.53333333333   65.98483   314.45548       0               -97.771
       2825 23.54166666667   66.15593   315.00483       0               -98.689
       2826 23.55000000000   66.32595   315.55984       0               -99.734
       2827 23.55833333333   66.49485   316.12060       0              -100.329
       2828 23.56666666667   66.66262   316.68720       0              -100.531
       2829 23.57500000000   66.82923   317.25973       0              -101.015
       2830 23.58333333333   66.99464   317.83829       0              -101.341
       2831 23.59166666667   67.15885   318.42296       0              -101.750
       2832 23.60000000000   67.32181   319.01383       0              -101.896
       2833 23.60833333333   67.48351   319.61101       0              -102.230
       2834 23.61666666667   67.64391   320.21458       0              -102.729
       2835 23.62500000000   67.80299   320.82463       0              -103.122
       2836 23.63333333333   67.96071   321.44126       0              -103.399
       2837 23.64166666667   68.11705   322.06455       0              -103.614
       2838 23.65000000000   68.27197   322.69460       0              -103.785
       2839 23.65833333333   68.42545   323.33150       0              -104.114
       2840 23.66666666667   68.57745   323.97534       0              -104.176
       2841 23.67500000000   68.72793   324.62619       0              -104.176
       2842 23.68333333333   68.87688   325.28416       0              -104.154
       2843 23.69166666667   69.02424   325.94932       0              -104.094
       2844 23.70000000000   69.16998   326.62176       0              -104.071
       2845 23.70833333333   69.31408   327.30155       0              -104.082
       2846 23.71666666667   69.45649   327.98877       0              -104.042
       2847 23.72500000000   69.59718   328.68351       0              -104.002
       2848 23.73333333333   69.73610   329.38582       0              -103.953
       2849 23.74166666667   69.87322   330.09579       0              -103.925
       2850 23.75000000000   70.00403   330.78942       0              -103.869
       2851 23.75833333333   70.14191   331.53892       0              -103.844
       2852 23.76666666667   70.27339   332.27221       0              -103.825
       2853 23.77500000000   70.40291   333.01338       0              -103.847
       2854 23.78333333333   70.53043   333.76249       0              -103.900
       2855 23.79166666667   70.65590   334.51957       0              -103.933
       2856 23.80000000000   70.77928   335.28466       0              -103.965
       2857 23.80833333333   70.90053   336.05779       0              -103.958
       2858 23.81666666667   71.01960   336.83898       0              -103.959
       2859 23.82500000000   71.13645   337.62826       0              -104.069
       2860 23.83333333333   71.25104   338.42562       0              -104.120
       2861 23.84166666667   71.36331   339.23108       0              -104.095
       2862 23.85000000000   71.47322   340.04462       0              -104.131
       2863 23.85833333333   71.58073   340.86623       0              -104.111
       2864 23.86666666667   71.68578   341.69589       0              -104.137
       2865 23.87500000000   71.78834   342.53355       0              -104.166
       2866 23.88333333333   71.88835   343.37918       0              -104.159
       2867 23.89166666667   71.98577   344.23273       0              -104.163
       2868 23.90000000000   72.08055   345.09412       0              -104.173
       2869 23.90833333333   72.17264   345.96329       0              -104.174
       2870 23.91666666667   72.26200   346.84014       0              -104.270
       2871 23.92500000000   72.34858   347.72458       0              -104.223
       2872 23.93333333333   72.43233   348.61649       0              -104.177
       2873 23.94166666667   72.51321   349.51576       0              -104.246
       2874 23.95000000000   72.59117   350.42225       0              -104.312
       2875 23.95833333333   72.66616   351.33582       0              -104.350
       2876 23.96666666667   72.73815   352.25629       0              -104.417
       2877 23.97500000000   72.80708   353.18350       0              -104.475
       2878 23.98333333333   72.87291   354.11726       0              -104.541
       2879 23.99166666667   72.93560   355.05737       0              -104.606
