# Created on 2018-12-12 16:17:49 
# Sources: d:\gpsother\tec-suite\in\2015\abcd0770.15d.Z, d:\gpsother\tec-suite\in\2015\brdc0770.15n.Z
# Satellite: G10
# Interval: 30.0
# Sampling interval: 0.0 (not used).
# Site: abcd
# Position (L, B, H): 253.601641965, 52.1962622634, 578.574894483
# Position (X, Y, Z): -1106129.71, -3758704.03, 5016675.77
# datetime format: %Y-%m-%dT%H:%M:%S
# Columns: tsn, hour, el, az, validity, tec.l1l2
# (I11,1X,F14.11,1X,F10.5,1X,F11.5,1X,I7,1X,F21.3)
          0  0.00000000000    5.08520   237.18516    4096                28.270
          1  0.00833333333    4.92055   237.05877    4096                28.198
          2  0.01666666667    4.75600   236.93261    4096                27.086
        651  5.42500000000    5.14675   144.71522    4096                 0.396
        652  5.43333333333    5.32948   144.60760    4096                 0.265
        653  5.44166666667    5.51246   144.49987    4096                 0.133
        654  5.45000000000    5.69568   144.39204    4096                -0.087
        655  5.45833333333    5.87915   144.28409    4096                -0.323
        656  5.46666666667    6.06286   144.17602    4096                -0.641
        657  5.47500000000    6.24681   144.06783    4096                -1.021
        658  5.48333333333    6.43099   143.95950    4096                -1.392
        659  5.49166666667    6.61541   143.85105    4096                -1.494
        660  5.50000000000    6.80006   143.74245    4096                -1.544
        661  5.50833333333    6.98493   143.63371    4096                -1.583
        662  5.51666666667    7.17004   143.52482    4096                -1.520
        663  5.52500000000    7.35536   143.41577    4096                -1.523
        664  5.53333333333    7.54090   143.30656    4096                -1.658
        665  5.54166666667    7.72666   143.19719    4096                -1.764
        666  5.55000000000    7.91263   143.08764    4096                -1.793
        667  5.55833333333    8.09882   142.97792    4096                -1.807
        668  5.56666666667    8.28521   142.86801    4096                -1.873
        669  5.57500000000    8.47181   142.75792    4096                -1.701
        670  5.58333333333    8.65860   142.64763    4096                -1.629
        671  5.59166666667    8.84560   142.53715    4096                -1.620
        672  5.60000000000    9.03280   142.42646    4096                -1.712
        673  5.60833333333    9.22018   142.31556    4096                -1.826
        674  5.61666666667    9.40776   142.20445    4096                -1.881
        675  5.62500000000    9.59552   142.09311    4096                -1.886
        676  5.63333333333    9.78347   141.98155    4096                -1.942
        677  5.64166666667    9.97160   141.86976    4096                -2.135
        678  5.65000000000   10.15991   141.75772    4096                -2.194
        679  5.65833333333   10.34839   141.64544    4096                -2.225
        680  5.66666666667   10.53704   141.53292    4096                -2.315
        681  5.67500000000   10.72586   141.42013    4096                -2.311
        682  5.68333333333   10.91484   141.30709    4096                -2.328
        683  5.69166666667   11.10399   141.19377    4096                -2.332
        684  5.70000000000   11.29330   141.08019    4096                -2.166
        685  5.70833333333   11.48276   140.96632    4096                -1.742
        686  5.71666666667   11.67237   140.85216    4096                -1.171
        687  5.72500000000   11.86213   140.73772    4096                -1.027
        688  5.73333333333   12.05203   140.62297    4096                -0.881
        689  5.74166666667   12.24208   140.50792    4096                -1.135
        690  5.75000000000   12.43226   140.39256    4096                -0.883
        691  5.75833333333   12.62258   140.27689    4096                -0.630
        692  5.76666666667   12.81302   140.16088    4096                -0.302
        693  5.77500000000   13.00360   140.04455    4096                -0.155
        694  5.78333333333   13.19430   139.92788    4096                -0.121
        695  5.79166666667   13.38511   139.81087    4096                -0.198
        696  5.80000000000   13.57605   139.69351    4096                -0.384
        697  5.80833333333   13.76710   139.57580    4096                -0.365
        698  5.81666666667   13.95825   139.45772    4096                -0.307
        699  5.82500000000   14.14951   139.33927    4096                 0.005
        700  5.83333333333   14.34087   139.22045    4096                 0.470
        701  5.84166666667   14.53233   139.10124    4096                 0.351
        702  5.85000000000   14.72388   138.98164    4096                 0.221
        703  5.85833333333   14.91552   138.86165    4096                 0.056
        704  5.86666666667   15.10725   138.74125    4096                 0.012
        705  5.87500000000   15.29906   138.62045    4096                -0.108
        706  5.88333333333   15.49094   138.49922    4096                -0.278
        707  5.89166666667   15.68290   138.37757    4096                -0.401
        708  5.90000000000   15.87492   138.25550    4096                -0.425
        709  5.90833333333   16.06702   138.13298    4096                -0.357
        710  5.91666666667   16.25917   138.01002    4096                -0.524
        711  5.92500000000   16.45138   137.88660    4096                -0.518
        712  5.93333333333   16.64364   137.76272    4096                -0.615
        713  5.94166666667   16.83594   137.63838    4096                -0.645
        714  5.95000000000   17.02830   137.51356    4096                -0.691
        715  5.95833333333   17.22069   137.38826    4096                -0.810
        716  5.96666666667   17.41311   137.26247    4096                -1.049
        717  5.97500000000   17.60556   137.13619    4096                -1.115
        718  5.98333333333   17.79804   137.00940    4096                -1.092
        719  5.99166666667   17.99054   136.88209    4096                -1.118
        720  6.00000000000   18.18282   136.75433    4096                -1.253
        721  6.00833333333   18.37559   136.62592    4096                -1.408
        722  6.01666666667   18.56812   136.49704    4096                -1.429
        723  6.02500000000   18.76065   136.36761    4096                -1.550
        724  6.03333333333   18.95319   136.23763    4096                -1.655
        725  6.04166666667   19.14571   136.10709    4096                -1.624
        726  6.05000000000   19.33822   135.97598    4096                -1.456
        727  6.05833333333   19.53071   135.84430    4096                -1.505
        728  6.06666666667   19.72318   135.71204    4096                -1.339
        729  6.07500000000   19.91562   135.57919    4096                -1.271
        730  6.08333333333   20.10803   135.44574    4096                -1.239
        731  6.09166666667   20.30040   135.31168    4096                -1.185
        732  6.10000000000   20.49272   135.17700    4096                -1.243
        733  6.10833333333   20.68500   135.04171    4096                -1.368
        734  6.11666666667   20.87722   134.90578    4096                -1.343
        735  6.12500000000   21.06938   134.76920    4096                -1.535
        736  6.13333333333   21.26147   134.63199    4096                -1.414
        737  6.14166666667   21.45350   134.49411    4096                -1.641
        738  6.15000000000   21.64544   134.35557    4096                -1.850
        739  6.15833333333   21.83731   134.21635    4096                -1.946
        740  6.16666666667   22.02908   134.07645    4096                -1.945
        741  6.17500000000   22.22076   133.93586    4096                -2.273
        742  6.18333333333   22.41234   133.79457    4096                -2.322
        743  6.19166666667   22.60382   133.65256    4096                -2.529
        744  6.20000000000   22.79518   133.50984    4096                -2.618
        745  6.20833333333   22.98643   133.36640    4096                -2.685
        746  6.21666666667   23.17755   133.22222    4096                -2.805
        747  6.22500000000   23.36854   133.07729    4096                -2.873
        748  6.23333333333   23.55939   132.93161    4096                -2.983
        749  6.24166666667   23.75010   132.78516    4096                -3.122
        750  6.25000000000   23.94067   132.63795    4096                -3.277
        751  6.25833333333   24.13107   132.48995    4096                -3.395
        752  6.26666666667   24.32132   132.34117    4096                -3.370
        753  6.27500000000   24.51139   132.19158    4096                -3.323
        754  6.28333333333   24.70129   132.04118    4096                -3.455
        755  6.29166666667   24.89101   131.88997    4096                -3.548
        756  6.30000000000   25.08054   131.73793    4096                -3.593
        757  6.30833333333   25.26987   131.58505    4096                -3.628
        758  6.31666666667   25.45900   131.43133    4096                -3.813
        759  6.32500000000   25.64793   131.27675    4096                -3.936
        760  6.33333333333   25.83663   131.12130    4096                -4.014
        761  6.34166666667   26.02511   130.96498    4096                -4.001
        762  6.35000000000   26.21336   130.80778    4096                -4.056
        763  6.35833333333   26.40137   130.64968    4096                -3.979
        764  6.36666666667   26.58914   130.49068    4096                -4.046
        765  6.37500000000   26.77665   130.33077    4096                -4.079
        766  6.38333333333   26.96390   130.16993    4096                -4.123
        767  6.39166666667   27.15088   130.00816    4096                -4.204
        768  6.40000000000   27.33759   129.84545    4096                -4.252
        769  6.40833333333   27.52401   129.68178    4096                -4.283
        770  6.41666666667   27.71014   129.51715    4096                -4.257
        771  6.42500000000   27.89598   129.35155    4096                -4.334
        772  6.43333333333   28.08150   129.18497    4096                -4.278
        773  6.44166666667   28.26671   129.01740    4096                -4.242
        774  6.45000000000   28.45160   128.84883    4096                -4.217
        775  6.45833333333   28.63615   128.67924    4096                -4.320
        776  6.46666666667   28.82036   128.50863    4096                -4.364
        777  6.47500000000   29.00423   128.33700    4096                -4.350
        778  6.48333333333   29.18773   128.16432    4096                -4.343
        779  6.49166666667   29.37087   127.99058    4096                -4.353
        780  6.50000000000   29.55364   127.81579    4096                -4.249
        781  6.50833333333   29.73602   127.63993    4096                -4.263
        782  6.51666666667   29.91801   127.46298    4096                -4.309
        783  6.52500000000   30.09961   127.28495    4096                -4.216
        784  6.53333333333   30.28079   127.10581    4096                -4.256
        785  6.54166666667   30.46155   126.92556    4096                -4.245
        786  6.55000000000   30.64188   126.74419    4096                -4.308
        787  6.55833333333   30.82178   126.56169    4096                -4.359
        788  6.56666666667   31.00123   126.37805    4096                -4.406
        789  6.57500000000   31.18022   126.19326    4096                -4.473
        790  6.58333333333   31.35875   126.00730    4096                -4.503
        791  6.59166666667   31.53680   125.82018    4096                -4.561
        792  6.60000000000   31.71437   125.63188    4096                -4.560
        793  6.60833333333   31.89144   125.44238    4096                -4.545
        794  6.61666666667   32.06801   125.25169    4096                -4.577
        795  6.62500000000   32.24406   125.05978    4096                -4.519
        796  6.63333333333   32.41959   124.86666    4096                -4.503
        797  6.64166666667   32.59458   124.67231    4096                -4.535
        798  6.65000000000   32.76903   124.47672    4096                -4.547
        799  6.65833333333   32.94292   124.27988    4096                -4.586
        800  6.66666666667   33.11625   124.08178    4096                -4.680
        801  6.67500000000   33.28900   123.88242    4096                -4.757
        802  6.68333333333   33.46116   123.68178    4096                -4.754
        803  6.69166666667   33.63273   123.47985    4096                -4.795
        804  6.70000000000   33.80369   123.27663    4096                -4.898
        805  6.70833333333   33.97402   123.07210    4096                -4.974
        806  6.71666666667   34.14373   122.86626    4096                -4.974
        807  6.72500000000   34.31280   122.65910    4096                -5.011
        808  6.73333333333   34.48121   122.45061    4096                -5.052
        809  6.74166666667   34.64897   122.24078    4096                -5.135
        810  6.75000000000   34.81604   122.02960    4096                -5.171
        811  6.75833333333   34.98243   121.81706    4096                -5.233
        812  6.76666666667   35.14812   121.60316    4096                -5.323
        813  6.77500000000   35.31311   121.38789    4096                -5.370
        814  6.78333333333   35.47737   121.17123    4096                -5.396
        815  6.79166666667   35.64090   120.95318    4096                -5.426
        816  6.80000000000   35.80368   120.73374    4096                -5.458
        817  6.80833333333   35.96571   120.51289    4096                -5.505
        818  6.81666666667   36.12697   120.29063    4096                -5.508
        819  6.82500000000   36.28745   120.06694    4096                -5.513
        820  6.83333333333   36.44713   119.84183    4096                -5.529
        821  6.84166666667   36.60601   119.61529    4096                -5.564
        822  6.85000000000   36.76408   119.38730    4096                -5.590
        823  6.85833333333   36.92131   119.15787    4096                -5.558
        824  6.86666666667   37.07770   118.92698    4096                -5.571
        825  6.87500000000   37.23324   118.69463    4096                -5.552
        826  6.88333333333   37.38791   118.46081    4096                -5.597
        827  6.89166666667   37.54170   118.22552    4096                -5.572
        828  6.90000000000   37.69460   117.98875    4096                -5.607
        829  6.90833333333   37.84659   117.75050    4096                -5.617
        830  6.91666666667   37.99766   117.51076    4096                -5.640
        831  6.92500000000   38.14780   117.26952    4096                -5.681
        832  6.93333333333   38.29700   117.02679    4096                -5.760
        833  6.94166666667   38.44524   116.78255    4096                -5.791
        834  6.95000000000   38.59251   116.53681    4096                -5.858
        835  6.95833333333   38.73879   116.28955    4096                -5.915
        836  6.96666666667   38.88408   116.04078    4096                -5.979
        837  6.97500000000   39.02836   115.79049    4096                -6.072
        838  6.98333333333   39.17161   115.53869    4096                -6.139
        839  6.99166666667   39.31382   115.28535    4096                -6.159
        840  7.00000000000   39.45499   115.03050    4096                -6.173
        841  7.00833333333   39.59509   114.77411    4096                -6.171
        842  7.01666666667   39.73411   114.51620    4096                -6.114
        843  7.02500000000   39.87204   114.25676    4096                -6.096
        844  7.03333333333   40.00886   113.99578    4096                -6.052
        845  7.04166666667   40.14456   113.73327    4096                -6.043
        846  7.05000000000   40.27914   113.46924    4096                -6.075
        847  7.05833333333   40.41256   113.20367    4096                -6.124
        848  7.06666666667   40.54483   112.93656    4096                -6.116
        849  7.07500000000   40.67592   112.66793    4096                -6.142
        850  7.08333333333   40.80582   112.39777    4096                -6.182
        851  7.09166666667   40.93452   112.12609    4096                -6.198
        852  7.10000000000   41.06201   111.85288    4096                -6.224
        853  7.10833333333   41.18826   111.57815    4096                -6.265
        854  7.11666666667   41.31327   111.30190    4096                -6.258
        855  7.12500000000   41.43703   111.02413    4096                -6.270
        856  7.13333333333   41.55951   110.74486    4096                -6.245
        857  7.14166666667   41.68071   110.46408    4096                -6.191
        858  7.15000000000   41.80061   110.18180    4096                -6.212
        859  7.15833333333   41.91920   109.89802    4096                -6.196
        860  7.16666666667   42.03646   109.61276    4096                -6.179
        861  7.17500000000   42.15238   109.32601    4096                -6.149
        862  7.18333333333   42.26695   109.03779    4096                -6.134
        863  7.19166666667   42.38015   108.74810    4096                -6.155
        864  7.20000000000   42.49197   108.45695    4096                -6.121
        865  7.20833333333   42.60239   108.16435    4096                -6.104
        866  7.21666666667   42.71141   107.87031    4096                -6.116
        867  7.22500000000   42.81900   107.57483    4096                -6.071
        868  7.23333333333   42.92516   107.27794    4096                -6.020
        869  7.24166666667   43.02987   106.97963    4096                -5.944
        870  7.25000000000   43.13312   106.67993    4096                -5.921
        871  7.25833333333   43.23489   106.37883    4096                -5.884
        872  7.26666666667   43.33517   106.07637    4096                -5.890
        873  7.27500000000   43.43395   105.77254    4096                -5.866
        874  7.28333333333   43.53122   105.46736    4096                -5.816
        875  7.29166666667   43.62696   105.16085    4096                -5.795
        876  7.30000000000   43.72115   104.85302    4096                -5.823
        877  7.30833333333   43.81380   104.54389    4096                -5.793
        878  7.31666666667   43.90488   104.23347    4096                -5.782
        879  7.32500000000   43.99438   103.92179    4096                -5.749
        880  7.33333333333   44.08229   103.60885    4096                -5.731
        881  7.34166666667   44.16860   103.29467    4096                -5.723
        882  7.35000000000   44.25329   102.97928    4096                -5.696
        883  7.35833333333   44.33636   102.66269    4096                -5.677
        884  7.36666666667   44.41779   102.34492    4096                -5.630
        885  7.37500000000   44.49757   102.02599    4096                -5.614
        886  7.38333333333   44.57569   101.70593    4096                -5.616
        887  7.39166666667   44.65213   101.38476    4096                -5.633
        888  7.40000000000   44.72689   101.06248    4096                -5.612
        889  7.40833333333   44.79996   100.73914    4096                -5.527
        890  7.41666666667   44.87132   100.41476    4096                -5.413
        891  7.42500000000   44.94096   100.08934    4096                -5.327
        892  7.43333333333   45.00888    99.76293    4096                -5.242
        893  7.44166666667   45.07506    99.43555    4096                -5.174
        894  7.45000000000   45.13949    99.10721    4096                -5.180
        895  7.45833333333   45.20217    98.77796    4096                -5.194
        896  7.46666666667   45.26308    98.44781    4096                -5.114
        897  7.47500000000   45.32222    98.11678    4096                -5.048
        898  7.48333333333   45.37957    97.78492    4096                -4.955
        899  7.49166666667   45.43513    97.45224    4096                -4.937
        900  7.50000000000   45.48889    97.11878    4096                -4.995
        901  7.50833333333   45.54083    96.78457    4096                -4.970
        902  7.51666666667   45.59096    96.44962    4096                -4.926
        903  7.52500000000   45.63926    96.11399    4096                -4.810
        904  7.53333333333   45.68573    95.77768    4096                -4.800
        905  7.54166666667   45.73036    95.44075    4096                -4.677
        906  7.55000000000   45.77314    95.10321    4096                -4.589
        907  7.55833333333   45.81406    94.76510    4096                -4.467
        908  7.56666666667   45.85312    94.42645    4096                -4.380
        909  7.57500000000   45.89031    94.08730    4096                -4.214
        910  7.58333333333   45.92563    93.74767    4096                -4.124
        911  7.59166666667   45.95908    93.40761    4096                -3.961
        912  7.60000000000   45.99063    93.06714    4096                -3.905
        913  7.60833333333   46.02030    92.72630    4096                -3.794
        914  7.61666666667   46.04807    92.38512    4096                -3.778
        915  7.62500000000   46.07394    92.04364    4096                -3.684
        916  7.63333333333   46.09791    91.70189    4096                -3.649
        917  7.64166666667   46.11997    91.35992    4096                -3.453
        918  7.65000000000   46.14012    91.01774    4096                -3.398
        919  7.65833333333   46.15835    90.67541    4096                -3.404
        920  7.66666666667   46.17467    90.33295    4096                -3.223
        921  7.67500000000   46.18907    89.99040    4096                -3.098
        922  7.68333333333   46.20155    89.64781    4096                -3.011
        923  7.69166666667   46.21210    89.30519    4096                -3.086
        924  7.70000000000   46.22073    88.96260    4096                -2.994
        925  7.70833333333   46.22743    88.62006    4096                -2.709
        926  7.71666666667   46.23221    88.27762    4096                -2.942
        927  7.72500000000   46.23505    87.93531    4096                -2.934
        928  7.73333333333   46.23597    87.59317    4096                -2.807
        929  7.74166666667   46.23495    87.25123    4096                -2.738
        930  7.75000000000   46.23201    86.90953    4096                -2.296
        931  7.75833333333   46.22714    86.56811    4096                -1.557
        932  7.76666666667   46.22035    86.22701    4096                -1.945
        933  7.77500000000   46.21162    85.88625    4096                -2.580
        934  7.78333333333   46.20098    85.54589    4096                -2.539
        935  7.79166666667   46.18841    85.20595    4096                -2.628
        936  7.80000000000   46.17392    84.86647    4096                -2.945
        937  7.80833333333   46.15751    84.52749    4096                -3.416
        938  7.81666666667   46.13919    84.18904    4096                -3.434
        939  7.82500000000   46.11896    83.85116    4096                -3.992
        940  7.83333333333   46.09682    83.51388    4096                -3.962
        941  7.84166666667   46.07277    83.17725    4096                -3.948
        942  7.85000000000   46.04683    82.84129    4096                -4.182
        943  7.85833333333   46.01899    82.50603    4096                -4.251
        944  7.86666666667   45.98925    82.17153    4096                -4.397
        945  7.87500000000   45.95764    81.83780    4096                -4.272
        946  7.88333333333   45.92414    81.50488    4096                -4.191
        947  7.89166666667   45.88876    81.17281    4096                -4.495
        948  7.90000000000   45.85152    80.84162    4096                -4.896
        949  7.90833333333   45.81242    80.51135    4096                -4.933
        950  7.91666666667   45.77145    80.18201    4096                -4.716
        951  7.92500000000   45.72864    79.85366    4096                -4.508
        952  7.93333333333   45.68399    79.52631    4096                -4.366
        953  7.94166666667   45.63750    79.20000    4096                -4.279
        954  7.95000000000   45.58918    78.87477    4096                -4.359
        955  7.95833333333   45.53904    78.55063    4096                -4.226
        956  7.96666666667   45.48709    78.22763    4096                -4.196
        957  7.97500000000   45.43334    77.90578    4096                -3.775
        958  7.98333333333   45.37779    77.58513    4096                -3.893
        959  7.99166666667   45.32045    77.26569    4096                -3.756
        960  8.00000000000   45.26134    76.94862    4096                -3.849
        961  8.00833333333   45.20046    76.63058    4096                -4.134
        962  8.01666666667   45.13782    76.31496    4096                -4.194
        963  8.02500000000   45.07343    76.00067    4096                -4.495
        964  8.03333333333   45.00730    75.68773    4096                -4.517
        965  8.04166666667   44.93944    75.37616    4096                -4.805
        966  8.05000000000   44.86986    75.06600    4096                -4.847
        967  8.05833333333   44.79857    74.75726    4096                -4.634
        968  8.06666666667   44.72559    74.44997    4096                -3.768
        969  8.07500000000   44.65092    74.14416    4096                -4.113
        970  8.08333333333   44.57457    73.83983    4096                -4.431
        971  8.09166666667   44.49656    73.53703    4096                -4.285
        972  8.10000000000   44.41689    73.23576    4096                -3.975
        973  8.10833333333   44.33558    72.93605    4096                -4.131
        974  8.11666666667   44.25264    72.63792    4096                -4.094
        975  8.12500000000   44.16809    72.34138    4096                -4.012
        976  8.13333333333   44.08192    72.04646    4096                -3.829
        977  8.14166666667   43.99416    71.75317    4096                -3.508
        978  8.15000000000   43.90482    71.46154    4096                -3.901
        979  8.15833333333   43.81391    71.17158    4096                -4.050
        980  8.16666666667   43.72144    70.88330    4096                -3.927
        981  8.17500000000   43.62743    70.59672    4096                -3.752
        982  8.18333333333   43.53188    70.31186    4096                -4.048
        983  8.19166666667   43.43481    70.02873    4096                -3.713
        984  8.20000000000   43.33624    69.74734    4096                -3.574
        985  8.20833333333   43.23617    69.46772    4096                -3.500
        986  8.21666666667   43.13462    69.18986    4096                -3.513
        987  8.22500000000   43.03160    68.91379    4096                -3.599
        988  8.23333333333   42.92713    68.63952    4096                -3.597
        989  8.24166666667   42.82122    68.36705    4096                -3.576
        990  8.25000000000   42.71388    68.09640    4096                -3.385
        991  8.25833333333   42.60512    67.82758    4096                -3.326
        992  8.26666666667   42.49496    67.56059    4096                -3.027
        993  8.27500000000   42.38341    67.29546    4096                -3.077
        994  8.28333333333   42.27049    67.03217    4096                -2.979
        995  8.29166666667   42.15621    66.77075    4096                -2.950
        996  8.30000000000   42.04058    66.51120    4096                -2.801
        997  8.30833333333   41.92362    66.25353    4096                -2.637
        998  8.31666666667   41.80533    65.99774    4096                -2.654
        999  8.32500000000   41.68574    65.74385    4096                -2.529
       1000  8.33333333333   41.56485    65.49184    4096                -2.237
       1001  8.34166666667   41.44269    65.24174    4096                -1.945
       1002  8.35000000000   41.31926    64.99355    4096                -1.840
       1003  8.35833333333   41.19457    64.74726    4096                -1.691
       1004  8.36666666667   41.06865    64.50288    4096                -1.462
       1005  8.37500000000   40.94150    64.26042    4096                -1.481
       1006  8.38333333333   40.81315    64.01988    4096                -1.490
       1007  8.39166666667   40.68359    63.78126    4096                -1.316
       1008  8.40000000000   40.55285    63.54457    4096                -0.910
       1009  8.40833333333   40.42093    63.30979    4096                -0.477
       1010  8.41666666667   40.28786    63.07695    4096                -0.666
       1011  8.42500000000   40.15365    62.84602    4096                -0.690
       1012  8.43333333333   40.01830    62.61703    4096                -0.826
       1013  8.44166666667   39.88184    62.38996    4096                -1.382
       1014  8.45000000000   39.74428    62.16482    4096                -1.515
       1015  8.45833333333   39.60562    61.94160    4096                -1.277
       1016  8.46666666667   39.46589    61.72030    4096                -1.343
       1017  8.47500000000   39.32509    61.50093    4096                -0.859
       1018  8.48333333333   39.18324    61.28347    4096                -0.327
       1019  8.49166666667   39.04036    61.06794    4096                -0.269
       1020  8.50000000000   38.89645    60.85432    4096                -0.056
       1021  8.50833333333   38.75153    60.64261    4096                 0.357
       1022  8.51666666667   38.60561    60.43282    4096                 0.872
       1023  8.52500000000   38.45870    60.22493    4096                 1.166
       1024  8.53333333333   38.31083    60.01894    4096                 1.003
       1025  8.54166666667   38.16199    59.81485    4096                 0.571
       1026  8.55000000000   38.01220    59.61265    4096                -0.039
       1027  8.55833333333   37.86149    59.41235    4096                -0.061
       1028  8.56666666667   37.70984    59.21393    4096                 0.248
       1029  8.57500000000   37.55729    59.01739    4096                 0.270
       1030  8.58333333333   37.40385    58.82273    4096                 0.410
       1031  8.59166666667   37.24951    58.62993    4096                 0.007
       1032  8.60000000000   37.09431    58.43900    4096                -0.290
       1033  8.60833333333   36.93825    58.24993    4096                -0.354
       1034  8.61666666667   36.78133    58.06271    4096                -0.590
       1035  8.62500000000   36.62358    57.87734    4096                -0.820
       1036  8.63333333333   36.46501    57.69380    4096                -0.726
       1037  8.64166666667   36.30563    57.51210    4096                -0.948
       1038  8.65000000000   36.14544    57.33222    4096                -1.250
       1039  8.65833333333   35.98446    57.15417    4096                -1.346
       1040  8.66666666667   35.82271    56.97792    4096                -1.621
       1041  8.67500000000   35.66020    56.80349    4096                -1.899
       1042  8.68333333333   35.49692    56.63084    4096                -1.996
       1043  8.69166666667   35.33291    56.45999    4096                -1.911
       1044  8.70000000000   35.16816    56.29092    4096                -0.950
       1045  8.70833333333   35.00269    56.12363    4096                -0.071
       1046  8.71666666667   34.83652    55.95810    4096                -0.104
       1047  8.72500000000   34.66964    55.79433    4096                -1.252
       1048  8.73333333333   34.50208    55.63231    4096                -1.782
       1049  8.74166666667   34.33384    55.47203    4096                -1.805
       1050  8.75000000000   34.16494    55.31348    4096                -1.627
       1051  8.75833333333   33.99537    55.15667    4096                -1.722
       1052  8.76666666667   33.82517    55.00156    4096                -2.198
       1053  8.77500000000   33.65433    54.84817    4096                -2.288
       1054  8.78333333333   33.48286    54.69647    4096                -1.718
       1055  8.79166666667   33.31078    54.54647    4096                -2.317
       1056  8.80000000000   33.13810    54.39815    4096                -2.428
       1057  8.80833333333   32.96483    54.25150    4096                -2.292
       1058  8.81666666667   32.79096    54.10651    4096                -1.824
       1059  8.82500000000   32.61653    53.96318    4096                -1.567
       1060  8.83333333333   32.44153    53.82149    4096                -1.566
       1061  8.84166666667   32.26598    53.68144    4096                -1.667
       1062  8.85000000000   32.08988    53.54302    4096                -1.322
       1063  8.85833333333   31.91325    53.40622    4096                -1.690
       1064  8.86666666667   31.73609    53.27103    4096                -1.508
       1065  8.87500000000   31.55841    53.13743    4096                -1.417
       1066  8.88333333333   31.38022    53.00543    4096                -1.559
       1067  8.89166666667   31.20154    52.87501    4096                -1.089
       1068  8.90000000000   31.02237    52.74616    4096                -0.145
       1069  8.90833333333   30.84272    52.61887    4096                -1.048
       1070  8.91666666667   30.66259    52.49313    4096                -0.554
       1071  8.92500000000   30.48200    52.36894    4096                -1.872
       1072  8.93333333333   30.30096    52.24629    4096                -2.280
       1073  8.94166666667   30.11947    52.12515    4096                -2.562
       1074  8.95000000000   29.93755    52.00554    4096                -2.883
       1075  8.95833333333   29.75519    51.88743    4096                -3.613
       1076  8.96666666667   29.57242    51.77082    4096                -3.876
       1077  8.97500000000   29.38923    51.65569    4096                -4.145
       1078  8.98333333333   29.20564    51.54204    4096                -4.202
       1079  8.99166666667   29.02165    51.42986    4096                -4.219
       1080  9.00000000000   28.83727    51.31914    4096                -4.060
       1081  9.00833333333   28.65251    51.20987    4096                -4.193
       1082  9.01666666667   28.46738    51.10204    4096                -4.244
       1083  9.02500000000   28.28189    50.99565    4096                -4.256
       1084  9.03333333333   28.09603    50.89067    4096                -4.125
       1085  9.04166666667   27.90983    50.78711    4096                -4.109
       1086  9.05000000000   27.72328    50.68495    4096                -4.246
       1087  9.05833333333   27.53640    50.58418    4096                -4.280
       1088  9.06666666667   27.34919    50.48480    4096                -3.765
       1089  9.07500000000   27.16166    50.38680    4096                -4.003
       1090  9.08333333333   26.97382    50.29016    4096                -3.943
       1091  9.09166666667   26.78567    50.19488    4096                -3.879
       1092  9.10000000000   26.59722    50.10095    4096                -3.886
       1093  9.10833333333   26.40848    50.00836    4096                -3.916
       1094  9.11666666667   26.21945    49.91710    4096                -4.038
       1095  9.12500000000   26.03014    49.82716    4096                -3.964
       1096  9.13333333333   25.84055    49.73853    4096                -3.984
       1097  9.14166666667   25.65070    49.65121    4096                -3.891
       1098  9.15000000000   25.46060    49.56518    4096                -3.886
       1099  9.15833333333   25.27023    49.48044    4096                -3.977
       1100  9.16666666667   25.07962    49.39697    4096                -3.923
       1101  9.17500000000   24.88877    49.31478    4096                -3.799
       1102  9.18333333333   24.69769    49.23384    4096                -3.750
       1103  9.19166666667   24.50637    49.15416    4096                -3.510
       1104  9.20000000000   24.31483    49.07572    4096                -3.568
       1105  9.20833333333   24.12308    48.99851    4096                -2.959
       1106  9.21666666667   23.93111    48.92253    4096                -3.338
       1107  9.22500000000   23.73894    48.84776    4096                -3.217
       1108  9.23333333333   23.54657    48.77421    4096                -3.121
       1109  9.24166666667   23.35401    48.70185    4096                -2.865
       1110  9.25000000000   23.16125    48.63069    4096                -2.875
       1111  9.25833333333   22.96832    48.56071    4096                -2.677
       1112  9.26666666667   22.77520    48.49191    4096                -2.869
       1113  9.27500000000   22.58192    48.42428    4096                -2.696
       1114  9.28333333333   22.38846    48.35780    4096                -2.547
       1115  9.29166666667   22.19485    48.29248    4096                -2.386
       1116  9.30000000000   22.00108    48.22830    4096                -2.240
       1117  9.30833333333   21.80716    48.16526    4096                -1.820
       1118  9.31666666667   21.61309    48.10334    4096                -1.229
       1119  9.32500000000   21.41888    48.04255    4096                -1.215
       1120  9.33333333333   21.22454    47.98287    4096                -0.698
       1121  9.34166666667   21.03006    47.92429    4096                -0.368
       1122  9.35000000000   20.83546    47.86681    4096                -0.475
       1123  9.35833333333   20.64073    47.81041    4096                -0.538
       1124  9.36666666667   20.44589    47.75510    4096                -0.395
       1125  9.37500000000   20.25093    47.70087    4096                -0.496
       1126  9.38333333333   20.05587    47.64770    4096                -0.505
       1127  9.39166666667   19.86070    47.59559    4096                 0.118
       1128  9.40000000000   19.66543    47.54453    4096                 0.063
       1129  9.40833333333   19.47007    47.49451    4096                 0.242
       1130  9.41666666667   19.27462    47.44554    4096                 0.638
       1131  9.42500000000   19.07908    47.39759    4096                 0.045
       1132  9.43333333333   18.88346    47.35067    4096                 1.367
       1133  9.44166666667   18.68776    47.30476    4096                 0.804
       1134  9.45000000000   18.49199    47.25986    4096                 0.207
       1135  9.45833333333   18.29615    47.21597    4096                 1.364
       1136  9.46666666667   18.10024    47.17307    4096                 1.016
       1137  9.47500000000   17.90427    47.13115    4096                 2.152
       1138  9.48333333333   17.70824    47.09022    4096                 1.348
       1139  9.49166666667   17.51216    47.05027    4096                 1.371
       1140  9.50000000000   17.31602    47.01128    4096                 2.305
       1141  9.50833333333   17.11984    46.97325    4096                 1.271
       1142  9.51666666667   16.92362    46.93618    4096                 1.889
       1143  9.52500000000   16.72736    46.90006    4096                 1.069
       1144  9.53333333333   16.53106    46.86488    4096                 1.480
       1145  9.54166666667   16.33473    46.83063    4096                 2.243
       1146  9.55000000000   16.13837    46.79731    4096                 1.695
       1147  9.55833333333   15.94199    46.76492    4096                 2.199
       1148  9.56666666667   15.74559    46.73344    4096                 2.344
       1149  9.57500000000   15.54916    46.70287    4096                 2.793
       1150  9.58333333333   15.35272    46.67320    4096                 1.993
       1151  9.59166666667   15.15627    46.64444    4096                 1.916
       1152  9.60000000000   14.95981    46.61656    4096                 2.273
       1153  9.60833333333   14.76334    46.58957    4096                 2.702
       1154  9.61666666667   14.56687    46.56346    4096                 1.856
       1155  9.62500000000   14.37041    46.53823    4096                 2.165
       1156  9.63333333333   14.17394    46.51386    4096                 2.886
       1157  9.64166666667   13.97748    46.49035    4096                 2.462
       1158  9.65000000000   13.78103    46.46770    4096                 2.314
       1159  9.65833333333   13.58460    46.44590    4096                 2.498
       1160  9.66666666667   13.38818    46.42495    4096                 2.837
       1161  9.67500000000   13.19177    46.40483    4096                 2.020
       1162  9.68333333333   12.99539    46.38555    4096                 3.129
       1163  9.69166666667   12.79903    46.36709    4096                 3.009
       1164  9.70000000000   12.60270    46.34946    4096                 2.117
       1165  9.70833333333   12.40640    46.33265    4096                 2.441
       1166  9.71666666667   12.21013    46.31665    4096                 2.068
       1167  9.72500000000   12.01389    46.30145    4096                 4.189
       1168  9.73333333333   11.81769    46.28705    4096                 4.563
       1169  9.74166666667   11.62153    46.27346    4096                 3.715
       1170  9.75000000000   11.42541    46.26065    4096                 4.745
       1171  9.75833333333   11.22933    46.24862    4096                 4.042
       1172  9.76666666667   11.03331    46.23738    4096                 4.387
       1173  9.77500000000   10.83733    46.22691    4096                 4.296
       1174  9.78333333333   10.64140    46.21721    4096                 4.331
       1175  9.79166666667   10.44552    46.20828    4096                 4.523
       1176  9.80000000000   10.24971    46.20011    4096                 4.472
       1177  9.80833333333   10.05395    46.19269    4096                 4.571
       1178  9.81666666667    9.85825    46.18603    4096                 5.210
       1179  9.82500000000    9.66261    46.18010    4096                 5.787
       1180  9.83333333333    9.46704    46.17492    4096                 5.781
       1181  9.84166666667    9.27153    46.17048    4096                 6.239
       1182  9.85000000000    9.07610    46.16677    4096                 5.422
       1183  9.85833333333    8.88073    46.16378    4096                 5.664
       1184  9.86666666667    8.68544    46.16152    4096                 6.792
       1185  9.87500000000    8.49022    46.15997    4096                 5.931
       1186  9.88333333333    8.29508    46.15914    4096                 6.396
       1187  9.89166666667    8.10002    46.15901    4096                 6.481
       1188  9.90000000000    7.90504    46.15959    4096                 5.614
       1189  9.90833333333    7.71014    46.16087    4096                 7.088
       1190  9.91666666667    7.51533    46.16284    4096                 6.743
       1191  9.92500000000    7.32060    46.16551    4096                 5.589
       1192  9.93333333333    7.12597    46.16886    4096                 4.510
       1193  9.94166666667    6.93142    46.17289    4096                 5.271
       1194  9.95000000000    6.73696    46.17760    4096                 5.511
       1195  9.95833333333    6.54260    46.18299    4096                 7.064
       1196  9.96666666667    6.34833    46.18904    4096                 5.530
       1197  9.97500000000    6.15416    46.19577    4096                 4.606
       1198  9.98333333333    5.96008    46.20315    4096                 4.848
       1199  9.99166666667    5.76611    46.21119    4096                 4.798
       1200 10.00000000000    5.57308    46.22055    4096                 4.810
       1201 10.00833333333    5.37847    46.22922    4096                 4.715
       1202 10.01666666667    5.18480    46.23921    4096                 4.695
       2396 19.96666666667    5.62287   323.55375    4096                 3.259
       2397 19.97500000000    5.81182   323.50798    4096                 3.349
       2398 19.98333333333    6.00065   323.46141    4096                 3.374
       2399 19.99166666667    6.18934   323.41404    4096                 3.249
       2400 20.00000000000    6.37645   323.36615    4096                 3.150
       2401 20.00833333333    6.56631   323.31687    4096                 3.107
       2402 20.01666666667    6.75458   323.26706    4096                 3.116
       2403 20.02500000000    6.94270   323.21643    4096                 3.390
       2404 20.03333333333    7.13068   323.16497    4096                 3.382
       2405 20.04166666667    7.31849   323.11269    4096                 3.331
       2406 20.05000000000    7.50615   323.05957    4096                 3.233
       2407 20.05833333333    7.69365   323.00562    4096                 3.237
       2408 20.06666666667    7.88099   322.95082    4096                 3.107
       2409 20.07500000000    8.06815   322.89517    4096                 2.937
       2410 20.08333333333    8.25514   322.83868    4096                 3.015
       2411 20.09166666667    8.44195   322.78133    4096                 2.971
       2412 20.10000000000    8.62858   322.72312    4096                 2.918
       2413 20.10833333333    8.81503   322.66404    4096                 2.907
       2414 20.11666666667    9.00129   322.60410    4096                 2.953
       2415 20.12500000000    9.18735   322.54329    4096                 2.900
       2416 20.13333333333    9.37322   322.48160    4096                 2.928
       2417 20.14166666667    9.55889   322.41902    4096                 2.934
       2418 20.15000000000    9.74435   322.35556    4096                 2.981
       2419 20.15833333333    9.92960   322.29121    4096                 3.105
       2420 20.16666666667   10.11464   322.22596    4096                 3.152
       2421 20.17500000000   10.29946   322.15982    4096                 3.151
       2422 20.18333333333   10.48406   322.09277    4096                 3.170
       2423 20.19166666667   10.66843   322.02481    4096                 3.267
       2424 20.20000000000   10.85256   321.95594    4096                 3.150
       2425 20.20833333333   11.03647   321.88615    4096                 3.079
       2426 20.21666666667   11.22013   321.81543    4096                 3.023
       2427 20.22500000000   11.40355   321.74379    4096                 2.995
       2428 20.23333333333   11.58672   321.67122    4096                 2.980
       2429 20.24166666667   11.76963   321.59772    4096                 2.942
       2430 20.25000000000   11.95229   321.52327    4096                 2.923
       2431 20.25833333333   12.13468   321.44787    4096                 2.821
       2432 20.26666666667   12.31681   321.37153    4096                 2.715
       2433 20.27500000000   12.49866   321.29423    4096                 2.691
       2434 20.28333333333   12.68023   321.21597    4096                 2.611
       2435 20.29166666667   12.86152   321.13675    4096                 2.587
       2436 20.30000000000   13.04253   321.05656    4096                 2.519
       2437 20.30833333333   13.22324   320.97539    4096                 2.420
       2438 20.31666666667   13.40365   320.89325    4096                 2.362
       2439 20.32500000000   13.58376   320.81013    4096                 2.236
       2440 20.33333333333   13.76356   320.72601    4096                 2.224
       2441 20.34166666667   13.94305   320.64091    4096                 2.149
       2442 20.35000000000   14.12222   320.55481    4096                 2.162
       2443 20.35833333333   14.30107   320.46770    4096                 2.079
       2444 20.36666666667   14.47959   320.37960    4096                 1.964
       2445 20.37500000000   14.65777   320.29048    4096                 1.846
       2446 20.38333333333   14.83562   320.20034    4096                 1.751
       2447 20.39166666667   15.01312   320.10919    4096                 1.711
       2448 20.40000000000   15.19026   320.01701    4096                 1.609
       2449 20.40833333333   15.36706   319.92380    4096                 1.587
       2450 20.41666666667   15.54349   319.82956    4096                 1.540
       2451 20.42500000000   15.71955   319.73428    4096                 1.491
       2452 20.43333333333   15.89524   319.63795    4096                 1.615
       2453 20.44166666667   16.07055   319.54058    4096                 1.637
       2454 20.45000000000   16.24548   319.44216    4096                 1.633
       2455 20.45833333333   16.42001   319.34268    4096                 1.603
       2456 20.46666666667   16.59415   319.24214    4096                 1.490
       2457 20.47500000000   16.76789   319.14053    4096                 1.394
       2458 20.48333333333   16.94122   319.03785    4096                 1.290
       2459 20.49166666667   17.11413   318.93409    4096                 1.238
       2460 20.50000000000   17.28662   318.82926    4096                 1.181
       2461 20.50833333333   17.45869   318.72334    4096                 1.217
       2462 20.51666666667   17.63032   318.61634    4096                 1.098
       2463 20.52500000000   17.80152   318.50824    4096                 1.075
       2464 20.53333333333   17.97227   318.39904    4096                 1.048
       2465 20.54166666667   18.14256   318.28874    4096                 1.004
       2466 20.55000000000   18.31240   318.17734    4096                 0.958
       2467 20.55833333333   18.48177   318.06482    4096                 0.835
       2468 20.56666666667   18.65068   317.95120    4096                 0.761
       2469 20.57500000000   18.81910   317.83645    4096                 0.688
       2470 20.58333333333   18.98704   317.72058    4096                 0.603
       2471 20.59166666667   19.15449   317.60358    4096                 0.519
       2472 20.60000000000   19.32145   317.48545    4096                 0.459
       2473 20.60833333333   19.48789   317.36618    4096                 0.347
       2474 20.61666666667   19.65383   317.24577    4096                 0.251
       2475 20.62500000000   19.81925   317.12422    4096                 0.169
       2476 20.63333333333   19.98414   317.00152    4096                 0.087
       2477 20.64166666667   20.14850   316.87767    4096                 0.011
       2478 20.65000000000   20.31233   316.75267    4096                -0.082
       2479 20.65833333333   20.47561   316.62650    4096                -0.134
       2480 20.66666666667   20.63833   316.49917    4096                -0.230
       2481 20.67500000000   20.80050   316.37068    4096                -0.290
       2482 20.68333333333   20.96209   316.24101    4096                -0.405
       2483 20.69166666667   21.12312   316.11017    4096                -0.496
       2484 20.70000000000   21.28356   315.97815    4096                -0.569
       2485 20.70833333333   21.44341   315.84495    4096                -0.672
       2486 20.71666666667   21.60267   315.71056    4096                -0.713
       2487 20.72500000000   21.76133   315.57498    4096                -0.802
       2488 20.73333333333   21.91937   315.43822    4096                -0.907
       2489 20.74166666667   22.07679   315.30026    4096                -0.995
       2490 20.75000000000   22.23359   315.16109    4096                -1.126
       2491 20.75833333333   22.38976   315.02073    4096                -1.232
       2492 20.76666666667   22.54528   314.87916    4096                -1.304
       2493 20.77500000000   22.70015   314.73639    4096                -1.451
       2494 20.78333333333   22.85437   314.59240    4096                -1.533
       2495 20.79166666667   23.00793   314.44721    4096                -1.637
       2496 20.80000000000   23.16081   314.30079    4096                -1.718
       2497 20.80833333333   23.31301   314.15316    4096                -1.782
       2498 20.81666666667   23.46452   314.00430    4096                -1.864
       2499 20.82500000000   23.61534   313.85423    4096                -1.968
       2500 20.83333333333   23.76546   313.70292    4096                -2.119
       2501 20.84166666667   23.91486   313.55039    4096                -2.215
       2502 20.85000000000   24.06355   313.39663    4096                -2.290
       2503 20.85833333333   24.21150   313.24163    4096                -2.343
       2504 20.86666666667   24.35872   313.08540    4096                -2.448
       2505 20.87500000000   24.50520   312.92794    4096                -2.523
       2506 20.88333333333   24.65093   312.76923    4096                -2.622
       2507 20.89166666667   24.79589   312.60929    4096                -2.675
       2508 20.90000000000   24.94009   312.44810    4096                -2.737
       2509 20.90833333333   25.08351   312.28567    4096                -2.772
       2510 20.91666666667   25.22615   312.12200    4096                -2.825
       2511 20.92500000000   25.36799   311.95709    4096                -2.857
       2512 20.93333333333   25.50904   311.79092    4096                -2.913
       2513 20.94166666667   25.64927   311.62351    4096                -2.933
       2514 20.95000000000   25.78868   311.45485    4096                -2.942
       2515 20.95833333333   25.92727   311.28495    4096                -2.991
       2516 20.96666666667   26.06502   311.11379    4096                -3.108
       2517 20.97500000000   26.20193   310.94139    4096                -3.149
       2518 20.98333333333   26.33799   310.76773    4096                -3.239
       2519 20.99166666667   26.47319   310.59283    4096                -3.328
       2520 21.00000000000   26.60752   310.41667    4096                -3.359
       2521 21.00833333333   26.74097   310.23927    4096                -3.380
       2522 21.01666666667   26.87354   310.06062    4096                -3.462
       2523 21.02500000000   27.00521   309.88072    4096                -3.489
       2524 21.03333333333   27.13598   309.69957    4096                -3.542
       2525 21.04166666667   27.26584   309.51717    4096                -3.583
       2526 21.05000000000   27.39478   309.33353    4096                -3.639
       2527 21.05833333333   27.52279   309.14865    4096                -3.700
       2528 21.06666666667   27.64986   308.96252    4096                -3.746
       2529 21.07500000000   27.77598   308.77514    4096                -3.822
       2530 21.08333333333   27.90115   308.58653    4096                -3.864
       2531 21.09166666667   28.02536   308.39668    4096                -3.894
       2532 21.10000000000   28.14860   308.20560    4096                -3.954
       2533 21.10833333333   28.27086   308.01327    4096                -4.037
       2534 21.11666666667   28.39213   307.81972    4096                -4.089
       2535 21.12500000000   28.51240   307.62494    4096                -4.131
       2536 21.13333333333   28.63166   307.42893    4096                -4.150
       2537 21.14166666667   28.74991   307.23170    4096                -4.165
       2538 21.15000000000   28.86714   307.03325    4096                -4.188
       2539 21.15833333333   28.98333   306.83358    4096                -4.230
       2540 21.16666666667   29.09849   306.63270    4096                -4.254
       2541 21.17500000000   29.21259   306.43061    4096                -4.276
       2542 21.18333333333   29.32564   306.22731    4096                -4.285
       2543 21.19166666667   29.43762   306.02282    4096                -4.300
       2544 21.20000000000   29.54853   305.81712    4096                -4.308
       2545 21.20833333333   29.65836   305.61024    4096                -4.340
       2546 21.21666666667   29.76709   305.40216    4096                -4.380
       2547 21.22500000000   29.87472   305.19291    4096                -4.394
       2548 21.23333333333   29.98125   304.98247    4096                -4.422
       2549 21.24166666667   30.08666   304.77087    4096                -4.459
       2550 21.25000000000   30.19095   304.55810    4096                -4.482
       2551 21.25833333333   30.29410   304.34416    4096                -4.533
       2552 21.26666666667   30.39611   304.12908    4096                -4.558
       2553 21.27500000000   30.49697   303.91285    4096                -4.580
       2554 21.28333333333   30.59668   303.69547    4096                -4.623
       2555 21.29166666667   30.69522   303.47696    4096                -4.663
       2556 21.30000000000   30.79258   303.25732    4096                -4.688
       2557 21.30833333333   30.88877   303.03657    4096                -4.708
       2558 21.31666666667   30.98376   302.81470    4096                -4.738
       2559 21.32500000000   31.07756   302.59172    4096                -4.761
       2560 21.33333333333   31.17015   302.36765    4096                -4.773
       2561 21.34166666667   31.26153   302.14249    4096                -4.790
       2562 21.35000000000   31.35169   301.91625    4096                -4.827
       2563 21.35833333333   31.44061   301.68894    4096                -4.842
       2564 21.36666666667   31.52831   301.46056    4096                -4.877
       2565 21.37500000000   31.61476   301.23114    4096                -4.873
       2566 21.38333333333   31.69996   301.00066    4096                -4.887
       2567 21.39166666667   31.78390   300.76915    4096                -4.904
       2568 21.40000000000   31.86657   300.53662    4096                -4.941
       2569 21.40833333333   31.94798   300.30307    4096                -4.976
       2570 21.41666666667   32.02810   300.06851    4096                -4.997
       2571 21.42500000000   32.10693   299.83296    4096                -5.005
       2572 21.43333333333   32.18447   299.59643    4096                -5.009
       2573 21.44166666667   32.26072   299.35892    4096                -5.023
       2574 21.45000000000   32.33565   299.12046    4096                -5.027
       2575 21.45833333333   32.40927   298.88104    4096                -5.029
       2576 21.46666666667   32.48156   298.64068    4096                -5.057
       2577 21.47500000000   32.55253   298.39940    4096                -5.076
       2578 21.48333333333   32.62217   298.15720    4096                -5.080
       2579 21.49166666667   32.69047   297.91409    4096                -5.116
       2580 21.50000000000   32.75742   297.67010    4096                -5.126
       2581 21.50833333333   32.82302   297.42523    4096                -5.121
       2582 21.51666666667   32.88725   297.17950    4096                -5.141
       2583 21.52500000000   32.95013   296.93291    4096                -5.158
       2584 21.53333333333   33.01164   296.68549    4096                -5.151
       2585 21.54166666667   33.07177   296.43724    4096                -5.144
       2586 21.55000000000   33.13051   296.18818    4096                -5.138
       2587 21.55833333333   33.18788   295.93833    4096                -5.148
       2588 21.56666666667   33.24385   295.68769    4096                -5.179
       2589 21.57500000000   33.29842   295.43628    4096                -5.179
       2590 21.58333333333   33.35159   295.18412    4096                -5.194
       2591 21.59166666667   33.40336   294.93122    4096                -5.207
       2592 21.60000000000   33.45371   294.67759    4096                -5.214
       2593 21.60833333333   33.50265   294.42326    4096                -5.216
       2594 21.61666666667   33.55016   294.16823    4096                -5.225
       2595 21.62500000000   33.59625   293.91253    4096                -5.234
       2596 21.63333333333   33.64092   293.65616    4096                -5.222
       2597 21.64166666667   33.68415   293.39914    4096                -5.227
       2598 21.65000000000   33.72594   293.14149    4096                -5.219
       2599 21.65833333333   33.76629   292.88323    4096                -5.227
       2600 21.66666666667   33.80520   292.62437    4096                -5.223
       2601 21.67500000000   33.84265   292.36492    4096                -5.228
       2602 21.68333333333   33.87866   292.10491    4096                -5.233
       2603 21.69166666667   33.91321   291.84435    4096                -5.229
       2604 21.70000000000   33.94631   291.58326    4096                -5.230
       2605 21.70833333333   33.97794   291.32165    4096                -5.222
       2606 21.71666666667   34.00811   291.05954    4096                -5.228
       2607 21.72500000000   34.03682   290.79695    4096                -5.252
       2608 21.73333333333   34.06406   290.53389    4096                -5.242
       2609 21.74166666667   34.08982   290.27039    4096                -5.245
       2610 21.75000000000   34.11412   290.00646    4096                -5.265
       2611 21.75833333333   34.13694   289.74211    4096                -5.258
       2612 21.76666666667   34.15828   289.47737    4096                -5.280
       2613 21.77500000000   34.17814   289.21226    4096                -5.278
       2614 21.78333333333   34.19653   288.94678    4096                -5.277
       2615 21.79166666667   34.21344   288.68096    4096                -5.284
       2616 21.80000000000   34.22886   288.41482    4096                -5.274
       2617 21.80833333333   34.24280   288.14837    4096                -5.237
       2618 21.81666666667   34.25526   287.88164    4096                -5.244
       2619 21.82500000000   34.26623   287.61463    4096                -5.240
       2620 21.83333333333   34.27572   287.34737    4096                -5.222
       2621 21.84166666667   34.28373   287.07988    4096                -5.219
       2622 21.85000000000   34.29024   286.81217    4096                -5.212
       2623 21.85833333333   34.29528   286.54426    4096                -5.211
       2624 21.86666666667   34.29883   286.27618    4096                -5.201
       2625 21.87500000000   34.30089   286.00793    4096                -5.176
       2626 21.88333333333   34.30148   285.73954    4096                -5.174
       2627 21.89166666667   34.30057   285.47102    4096                -5.153
       2628 21.90000000000   34.29819   285.20240    4096                -5.138
       2629 21.90833333333   34.29433   284.93368    4096                -5.150
       2630 21.91666666667   34.28898   284.66490    4096                -5.126
       2631 21.92500000000   34.28216   284.39606    4096                -5.101
       2632 21.93333333333   34.27386   284.12718    4096                -5.086
       2633 21.94166666667   34.26408   283.85829    4096                -5.064
       2634 21.95000000000   34.25283   283.58939    4096                -5.043
       2635 21.95833333333   34.24011   283.32052    4096                -5.025
       2636 21.96666666667   34.22593   283.05168    4096                -5.003
       2637 21.97500000000   34.21027   282.78289    4096                -4.982
       2638 21.98333333333   34.19315   282.51417    4096                -4.937
       2639 21.99166666667   34.17457   282.24555    4096                -4.902
       2640 22.00000000000   34.15453   281.97702    4096                -4.874
       2641 22.00833333333   34.13303   281.70862    4096                -4.868
       2642 22.01666666667   34.11008   281.44036    4096                -4.831
       2643 22.02500000000   34.08569   281.17225    4096                -4.798
       2644 22.03333333333   34.05984   280.90432    4096                -4.785
       2645 22.04166666667   34.03256   280.63658    4096                -4.762
       2646 22.05000000000   34.00384   280.36904    4096                -4.733
       2647 22.05833333333   33.97368   280.10173    4096                -4.682
       2648 22.06666666667   33.94209   279.83465    4096                -4.647
       2649 22.07500000000   33.90908   279.56784    4096                -4.632
       2650 22.08333333333   33.87464   279.30129    4096                -4.617
       2651 22.09166666667   33.83879   279.03503    4096                -4.572
       2652 22.10000000000   33.80152   278.76908    4096                -4.529
       2653 22.10833333333   33.76285   278.50344    4096                -4.490
       2654 22.11666666667   33.72277   278.23814    4096                -4.463
       2655 22.12500000000   33.68130   277.97319    4096                -4.410
       2656 22.13333333333   33.63843   277.70860    4096                -4.367
       2657 22.14166666667   33.59418   277.44439    4096                -4.349
       2658 22.15000000000   33.54854   277.18058    4096                -4.296
       2659 22.15833333333   33.50153   276.91717    4096                -4.247
       2660 22.16666666667   33.45315   276.65419    4096                -4.187
       2661 22.17500000000   33.40341   276.39165    4096                -4.137
       2662 22.18333333333   33.35230   276.12956    4096                -4.100
       2663 22.19166666667   33.29985   275.86793    4096                -4.033
       2664 22.20000000000   33.24604   275.60678    4096                -3.980
       2665 22.20833333333   33.19090   275.34612    4096                -3.913
       2666 22.21666666667   33.13442   275.08597    4096                -3.873
       2667 22.22500000000   33.07662   274.82633    4096                -3.815
       2668 22.23333333333   33.01750   274.56723    4096                -3.800
       2669 22.24166666667   32.95706   274.30866    4096                -3.688
       2670 22.25000000000   32.89532   274.05066    4096                -3.622
       2671 22.25833333333   32.83227   273.79322    4096                -3.586
       2672 22.26666666667   32.76794   273.53636    4096                -3.526
       2673 22.27500000000   32.70232   273.28009    4096                -3.445
       2674 22.28333333333   32.63542   273.02442    4096                -3.357
       2675 22.29166666667   32.56725   272.76936    4096                -3.288
       2676 22.30000000000   32.49782   272.51493    4096                -3.247
       2677 22.30833333333   32.42713   272.26113    4096                -3.157
       2678 22.31666666667   32.35519   272.00798    4096                -3.063
       2679 22.32500000000   32.28202   271.75548    4096                -2.993
       2680 22.33333333333   32.20761   271.50365    4096                -2.917
       2681 22.34166666667   32.13197   271.25249    4096                -2.880
       2682 22.35000000000   32.05512   271.00201    4096                -2.844
       2683 22.35833333333   31.97706   270.75223    4096                -2.813
       2684 22.36666666667   31.89780   270.50315    4096                -2.788
       2685 22.37500000000   31.81735   270.25478    4096                -2.761
       2686 22.38333333333   31.73571   270.00714    4096                -2.701
       2687 22.39166666667   31.65290   269.76022    4096                -2.537
       2688 22.40000000000   31.56892   269.51403    4096                -2.380
       2689 22.40833333333   31.48378   269.26859    4096                -2.228
       2690 22.41666666667   31.39749   269.02390    4096                -2.133
       2691 22.42500000000   31.31006   268.77997    4096                -2.037
       2692 22.43333333333   31.22149   268.53681    4096                -1.922
       2693 22.44166666667   31.13180   268.29442    4096                -1.812
       2694 22.45000000000   31.04099   268.05280    4096                -1.721
       2695 22.45833333333   30.94908   267.81198    4096                -1.643
       2696 22.46666666667   30.85606   267.57194    4096                -1.562
       2697 22.47500000000   30.76196   267.33271    4096                -1.489
       2698 22.48333333333   30.66677   267.09427    4096                -1.406
       2699 22.49166666667   30.57051   266.85665    4096                -1.341
       2700 22.50000000000   30.47319   266.61984    4096                -1.301
       2701 22.50833333333   30.37481   266.38385    4096                -1.274
       2702 22.51666666667   30.27539   266.14869    4096                -1.203
       2703 22.52500000000   30.17493   265.91435    4096                -1.100
       2704 22.53333333333   30.07344   265.68085    4096                -1.013
       2705 22.54166666667   29.97094   265.44819    4096                -0.931
       2706 22.55000000000   29.86742   265.21637    4096                -0.845
       2707 22.55833333333   29.76290   264.98539    4096                -0.740
       2708 22.56666666667   29.65740   264.75526    4096                -0.679
       2709 22.57500000000   29.55091   264.52599    4096                -0.625
       2710 22.58333333333   29.44344   264.29757    4096                -0.532
       2711 22.59166666667   29.33502   264.07000    4096                -0.455
       2712 22.60000000000   29.22563   263.84330    4096                -0.388
       2713 22.60833333333   29.11530   263.61747    4096                -0.317
       2714 22.61666666667   29.00404   263.39250    4096                -0.236
       2715 22.62500000000   28.89185   263.16840    4096                -0.136
       2716 22.63333333333   28.77874   262.94517    4096                -0.034
       2717 22.64166666667   28.66472   262.72281    4096                 0.085
       2718 22.65000000000   28.54979   262.50132    4096                 0.171
       2719 22.65833333333   28.43398   262.28071    4096                 0.288
       2720 22.66666666667   28.31729   262.06098    4096                 0.417
       2721 22.67500000000   28.19972   261.84212    4096                 0.472
       2722 22.68333333333   28.08129   261.62415    4096                 0.574
       2723 22.69166666667   27.96201   261.40705    4096                 0.723
       2724 22.70000000000   27.84188   261.19083    4096                 0.828
       2725 22.70833333333   27.72092   260.97549    4096                 0.921
       2726 22.71666666667   27.59912   260.76103    4096                 0.998
       2727 22.72500000000   27.47651   260.54745    4096                 1.118
       2728 22.73333333333   27.35309   260.33475    4096                 1.223
       2729 22.74166666667   27.22887   260.12294    4096                 1.323
       2730 22.75000000000   27.10386   259.91200    4096                 1.453
       2731 22.75833333333   26.97807   259.70194    4096                 1.553
       2732 22.76666666667   26.85151   259.49275    4096                 1.662
       2733 22.77500000000   26.72418   259.28445    4096                 1.805
       2734 22.78333333333   26.59609   259.07702    4096                 1.943
       2735 22.79166666667   26.46726   258.87047    4096                 2.099
       2736 22.80000000000   26.33769   258.66479    4096                 2.270
       2737 22.80833333333   26.20740   258.45998    4096                 2.425
       2738 22.81666666667   26.07638   258.25605    4096                 2.567
       2739 22.82500000000   25.94466   258.05298    4096                 2.753
       2740 22.83333333333   25.81223   257.85078    4096                 2.956
       2741 22.84166666667   25.67911   257.64945    4096                 3.105
       2742 22.85000000000   25.54530   257.44898    4096                 3.244
       2743 22.85833333333   25.41082   257.24937    4096                 3.363
       2744 22.86666666667   25.27567   257.05062    4096                 3.553
       2745 22.87500000000   25.13986   256.85273    4096                 3.729
       2746 22.88333333333   25.00340   256.65569    4096                 3.889
       2747 22.89166666667   24.86630   256.45950    4096                 4.005
       2748 22.90000000000   24.72857   256.26416    4096                 4.153
       2749 22.90833333333   24.59021   256.06967    4096                 4.311
       2750 22.91666666667   24.45123   255.87602    4096                 4.521
       2751 22.92500000000   24.31165   255.68321    4096                 4.681
       2752 22.93333333333   24.17147   255.49124    4096                 4.821
       2753 22.94166666667   24.03070   255.30010    4096                 4.906
       2754 22.95000000000   23.88934   255.10979    4096                 5.067
       2755 22.95833333333   23.74741   254.92031    4096                 5.175
       2756 22.96666666667   23.60492   254.73165    4096                 5.325
       2757 22.97500000000   23.46186   254.54382    4096                 5.510
       2758 22.98333333333   23.31826   254.35680    4096                 5.677
       2759 22.99166666667   23.17411   254.17059    4096                 5.839
       2760 23.00000000000   23.02943   253.98519    4096                 5.853
       2761 23.00833333333   22.88422   253.80059    4096                 5.949
       2762 23.01666666667   22.73849   253.61680    4096                 6.050
       2763 23.02500000000   22.59226   253.43380    4096                 6.275
       2764 23.03333333333   22.44552   253.25160    4096                 6.433
       2765 23.04166666667   22.29828   253.07018    4096                 6.651
       2766 23.05000000000   22.15056   252.88955    4096                 6.750
       2767 23.05833333333   22.00236   252.70970    4096                 6.949
       2768 23.06666666667   21.85369   252.53062    4096                 7.151
       2769 23.07500000000   21.70455   252.35232    4096                 7.366
       2770 23.08333333333   21.55496   252.17478    4096                 7.543
       2771 23.09166666667   21.40492   251.99801    4096                 7.686
       2772 23.10000000000   21.25443   251.82200    4096                 7.878
       2773 23.10833333333   21.10352   251.64673    4096                 8.045
       2774 23.11666666667   20.95217   251.47222    4096                 8.247
       2775 23.12500000000   20.80041   251.29845    4096                 8.413
       2776 23.13333333333   20.64823   251.12542    4096                 8.597
       2777 23.14166666667   20.49565   250.95313    4096                 8.821
       2778 23.15000000000   20.34267   250.78156    4096                 9.011
       2779 23.15833333333   20.18930   250.61072    4096                 9.212
       2780 23.16666666667   20.03555   250.44060    4096                 9.409
       2781 23.17500000000   19.88142   250.27119    4096                 9.589
       2782 23.18333333333   19.72692   250.10250    4096                 9.822
       2783 23.19166666667   19.57206   249.93450    4096                10.080
       2784 23.20000000000   19.41684   249.76721    4096                10.373
       2785 23.20833333333   19.26127   249.60062    4096                10.578
       2786 23.21666666667   19.10536   249.43471    4096                10.767
       2787 23.22500000000   18.94912   249.26949    4096                10.890
       2788 23.23333333333   18.79255   249.10495    4096                11.082
       2789 23.24166666667   18.63565   248.94108    4096                11.379
       2790 23.25000000000   18.47844   248.77788    4096                11.695
       2791 23.25833333333   18.32092   248.61534    4096                12.002
       2792 23.26666666667   18.16310   248.45347    4096                12.242
       2793 23.27500000000   18.00499   248.29224    4096                12.419
       2794 23.28333333333   17.84658   248.13167    4096                12.607
       2795 23.29166666667   17.68789   247.97173    4096                12.862
       2796 23.30000000000   17.52892   247.81244    4096                13.148
       2797 23.30833333333   17.36969   247.65377    4096                13.466
       2798 23.31666666667   17.21019   247.49573    4096                13.733
       2799 23.32500000000   17.05043   247.33832    4096                14.003
       2800 23.33333333333   16.89042   247.18152    4096                14.271
       2801 23.34166666667   16.73016   247.02533    4096                14.541
       2802 23.35000000000   16.56966   246.86974    4096                14.827
       2803 23.35833333333   16.40893   246.71475    4096                15.052
       2804 23.36666666667   16.24797   246.56036    4096                15.318
       2805 23.37500000000   16.08679   246.40656    4096                15.615
       2806 23.38333333333   15.92540   246.25334    4096                15.872
       2807 23.39166666667   15.76379   246.10070    4096                16.211
       2808 23.40000000000   15.60198   245.94863    4096                16.515
       2809 23.40833333333   15.43997   245.79712    4096                16.894
       2810 23.41666666667   15.27777   245.64618    4096                17.215
       2811 23.42500000000   15.11538   245.49580    4096                17.428
       2812 23.43333333333   14.95281   245.34596    4096                17.678
       2813 23.44166666667   14.79006   245.19667    4096                17.959
       2814 23.45000000000   14.62714   245.04792    4096                18.272
       2815 23.45833333333   14.46405   244.89970    4096                18.640
       2816 23.46666666667   14.30081   244.75201    4096                19.085
       2817 23.47500000000   14.13741   244.60485    4096                19.424
       2818 23.48333333333   13.97386   244.45820    4096                19.761
       2819 23.49166666667   13.81017   244.31206    4096                20.040
       2820 23.50000000000   13.64634   244.16644    4096                20.305
       2821 23.50833333333   13.48237   244.02131    4096                20.607
       2822 23.51666666667   13.31828   243.87668    4096                20.872
       2823 23.52500000000   13.15407   243.73253    4096                21.203
       2824 23.53333333333   12.98973   243.58888    4096                21.580
       2825 23.54166666667   12.82529   243.44570    4096                21.973
       2826 23.55000000000   12.66073   243.30300    4096                22.366
       2827 23.55833333333   12.49607   243.16076    4096                22.701
       2828 23.56666666667   12.33132   243.01899    4096                23.059
       2829 23.57500000000   12.16647   242.87767    4096                23.364
       2830 23.58333333333   12.00153   242.73681    4096                23.679
       2831 23.59166666667   11.83651   242.59640    4096                23.970
       2832 23.60000000000   11.67141   242.45643    4096                24.257
       2833 23.60833333333   11.50624   242.31689    4096                24.665
       2834 23.61666666667   11.34100   242.17778    4096                24.883
       2835 23.62500000000   11.17569   242.03910    4096                25.262
       2836 23.63333333333   11.01032   241.90084    4096                25.557
       2837 23.64166666667   10.84490   241.76300    4096                25.865
       2838 23.65000000000   10.67942   241.62556    4096                26.198
       2839 23.65833333333   10.51390   241.48853    4096                26.485
       2840 23.66666666667   10.34834   241.35190    4096                26.782
       2841 23.67500000000   10.18274   241.21566    4096                27.099
       2842 23.68333333333   10.01711   241.07981    4096                27.395
       2843 23.69166666667    9.85145   240.94434    4096                27.769
       2844 23.70000000000    9.68576   240.80925    4096                28.080
       2845 23.70833333333    9.52006   240.67454    4096                28.427
       2846 23.71666666667    9.35434   240.54019    4096                28.766
       2847 23.72500000000    9.18860   240.40620    4096                29.116
       2848 23.73333333333    9.02286   240.27257    4096                29.501
       2849 23.74166666667    8.85712   240.13929    4096                29.841
       2850 23.75000000000    8.69138   240.00636    4096                30.288
       2851 23.75833333333    8.52564   239.87377    4096                30.743
       2852 23.76666666667    8.35991   239.74152    4096                31.245
       2853 23.77500000000    8.19420   239.60960    4096                31.708
       2854 23.78333333333    8.02850   239.47801    4096                32.088
       2855 23.79166666667    7.86283   239.34673    4096                32.375
       2856 23.80000000000    7.69717   239.21578    4096                32.758
       2857 23.80833333333    7.53155   239.08513    4096                33.106
       2858 23.81666666667    7.36596   238.95479    4096                33.253
       2859 23.82500000000    7.20041   238.82475    4096                33.425
       2860 23.83333333333    7.03490   238.69501    4096                33.722
       2861 23.84166666667    6.86944   238.56556    4096                34.164
       2862 23.85000000000    6.70402   238.43640    4096                34.481
       2863 23.85833333333    6.53865   238.30751    4096                35.020
       2864 23.86666666667    6.37334   238.17890    4096                35.457
       2865 23.87500000000    6.20809   238.05057    4096                35.950
       2866 23.88333333333    6.04291   237.92250    4096                36.578
       2867 23.89166666667    5.87779   237.79469    4096                37.163
       2868 23.90000000000    5.71274   237.66714    4096                37.695
       2869 23.90833333333    5.54776   237.53984    4096                38.229
       2870 23.91666666667    5.38287   237.41279    4096                38.702
       2871 23.92500000000    5.21805   237.28598    4096                39.319
       2872 23.93333333333    5.05332   237.15941    4096                39.766
       2873 23.94166666667    4.88868   237.03307    4096                40.307
       2874 23.95000000000    4.72413   236.90696    4096                40.738
