# Created on 2018-12-12 16:17:48 
# Sources: d:\gpsother\tec-suite\in\2015\abcd0770.15d.Z, d:\gpsother\tec-suite\in\2015\brdc0770.15n.Z
# Satellite: G30
# Interval: 30.0
# Sampling interval: 0.0 (not used).
# Site: abcd
# Position (L, B, H): 253.601641965, 52.1962622634, 578.574894483
# Position (X, Y, Z): -1106129.71, -3758704.03, 5016675.77
# datetime format: %Y-%m-%dT%H:%M:%S
# Columns: tsn, hour, el, az, validity, tec.l1l2
# (I11,1X,F14.11,1X,F10.5,1X,F11.5,1X,I7,1X,F21.3)
          0  0.00000000000   61.54098   288.99861       0               -20.189
          1  0.00833333333   61.76669   289.05720       0               -20.237
          2  0.01666666667   61.99256   289.11465       0               -20.072
          3  0.02500000000   62.21860   289.17094       0               -20.146
          4  0.03333333333   62.44480   289.22603       0               -20.234
          5  0.04166666667   62.67116   289.27989       0               -20.224
          6  0.05000000000   62.89768   289.33251       0               -20.009
          7  0.05833333333   63.12437   289.38383       0               -19.756
          8  0.06666666667   63.35121   289.43384       0               -19.807
          9  0.07500000000   63.57820   289.48250       0               -19.653
         10  0.08333333333   63.80535   289.52977       0               -19.724
         11  0.09166666667   64.03265   289.57561       0               -19.422
         12  0.10000000000   64.26011   289.62000       0               -19.371
         13  0.10833333333   64.48771   289.66290       0               -20.030
         14  0.11666666667   64.71546   289.70425       0               -20.318
         15  0.12500000000   64.94336   289.74403       0               -20.464
         16  0.13333333333   65.17140   289.78219       0               -20.355
         17  0.14166666667   65.39959   289.81867       0               -20.329
         18  0.15000000000   65.62791   289.85345       0               -20.317
         19  0.15833333333   65.85638   289.88647       0               -20.326
         20  0.16666666667   66.08498   289.91768       0               -20.130
         21  0.17500000000   66.31371   289.94703       0               -19.873
         22  0.18333333333   66.54257   289.97446       0               -19.644
         23  0.19166666667   66.77157   289.99992       0               -19.336
         24  0.20000000000   67.00069   290.02335       0               -19.326
         25  0.20833333333   67.22993   290.04469       0               -19.268
         26  0.21666666667   67.45930   290.06388       0               -19.404
         27  0.22500000000   67.68878   290.08085       0               -19.200
         28  0.23333333333   67.91838   290.09554       0               -19.158
         29  0.24166666667   68.14810   290.10787       0               -19.147
         30  0.25000000000   68.37792   290.11777       0               -19.111
         31  0.25833333333   68.60785   290.12515       0               -19.178
         32  0.26666666667   68.83788   290.12995       0               -19.119
         33  0.27500000000   69.06802   290.13208       0               -18.888
         34  0.28333333333   69.29825   290.13144       0               -18.730
         35  0.29166666667   69.52857   290.12794       0               -18.737
         36  0.30000000000   69.75898   290.12150       0               -18.814
         37  0.30833333333   69.98948   290.11201       0               -18.781
         38  0.31666666667   70.22005   290.09936       0               -18.660
         39  0.32500000000   70.45070   290.08344       0               -18.772
         40  0.33333333333   70.68143   290.06414       0               -18.880
         41  0.34166666667   70.91222   290.04133       0               -19.050
         42  0.35000000000   71.14307   290.01490       0               -18.890
         43  0.35833333333   71.37398   289.98469       0               -19.117
         44  0.36666666667   71.60494   289.95059       0               -19.191
         45  0.37500000000   71.83594   289.91243       0               -19.520
         46  0.38333333333   72.06698   289.87007       0               -19.312
         47  0.39166666667   72.29806   289.82334       0               -19.449
         48  0.40000000000   72.52916   289.77207       0               -19.227
         49  0.40833333333   72.76028   289.71607       0               -19.389
         50  0.41666666667   72.99141   289.65517       0               -19.251
         51  0.42500000000   73.22255   289.58916       0               -19.443
         52  0.43333333333   73.45368   289.51782       0               -19.126
         53  0.44166666667   73.68480   289.44094       0               -19.298
         54  0.45000000000   73.91589   289.35828       0               -19.103
         55  0.45833333333   74.14696   289.26960       0               -19.117
         56  0.46666666667   74.37799   289.17461       0               -18.888
         57  0.47500000000   74.60896   289.07306       0               -19.279
         58  0.48333333333   74.83987   288.96464       0               -19.170
         59  0.49166666667   75.07071   288.84903       0               -19.237
         60  0.50000000000   75.30146   288.72592       0               -19.364
         61  0.50833333333   75.53211   288.59493       0               -19.295
         62  0.51666666667   75.76265   288.45571       0               -19.580
         63  0.52500000000   75.99305   288.30784       0               -19.509
         64  0.53333333333   76.22331   288.15091       0               -19.374
         65  0.54166666667   76.45341   287.98445       0               -19.096
         66  0.55000000000   76.68333   287.80800       0               -19.203
         67  0.55833333333   76.91305   287.62103       0               -19.124
         68  0.56666666667   77.14255   287.42299       0               -19.121
         69  0.57500000000   77.37181   287.21329       0               -19.053
         70  0.58333333333   77.60080   286.99131       0               -19.323
         71  0.59166666667   77.82950   286.75637       0               -19.433
         72  0.60000000000   78.05788   286.50775       0               -19.405
         73  0.60833333333   78.28591   286.24467       0               -19.596
         74  0.61666666667   78.51356   285.96629       0               -19.624
         75  0.62500000000   78.74081   285.67172       0               -19.771
         76  0.63333333333   78.96760   285.36000       0               -19.692
         77  0.64166666667   79.19390   285.03008       0               -19.732
         78  0.65000000000   79.41968   284.68085       0               -19.626
         79  0.65833333333   79.64487   284.31109       0               -19.572
         80  0.66666666667   79.86944   283.91949       0               -19.526
         81  0.67500000000   80.09332   283.50465       0               -19.442
         82  0.68333333333   80.31646   283.06502       0               -19.362
         83  0.69166666667   80.53880   282.59896       0               -19.372
         84  0.70000000000   80.76026   282.10465       0               -19.485
         85  0.70833333333   80.98076   281.58014       0               -19.440
         86  0.71666666667   81.20022   281.02332       0               -19.525
         87  0.72500000000   81.41856   280.43187       0               -19.664
         88  0.73333333333   81.63565   279.80328       0               -19.657
         89  0.74166666667   81.85141   279.13482       0               -19.788
         90  0.75000000000   82.06569   278.42352       0               -19.751
         91  0.75833333333   82.27836   277.66614       0               -19.630
         92  0.76666666667   82.48928   276.85915       0               -19.498
         93  0.77500000000   82.69828   275.99872       0               -19.515
         94  0.78333333333   82.90516   275.08068       0               -19.509
         95  0.79166666667   83.10973   274.10050       0               -19.456
         96  0.80000000000   83.31176   273.05327       0               -19.524
         97  0.80833333333   83.51099   271.93368       0               -19.570
         98  0.81666666667   83.70715   270.73599       0               -19.548
         99  0.82500000000   83.89992   269.45406       0               -19.654
        100  0.83333333333   84.08894   268.08132       0               -19.614
        101  0.84166666667   84.27384   266.61081       0               -19.667
        102  0.85000000000   84.45419   265.03522       0               -19.699
        103  0.85833333333   84.62950   263.34695       0               -19.718
        104  0.86666666667   84.79924   261.53828       0               -19.739
        105  0.87500000000   84.96285   259.60148       0               -19.687
        106  0.88333333333   85.11968   257.52906       0               -19.743
        107  0.89166666667   85.26903   255.31410       0               -19.775
        108  0.90000000000   85.41016   252.95061       0               -19.940
        109  0.90833333333   85.54227   250.43404       0               -19.911
        110  0.91666666667   85.66451   247.76182       0               -20.094
        111  0.92500000000   85.77600   244.93400       0               -20.088
        112  0.93333333333   85.87585   241.95389       0               -20.104
        113  0.94166666667   85.96318   238.82866       0               -19.990
        114  0.95000000000   86.03713   235.56985       0               -19.929
        115  0.95833333333   86.09694   232.19363       0               -19.948
        116  0.96666666667   86.14190   228.72073       0               -19.987
        117  0.97500000000   86.17149   225.17603       0               -20.004
        118  0.98333333333   86.18532   221.58771       0               -20.122
        119  0.99166666667   86.18320   217.98605       0               -20.182
        120  1.00000000000   86.16515   214.40198       0               -20.223
        121  1.00833333333   86.13135   210.86555       0               -20.132
        122  1.01666666667   86.08220   207.40454       0               -20.093
        123  1.02500000000   86.01826   204.04324       0               -20.137
        124  1.03333333333   85.94019   200.80175       0               -20.140
        125  1.04166666667   85.84879   197.69554       0               -20.180
        126  1.05000000000   85.74489   194.73547       0               -20.275
        127  1.05833333333   85.62937   191.92813       0               -20.246
        128  1.06666666667   85.50311   189.27631       0               -20.274
        129  1.07500000000   85.36698   186.77963       0               -20.259
        130  1.08333333333   85.22180   184.43518       0               -20.226
        131  1.09166666667   85.06836   182.23817       0               -20.241
        132  1.10000000000   84.90740   180.18245       0               -20.288
        133  1.10833333333   84.73959   178.26099       0               -20.307
        134  1.11666666667   84.56556   176.46626       0               -20.263
        135  1.12500000000   84.38588   174.79050       0               -20.194
        136  1.13333333333   84.20106   173.22601       0               -20.173
        137  1.14166666667   84.01156   171.76522       0               -20.187
        138  1.15000000000   83.81782   170.40086       0               -20.262
        139  1.15833333333   83.62021   169.12605       0               -20.230
        140  1.16666666667   83.41907   167.93426       0               -20.236
        141  1.17500000000   83.21470   166.81941       0               -20.434
        142  1.18333333333   83.00739   165.77584       0               -20.418
        143  1.19166666667   82.79738   164.79829       0               -20.418
        144  1.20000000000   82.58489   163.88190       0               -20.473
        145  1.20833333333   82.37012   163.02221       0               -20.458
        146  1.21666666667   82.15327   162.21510       0               -20.499
        147  1.22500000000   81.93448   161.45676       0               -20.477
        148  1.23333333333   81.71391   160.74374       0               -20.498
        149  1.24166666667   81.49170   160.07282       0               -20.472
        150  1.25000000000   81.26796   159.44107       0               -20.441
        151  1.25833333333   81.04280   158.84579       0               -20.509
        152  1.26666666667   80.81633   158.28450       0               -20.466
        153  1.27500000000   80.58863   157.75493       0               -20.416
        154  1.28333333333   80.35980   157.25497       0               -20.389
        155  1.29166666667   80.12990   156.78270       0               -20.465
        156  1.30000000000   79.89901   156.33634       0               -20.362
        157  1.30833333333   79.66719   155.91424       0               -20.356
        158  1.31666666667   79.43450   155.51489       0               -20.379
        159  1.32500000000   79.20099   155.13690       0               -20.417
        160  1.33333333333   78.96672   154.77897       0               -20.445
        161  1.34166666667   78.73172   154.43990       0               -20.397
        162  1.35000000000   78.49605   154.11859       0               -20.409
        163  1.35833333333   78.25974   153.81400       0               -20.442
        164  1.36666666667   78.02283   153.52519       0               -20.508
        165  1.37500000000   77.78535   153.25126       0               -20.588
        166  1.38333333333   77.54733   152.99139       0               -20.612
        167  1.39166666667   77.30880   152.74481       0               -20.620
        168  1.40000000000   77.06980   152.51081       0               -20.643
        169  1.40833333333   76.83034   152.28872       0               -20.613
        170  1.41666666667   76.59044   152.07791       0               -20.712
        171  1.42500000000   76.35014   151.87781       0               -20.774
        172  1.43333333333   76.10946   151.68786       0               -20.814
        173  1.44166666667   75.86840   151.50757       0               -20.770
        174  1.45000000000   75.62700   151.33644       0               -20.759
        175  1.45833333333   75.38526   151.17403       0               -20.769
        176  1.46666666667   75.14321   151.01992       0               -20.772
        177  1.47500000000   74.90086   150.87371       0               -20.742
        178  1.48333333333   74.65822   150.73504       0               -20.744
        179  1.49166666667   74.41531   150.60355       0               -20.723
        180  1.50000000000   74.17214   150.47892       0               -20.772
        181  1.50833333333   73.92873   150.36082       0               -20.737
        182  1.51666666667   73.68508   150.24898       0               -20.739
        183  1.52500000000   73.44120   150.14310       0               -20.680
        184  1.53333333333   73.19712   150.04294       0               -20.688
        185  1.54166666667   72.95283   149.94825       0               -20.619
        186  1.55000000000   72.70835   149.85878       0               -20.666
        187  1.55833333333   72.46368   149.77433       0               -20.683
        188  1.56666666667   72.21884   149.69467       0               -20.709
        189  1.57500000000   71.97383   149.61961       0               -20.700
        190  1.58333333333   71.72866   149.54897       0               -20.648
        191  1.59166666667   71.48334   149.48257       0               -20.621
        192  1.60000000000   71.23787   149.42022       0               -20.516
        193  1.60833333333   70.99227   149.36178       0               -20.403
        194  1.61666666667   70.74654   149.30709       0               -20.270
        195  1.62500000000   70.50068   149.25601       0               -20.304
        196  1.63333333333   70.25471   149.20839       0               -20.376
        197  1.64166666667   70.00863   149.16410       0               -20.445
        198  1.65000000000   69.76244   149.12301       0               -20.496
        199  1.65833333333   69.51615   149.08502       0               -20.547
        200  1.66666666667   69.26976   149.04999       0               -20.589
        201  1.67500000000   69.02329   149.01783       0               -20.565
        202  1.68333333333   68.77673   148.98842       0               -20.553
        203  1.69166666667   68.53009   148.96167       0               -20.591
        204  1.70000000000   68.28337   148.93748       0               -20.635
        205  1.70833333333   68.03659   148.91577       0               -20.592
        206  1.71666666667   67.78974   148.89643       0               -20.644
        207  1.72500000000   67.54283   148.87940       0               -20.583
        208  1.73333333333   67.29586   148.86458       0               -20.544
        209  1.74166666667   67.04883   148.85190       0               -20.496
        210  1.75000000000   66.80176   148.84130       0               -20.577
        211  1.75833333333   66.55464   148.83269       0               -20.625
        212  1.76666666667   66.30748   148.82601       0               -20.631
        213  1.77500000000   66.06029   148.82120       0               -20.606
        214  1.78333333333   65.81305   148.81818       0               -20.628
        215  1.79166666667   65.56579   148.81692       0               -20.697
        216  1.80000000000   65.31850   148.81733       0               -20.762
        217  1.80833333333   65.07118   148.81938       0               -20.733
        218  1.81666666667   64.82385   148.82300       0               -20.810
        219  1.82500000000   64.57649   148.82814       0               -20.836
        220  1.83333333333   64.32912   148.83477       0               -20.661
        221  1.84166666667   64.08174   148.84282       0               -20.519
        222  1.85000000000   63.83435   148.85225       0               -20.320
        223  1.85833333333   63.58696   148.86302       0               -20.198
        224  1.86666666667   63.33956   148.87508       0               -20.276
        225  1.87500000000   63.09216   148.88840       0               -20.239
        226  1.88333333333   62.84476   148.90294       0               -20.428
        227  1.89166666667   62.59737   148.91865       0               -20.563
        228  1.90000000000   62.34998   148.93550       0               -20.702
        229  1.90833333333   62.10261   148.95345       0               -20.837
        230  1.91666666667   61.85525   148.97248       0               -21.020
        231  1.92500000000   61.60790   148.99254       0               -21.228
        232  1.93333333333   61.36057   149.01361       0               -21.501
        233  1.94166666667   61.11326   149.03565       0               -21.604
        234  1.95000000000   60.86598   149.05864       0               -21.608
        235  1.95833333333   60.61871   149.08254       0               -21.388
        236  1.96666666667   60.37148   149.10732       0               -21.156
        237  1.97500000000   60.12428   149.13297       0               -21.012
        238  1.98333333333   59.87710   149.15945       0               -20.898
        239  1.99166666667   59.62997   149.18674       0               -20.881
        240  2.00000000000   59.38287   149.21481       0               -20.857
        241  2.00833333333   59.13580   149.24365       0               -20.854
        242  2.01666666667   58.88877   149.27321       0               -20.875
        243  2.02500000000   58.64179   149.30350       0               -20.908
        244  2.03333333333   58.39486   149.33447       0               -20.969
        245  2.04166666667   58.14796   149.36612       0               -21.102
        246  2.05000000000   57.90112   149.39842       0               -21.227
        247  2.05833333333   57.65433   149.43135       0               -21.248
        248  2.06666666667   57.40759   149.46489       0               -21.327
        249  2.07500000000   57.16091   149.49902       0               -21.325
        250  2.08333333333   56.91428   149.53373       0               -21.321
        251  2.09166666667   56.66771   149.56900       0               -21.316
        252  2.10000000000   56.42120   149.60480       0               -21.303
        253  2.10833333333   56.17475   149.64113       0               -21.261
        254  2.11666666667   55.92836   149.67797       0               -21.245
        255  2.12500000000   55.68204   149.71530       0               -21.240
        256  2.13333333333   55.43579   149.75311       0               -21.248
        257  2.14166666667   55.18961   149.79138       0               -21.252
        258  2.15000000000   54.94350   149.83009       0               -21.251
        259  2.15833333333   54.69746   149.86924       0               -21.191
        260  2.16666666667   54.45149   149.90880       0               -21.153
        261  2.17500000000   54.20560   149.94878       0               -21.116
        262  2.18333333333   53.95979   149.98914       0               -21.128
        263  2.19166666667   53.71405   150.02989       0               -21.204
        264  2.20000000000   53.46840   150.07100       0               -21.219
        265  2.20833333333   53.22283   150.11247       0               -21.239
        266  2.21666666667   52.97734   150.15429       0               -21.242
        267  2.22500000000   52.73194   150.19643       0               -21.240
        268  2.23333333333   52.48663   150.23890       0               -21.243
        269  2.24166666667   52.24140   150.28168       0               -21.173
        270  2.25000000000   51.99627   150.32476       0               -21.150
        271  2.25833333333   51.75122   150.36813       0               -21.188
        272  2.26666666667   51.50627   150.41178       0               -21.235
        273  2.27500000000   51.26142   150.45570       0               -21.228
        274  2.28333333333   51.01666   150.49988       0               -21.251
        275  2.29166666667   50.77200   150.54431       0               -21.258
        276  2.30000000000   50.52743   150.58899       0               -21.316
        277  2.30833333333   50.28297   150.63389       0               -21.303
        278  2.31666666667   50.03861   150.67902       0               -21.259
        279  2.32500000000   49.79436   150.72437       0               -21.218
        280  2.33333333333   49.55020   150.76993       0               -21.183
        281  2.34166666667   49.30616   150.81568       0               -21.261
        282  2.35000000000   49.06222   150.86163       0               -21.269
        283  2.35833333333   48.81839   150.90775       0               -21.349
        284  2.36666666667   48.57467   150.95406       0               -21.349
        285  2.37500000000   48.33106   151.00053       0               -21.389
        286  2.38333333333   48.08757   151.04717       0               -21.371
        287  2.39166666667   47.84419   151.09396       0               -21.349
        288  2.40000000000   47.60092   151.14089       0               -21.341
        289  2.40833333333   47.35777   151.18797       0               -21.294
        290  2.41666666667   47.11474   151.23518       0               -21.282
        291  2.42500000000   46.87183   151.28252       0               -21.220
        292  2.43333333333   46.62904   151.32998       0               -21.175
        293  2.44166666667   46.38638   151.37755       0               -21.155
        294  2.45000000000   46.14383   151.42523       0               -21.098
        295  2.45833333333   45.90141   151.47301       0               -21.058
        296  2.46666666667   45.65911   151.52089       0               -21.069
        297  2.47500000000   45.41694   151.56887       0               -21.006
        298  2.48333333333   45.17490   151.61692       0               -20.955
        299  2.49166666667   44.93299   151.66506       0               -20.885
        300  2.50000000000   44.69121   151.71327       0               -20.814
        301  2.50833333333   44.44956   151.76155       0               -20.854
        302  2.51666666667   44.20804   151.80989       0               -20.960
        303  2.52500000000   43.96666   151.85829       0               -20.971
        304  2.53333333333   43.72541   151.90674       0               -20.796
        305  2.54166666667   43.48430   151.95524       0               -20.698
        306  2.55000000000   43.24332   152.00379       0               -20.775
        307  2.55833333333   43.00248   152.05237       0               -20.868
        308  2.56666666667   42.76178   152.10099       0               -21.099
        309  2.57500000000   42.52122   152.14964       0               -21.131
        310  2.58333333333   42.28081   152.19831       0               -21.099
        311  2.59166666667   42.04053   152.24701       0               -21.231
        312  2.60000000000   41.80040   152.29572       0               -21.269
        313  2.60833333333   41.56041   152.34444       0               -21.238
        314  2.61666666667   41.32057   152.39317       0               -21.131
        315  2.62500000000   41.08088   152.44190       0               -21.050
        316  2.63333333333   40.84133   152.49063       0               -21.088
        317  2.64166666667   40.60194   152.53936       0               -20.966
        318  2.65000000000   40.36269   152.58808       0               -20.868
        319  2.65833333333   40.12359   152.63678       0               -20.736
        320  2.66666666667   39.88464   152.68547       0               -20.566
        321  2.67500000000   39.64585   152.73414       0               -20.401
        322  2.68333333333   39.40721   152.78279       0               -20.392
        323  2.69166666667   39.16873   152.83141       0               -20.260
        324  2.70000000000   38.93040   152.88000       0               -19.952
        325  2.70833333333   38.69222   152.92855       0               -20.101
        326  2.71666666667   38.45421   152.97707       0               -20.212
        327  2.72500000000   38.21635   153.02555       0               -20.299
        328  2.73333333333   37.97865   153.07398       0               -20.357
        329  2.74166666667   37.74112   153.12236       0               -20.152
        330  2.75000000000   37.50374   153.17069       0               -20.226
        331  2.75833333333   37.26652   153.21897       0               -20.465
        332  2.76666666667   37.02947   153.26719       0               -20.875
        333  2.77500000000   36.79258   153.31535       0               -21.079
        334  2.78333333333   36.55586   153.36345       0               -21.065
        335  2.79166666667   36.31930   153.41148       0               -21.092
        336  2.80000000000   36.08291   153.45944       0               -21.105
        337  2.80833333333   35.84668   153.50733       0               -20.962
        338  2.81666666667   35.61063   153.55514       0               -21.113
        339  2.82500000000   35.37474   153.60287       0               -21.239
        340  2.83333333333   35.13902   153.65052       0               -21.303
        341  2.84166666667   34.90347   153.69809       0               -21.384
        342  2.85000000000   34.66810   153.74557       0               -21.416
        343  2.85833333333   34.43289   153.79296       0               -21.444
        344  2.86666666667   34.19786   153.84026       0               -21.506
        345  2.87500000000   33.96300   153.88747       0               -21.540
        346  2.88333333333   33.72832   153.93458       0               -21.599
        347  2.89166666667   33.49381   153.98158       0               -21.767
        348  2.90000000000   33.25948   154.02849       0               -21.890
        349  2.90833333333   33.02532   154.07529       0               -22.053
        350  2.91666666667   32.79134   154.12198       0               -22.019
        351  2.92500000000   32.55754   154.16856       0               -22.043
        352  2.93333333333   32.32392   154.21503       0               -22.057
        353  2.94166666667   32.09048   154.26138       0               -22.015
        354  2.95000000000   31.85722   154.30762       0               -21.888
        355  2.95833333333   31.62414   154.35373       0               -21.652
        356  2.96666666667   31.39125   154.39973       0               -21.651
        357  2.97500000000   31.15853   154.44560       0               -21.882
        358  2.98333333333   30.92600   154.49134       0               -21.997
        359  2.99166666667   30.69365   154.53695       0               -21.854
        360  3.00000000000   30.46149   154.58244       0               -21.661
        361  3.00833333333   30.22952   154.62779       0               -21.444
        362  3.01666666667   29.99772   154.67300       0               -21.343
        363  3.02500000000   29.76612   154.71808       0               -21.133
        364  3.03333333333   29.53470   154.76301       0               -21.056
        365  3.04166666667   29.30348   154.80781       0               -20.953
        366  3.05000000000   29.07244   154.85245       0               -21.113
        367  3.05833333333   28.84159   154.89696       0               -21.298
        368  3.06666666667   28.61093   154.94131       0               -21.474
        369  3.07500000000   28.38046   154.98552       0               -21.423
        370  3.08333333333   28.15018   155.02957       0               -21.372
        371  3.09166666667   27.92009   155.07346       0               -21.416
        372  3.10000000000   27.69020   155.11721       0               -21.433
        373  3.10833333333   27.46050   155.16079       0               -21.514
        374  3.11666666667   27.23100   155.20421       0               -21.603
        375  3.12500000000   27.00168   155.24747       0               -21.587
        376  3.13333333333   26.77257   155.29056       0               -21.655
        377  3.14166666667   26.54365   155.33349       0               -21.665
        378  3.15000000000   26.31492   155.37625       0               -21.669
        379  3.15833333333   26.08640   155.41884       0               -21.696
        380  3.16666666667   25.85807   155.46126       0               -21.655
        381  3.17500000000   25.62993   155.50350       0               -21.593
        382  3.18333333333   25.40200   155.54557       0               -21.563
        383  3.19166666667   25.17427   155.58746       0               -21.544
        384  3.20000000000   24.94673   155.62917       0               -21.459
        385  3.20833333333   24.71940   155.67069       0               -21.396
        386  3.21666666667   24.49226   155.71204       0               -21.331
        387  3.22500000000   24.26533   155.75320       0               -21.337
        388  3.23333333333   24.03860   155.79418       0               -21.411
        389  3.24166666667   23.81207   155.83496       0               -21.379
        390  3.25000000000   23.58575   155.87556       0               -21.344
        391  3.25833333333   23.35963   155.91596       0               -21.325
        392  3.26666666667   23.13371   155.95617       0               -21.265
        393  3.27500000000   22.90800   155.99618       0               -21.247
        394  3.28333333333   22.68249   156.03600       0               -21.196
        395  3.29166666667   22.45719   156.07562       0               -21.165
        396  3.30000000000   22.23210   156.11504       0               -21.097
        397  3.30833333333   22.00721   156.15425       0               -21.095
        398  3.31666666667   21.78253   156.19326       0               -21.084
        399  3.32500000000   21.55805   156.23207       0               -20.982
        400  3.33333333333   21.33379   156.27066       0               -20.897
        401  3.34166666667   21.10973   156.30905       0               -20.850
        402  3.35000000000   20.88589   156.34723       0               -20.820
        403  3.35833333333   20.66225   156.38520       0               -20.821
        404  3.36666666667   20.43882   156.42295       0               -20.816
        405  3.37500000000   20.21561   156.46048       0               -20.743
        406  3.38333333333   19.99260   156.49780       0               -20.710
        407  3.39166666667   19.76981   156.53490       0               -20.583
        408  3.40000000000   19.54722   156.57178       0               -20.531
        409  3.40833333333   19.32486   156.60843       0               -20.515
        410  3.41666666667   19.10270   156.64487       0               -20.493
        411  3.42500000000   18.88076   156.68107       0               -20.418
        412  3.43333333333   18.65903   156.71705       0               -20.344
        413  3.44166666667   18.43752   156.75280       0               -20.263
        414  3.45000000000   18.21622   156.78832       0               -20.175
        415  3.45833333333   17.99513   156.82361       0               -20.086
        416  3.46666666667   17.77427   156.85867       0               -19.917
        417  3.47500000000   17.55361   156.89349       0               -19.810
        418  3.48333333333   17.33318   156.92807       0               -19.700
        419  3.49166666667   17.11296   156.96242       0               -19.584
        420  3.50000000000   16.89296   156.99652       0               -19.376
        421  3.50833333333   16.67318   157.03039       0               -19.183
        422  3.51666666667   16.45362   157.06401       0               -19.080
        423  3.52500000000   16.23427   157.09739       0               -18.982
        424  3.53333333333   16.01515   157.13052       0               -18.951
        425  3.54166666667   15.79624   157.16340       0               -18.805
        426  3.55000000000   15.57756   157.19604       0               -18.677
        427  3.55833333333   15.35909   157.22842       0               -18.553
        428  3.56666666667   15.14085   157.26055       0               -18.453
        429  3.57500000000   14.92283   157.29243       0               -18.413
        430  3.58333333333   14.70503   157.32405       0               -18.323
        431  3.59166666667   14.48745   157.35542       0               -18.171
        432  3.60000000000   14.27009   157.38652       0               -17.976
        433  3.60833333333   14.05296   157.41737       0               -17.791
        434  3.61666666667   13.83605   157.44795       0               -17.620
        435  3.62500000000   13.61937   157.47828       0               -17.480
        436  3.63333333333   13.40291   157.50833       0               -17.351
        437  3.64166666667   13.18667   157.53813       0               -17.287
        438  3.65000000000   12.97067   157.56765       0               -17.174
        439  3.65833333333   12.75488   157.59690       0               -17.078
        440  3.66666666667   12.53932   157.62589       0               -17.019
        441  3.67500000000   12.32399   157.65460       0               -16.899
        442  3.68333333333   12.10889   157.68304       0               -16.816
        443  3.69166666667   11.89401   157.71120       0               -16.854
        444  3.70000000000   11.67936   157.73908       0               -16.876
        445  3.70833333333   11.46494   157.76669       0               -16.978
        446  3.71666666667   11.25075   157.79402       0               -16.990
        447  3.72500000000   11.03679   157.82106       0               -17.037
        448  3.73333333333   10.82305   157.84782       0               -17.101
        449  3.74166666667   10.60955   157.87430       0               -17.105
        450  3.75000000000   10.39627   157.90049       0               -17.000
        451  3.75833333333   10.18323   157.92639       0               -16.929
        452  3.76666666667    9.97042   157.95201       0               -17.013
        453  3.77500000000    9.75784   157.97733       0               -16.958
        454  3.78333333333    9.54549   158.00236       0               -16.707
        455  3.79166666667    9.33337   158.02710       0               -16.571
        456  3.80000000000    9.12149   158.05154       0               -16.485
        457  3.80833333333    8.90984   158.07568       0               -16.313
        458  3.81666666667    8.69842   158.09953       0               -16.135
        459  3.82500000000    8.48723   158.12307       0               -16.021
        460  3.83333333333    8.27628   158.14631       0               -15.897
        461  3.84166666667    8.06557   158.16925       0               -15.853
        462  3.85000000000    7.85509   158.19189       0               -15.968
        463  3.85833333333    7.64485   158.21422       0               -15.955
        464  3.86666666667    7.43484   158.23624       0               -15.862
        465  3.87500000000    7.22506   158.25795       0               -15.712
        466  3.88333333333    7.01553   158.27935       0               -15.560
        467  3.89166666667    6.80623   158.30043       0               -15.282
        468  3.90000000000    6.59717   158.32120       0               -14.999
        469  3.90833333333    6.38835   158.34166       0               -14.814
        470  3.91666666667    6.17976   158.36180       0               -14.650
        471  3.92500000000    5.97142   158.38162       0               -14.309
        472  3.93333333333    5.76331   158.40112       0               -13.953
        473  3.94166666667    5.55545   158.42029       0               -13.619
        474  3.95000000000    5.34782   158.43914       0               -13.366
        475  3.95833333333    5.14044   158.45767       0               -13.132
       1360 11.33333333333    5.06723    36.60258       0                -3.314
       1361 11.34166666667    5.12231    36.41593       0                -2.991
       1362 11.35000000000    5.17652    36.22907       0                -2.525
       1363 11.35833333333    5.22986    36.04198       0                -2.138
       1364 11.36666666667    5.28233    35.85468       0                -2.249
       1365 11.37500000000    5.33391    35.66717       0                -3.126
       1366 11.38333333333    5.38462    35.47945       0                -1.910
       1367 11.39166666667    5.43444    35.29152       0                -2.379
       1368 11.40000000000    5.48337    35.10340       0                -2.140
       1369 11.40833333333    5.53140    34.91508       0                -3.126
       1370 11.41666666667    5.57855    34.72657       0                -3.520
       1371 11.42500000000    5.62479    34.53787       0                -3.252
       1372 11.43333333333    5.67013    34.34898       0                -3.362
       1373 11.44166666667    5.71457    34.15992       0                -3.471
       1374 11.45000000000    5.75811    33.97068       0                -3.476
       1375 11.45833333333    5.80073    33.78127       0                -3.781
       1376 11.46666666667    5.84244    33.59170       0                -3.425
       1377 11.47500000000    5.88324    33.40196       0                -3.601
       1378 11.48333333333    5.92311    33.21206       0                -3.729
       1379 11.49166666667    5.96207    33.02202       0                -3.509
       1380 11.50000000000    6.00010    32.83182       0                -3.307
       1381 11.50833333333    6.03721    32.64148       0                -3.166
       1382 11.51666666667    6.07338    32.45100       0                -3.167
       1383 11.52500000000    6.10863    32.26039       0                -3.180
       1384 11.53333333333    6.14294    32.06964       0                -3.144
       1385 11.54166666667    6.17632    31.87877       0                -3.509
       1386 11.55000000000    6.20876    31.68778       0                -3.056
       1387 11.55833333333    6.24025    31.49668       0                -3.096
       1388 11.56666666667    6.27081    31.30546       0                -2.850
       1389 11.57500000000    6.30042    31.11414       0                -2.617
       1390 11.58333333333    6.32908    30.92272       0                -2.286
       1391 11.59166666667    6.35679    30.73120       0                -3.317
       1392 11.60000000000    6.38355    30.53959       0                -3.642
       1393 11.60833333333    6.40936    30.34790       0                -4.059
       1394 11.61666666667    6.43421    30.15612       0                -3.366
       1395 11.62500000000    6.45810    29.96427     112                 0.000
       1396 11.63333333333    6.48104    29.77235       0                 0.748
       1397 11.64166666667    6.50301    29.58036       0                -0.424
       1398 11.65000000000    6.52403    29.38831       0                -3.027
       1399 11.65833333333    6.54407    29.19621       0                -3.480
       1400 11.66666666667    6.56316    29.00406       0                -5.632
       1401 11.67500000000    6.58127    28.81186       0                -7.173
       1402 11.68333333333    6.59842    28.61963       0                -6.628
       1403 11.69166666667    6.61459    28.42736       0                -6.831
       1404 11.70000000000    6.62980    28.23506       0                -7.487
       1405 11.70833333333    6.64403    28.04274       0                -7.137
       1406 11.71666666667    6.65728    27.85040       0                -8.092
       1407 11.72500000000    6.66956    27.65805       0                -7.333
       1408 11.73333333333    6.68087    27.46569       0                -6.968
       1409 11.74166666667    6.69120    27.27333       0                -5.931
       1410 11.75000000000    6.70055    27.08098       0                -4.626
       1411 11.75833333333    6.70892    26.88863       0                -2.497
       1412 11.76666666667    6.71630    26.69630       0                -2.731
       1413 11.77500000000    6.72271    26.50399       0                -3.822
       1414 11.78333333333    6.72814    26.31171       0                -3.497
       1415 11.79166666667    6.73258    26.11946       0                -1.797
       1416 11.80000000000    6.73604    25.92724       0                -0.891
       1417 11.80833333333    6.73851    25.73507       0                -1.235
       1418 11.81666666667    6.74000    25.54295       0                -1.789
       1419 11.82500000000    6.74051    25.35088       0                -2.333
       1420 11.83333333333    6.74003    25.15887       0                -2.466
       1421 11.84166666667    6.73856    24.96692       0                -2.011
       1422 11.85000000000    6.73611    24.77504       0                -1.364
       1423 11.85833333333    6.73267    24.58325       0                 0.066
       1424 11.86666666667    6.72824    24.39153       0                 1.895
       1425 11.87500000000    6.72283    24.19990       0                 3.543
       1426 11.88333333333    6.71643    24.00836       0                 3.733
       1427 11.89166666667    6.70905    23.81692       0                 4.054
       1428 11.90000000000    6.70067    23.62559       0                 3.267
       1429 11.90833333333    6.69131    23.43436       0                 3.010
       1430 11.91666666667    6.68097    23.24325       0                 3.065
       1431 11.92500000000    6.66963    23.05227       0                 4.329
       1432 11.93333333333    6.65732    22.86140       0                 3.849
       1433 11.94166666667    6.64401    22.67067       0                 4.623
       1434 11.95000000000    6.62972    22.48008       0                 5.862
       1435 11.95833333333    6.61445    22.28963       0                 5.734
       1436 11.96666666667    6.59819    22.09933       0                 5.267
       1437 11.97500000000    6.58095    21.90918       0                 5.880
       1438 11.98333333333    6.56272    21.71919       0                 5.528
       1439 11.99166666667    6.54352    21.52937       0                 5.243
       1440 12.00000000000    6.52333    21.33972       0                 5.491
       1441 12.00833333333    6.50216    21.15024       0                 5.068
       1442 12.01666666667    6.48001    20.96095       0                 4.755
       1443 12.02500000000    6.45688    20.77184       0                 4.636
       1444 12.03333333333    6.43278    20.58293       0                 4.787
       1445 12.04166666667    6.40770    20.39421       0                 5.198
       1446 12.05000000000    6.38164    20.20570       0                 5.182
       1447 12.05833333333    6.35461    20.01739       0                 4.373
       1448 12.06666666667    6.32660    19.82930       0                 4.106
       1449 12.07500000000    6.29762    19.64143       0                 3.286
       1450 12.08333333333    6.26768    19.45378       0                 3.217
       1451 12.09166666667    6.23676    19.26636       0                 3.063
       1452 12.10000000000    6.20487    19.07917       0                 3.102
       1453 12.10833333333    6.17202    18.89223       0                 1.918
       1454 12.11666666667    6.13821    18.70553       0                 1.564
       1455 12.12500000000    6.10343    18.51908       0                 1.678
       1456 12.13333333333    6.06769    18.33289       0                 2.492
       1457 12.14166666667    6.03099    18.14695       0                 3.251
       1458 12.15000000000    5.99333    17.96128       0                 3.353
       1459 12.15833333333    5.95472    17.77589       0                 3.536
       1460 12.16666666667    5.91515    17.59077       0                 3.139
       1461 12.17500000000    5.87463    17.40592       0                 2.848
       1462 12.18333333333    5.83316    17.22137       0                 2.259
       1463 12.19166666667    5.79074    17.03710       0                 2.481
       1464 12.20000000000    5.74738    16.85313       0                 1.918
       1465 12.20833333333    5.70307    16.66946       0                 1.104
       1466 12.21666666667    5.65782    16.48609       0                 1.236
       1467 12.22500000000    5.61163    16.30303       0                 1.021
       1468 12.23333333333    5.56450    16.12029       0                 1.657
       1469 12.24166666667    5.51644    15.93786       0                 2.308
       1470 12.25000000000    5.46744    15.75576       0                 2.523
       1471 12.25833333333    5.41752    15.57399       0                 0.708
       1472 12.26666666667    5.36666    15.39255       0                 0.506
       1473 12.27500000000    5.31488    15.21144       0                 0.593
       1474 12.28333333333    5.26218    15.03068       0                 0.552
       1475 12.29166666667    5.20856    14.85026       0                 0.137
       1476 12.30000000000    5.15402    14.67019       0                 0.345
       1477 12.30833333333    5.09857    14.49047       0                 0.370
       2590 21.58333333333    5.06576   259.15591       0               -11.866
       2591 21.59166666667    5.24462   259.26859       0               -13.071
       2592 21.60000000000    5.42358   259.38136       0               -14.091
       2593 21.60833333333    5.60265   259.49422       0               -15.207
       2594 21.61666666667    5.78184   259.60716       0               -16.181
       2595 21.62500000000    5.96113   259.72019       0               -17.133
       2596 21.63333333333    6.14054   259.83331       0               -18.073
       2597 21.64166666667    6.32006   259.94652       0               -19.031
       2598 21.65000000000    6.49969   260.05981       0               -19.930
       2599 21.65833333333    6.67943   260.17318       0               -20.800
       2600 21.66666666667    6.85929   260.28663       0               -21.731
       2601 21.67500000000    7.03926   260.40016       0               -22.481
       2602 21.68333333333    7.21934   260.51377       0               -23.308
       2603 21.69166666667    7.39954   260.62747       0               -24.047
       2604 21.70000000000    7.57985   260.74123       0               -24.821
       2605 21.70833333333    7.76028   260.85508       0               -25.529
       2606 21.71666666667    7.94083   260.96900       0               -26.254
       2607 21.72500000000    8.12149   261.08299       0               -26.996
       2608 21.73333333333    8.30227   261.19706       0               -27.698
       2609 21.74166666667    8.48316   261.31119       0               -28.425
       2610 21.75000000000    8.66418   261.42540       0               -29.187
       2611 21.75833333333    8.84531   261.53968       0               -29.831
       2612 21.76666666667    9.02656   261.65403       0               -30.439
       2613 21.77500000000    9.20794   261.76844       0               -31.008
       2614 21.78333333333    9.38943   261.88292       0               -31.575
       2615 21.79166666667    9.57104   261.99747       0               -32.099
       2616 21.80000000000    9.75277   262.11208       0               -32.657
       2617 21.80833333333    9.93462   262.22675       0               -33.187
       2618 21.81666666667   10.11660   262.34148       0               -33.703
       2619 21.82500000000   10.29870   262.45627       0               -34.220
       2620 21.83333333333   10.48092   262.57113       0               -34.665
       2621 21.84166666667   10.66326   262.68604       0               -35.154
       2622 21.85000000000   10.84573   262.80101       0               -35.501
       2623 21.85833333333   11.02832   262.91603       0               -35.874
       2624 21.86666666667   11.21104   263.03111       0               -36.245
       2625 21.87500000000   11.39388   263.14625       0               -36.657
       2626 21.88333333333   11.57685   263.26144       0               -37.064
       2627 21.89166666667   11.75995   263.37667       0               -37.468
       2628 21.90000000000   11.94317   263.49196       0               -37.953
       2629 21.90833333333   12.12652   263.60730       0               -38.406
       2630 21.91666666667   12.30999   263.72269       0               -38.816
       2631 21.92500000000   12.49360   263.83812       0               -39.166
       2632 21.93333333333   12.67733   263.95360       0               -39.529
       2633 21.94166666667   12.86120   264.06912       0               -39.954
       2634 21.95000000000   13.04519   264.18469       0               -40.358
       2635 21.95833333333   13.22931   264.30030       0               -40.784
       2636 21.96666666667   13.41357   264.41595       0               -41.216
       2637 21.97500000000   13.59795   264.53164       0               -41.535
       2638 21.98333333333   13.78247   264.64737       0               -41.895
       2639 21.99166666667   13.96712   264.76314       0               -42.249
       2640 22.00000000000   14.15092   264.87857       0               -42.669
       2641 22.00833333333   14.33682   264.99478       0               -43.041
       2642 22.01666666667   14.52187   265.11066       0               -43.416
       2643 22.02500000000   14.70705   265.22657       0               -43.789
       2644 22.03333333333   14.89237   265.34251       0               -44.078
       2645 22.04166666667   15.07782   265.45848       0               -44.418
       2646 22.05000000000   15.26341   265.57448       0               -44.787
       2647 22.05833333333   15.44914   265.69050       0               -45.125
       2648 22.06666666667   15.63500   265.80656       0               -45.489
       2649 22.07500000000   15.82101   265.92264       0               -45.832
       2650 22.08333333333   16.00714   266.03875       0               -46.063
       2651 22.09166666667   16.19342   266.15488       0               -46.298
       2652 22.10000000000   16.37984   266.27103       0               -46.610
       2653 22.10833333333   16.56639   266.38720       0               -46.929
       2654 22.11666666667   16.75309   266.50340       0               -47.298
       2655 22.12500000000   16.93992   266.61961       0               -47.542
       2656 22.13333333333   17.12690   266.73584       0               -47.748
       2657 22.14166666667   17.31402   266.85209       0               -48.013
       2658 22.15000000000   17.50128   266.96835       0               -48.292
       2659 22.15833333333   17.68868   267.08462       0               -48.546
       2660 22.16666666667   17.87623   267.20091       0               -48.722
       2661 22.17500000000   18.06392   267.31721       0               -48.919
       2662 22.18333333333   18.25175   267.43352       0               -49.147
       2663 22.19166666667   18.43973   267.54984       0               -49.346
       2664 22.20000000000   18.62785   267.66617       0               -49.539
       2665 22.20833333333   18.81612   267.78250       0               -49.842
       2666 22.21666666667   19.00454   267.89884       0               -50.033
       2667 22.22500000000   19.19310   268.01518       0               -50.160
       2668 22.23333333333   19.38180   268.13153       0               -50.405
       2669 22.24166666667   19.57066   268.24788       0               -50.691
       2670 22.25000000000   19.75966   268.36422       0               -50.893
       2671 22.25833333333   19.94882   268.48057       0               -50.959
       2672 22.26666666667   20.13812   268.59691       0               -51.126
       2673 22.27500000000   20.32757   268.71325       0               -51.396
       2674 22.28333333333   20.51717   268.82959       0               -51.592
       2675 22.29166666667   20.70692   268.94592       0               -51.681
       2676 22.30000000000   20.89682   269.06224       0               -51.867
       2677 22.30833333333   21.08688   269.17855       0               -52.065
       2678 22.31666666667   21.27709   269.29485       0               -52.234
       2679 22.32500000000   21.46744   269.41114       0               -52.346
       2680 22.33333333333   21.65796   269.52742       0               -52.497
       2681 22.34166666667   21.84862   269.64369       0               -52.621
       2682 22.35000000000   22.03944   269.75993       0               -52.779
       2683 22.35833333333   22.23042   269.87617       0               -52.972
       2684 22.36666666667   22.42155   269.99238       0               -53.081
       2685 22.37500000000   22.61283   270.10857       0               -53.184
       2686 22.38333333333   22.80427   270.22475       0               -53.379
       2687 22.39166666667   22.99587   270.34090       0               -53.542
       2688 22.40000000000   23.18763   270.45702       0               -53.569
       2689 22.40833333333   23.37954   270.57313       0               -53.612
       2690 22.41666666667   23.57161   270.68920       0               -53.648
       2691 22.42500000000   23.76384   270.80525       0               -53.633
       2692 22.43333333333   23.95623   270.92127       0               -53.655
       2693 22.44166666667   24.14878   271.03725       0               -53.730
       2694 22.45000000000   24.34149   271.15321       0               -53.776
       2695 22.45833333333   24.53436   271.26913       0               -53.821
       2696 22.46666666667   24.72738   271.38502       0               -53.894
       2697 22.47500000000   24.92058   271.50087       0               -53.971
       2698 22.48333333333   25.11393   271.61668       0               -54.106
       2699 22.49166666667   25.30745   271.73245       0               -54.231
       2700 22.50000000000   25.50112   271.84819       0               -54.305
       2701 22.50833333333   25.69497   271.96388       0               -54.524
       2702 22.51666666667   25.88897   272.07952       0               -54.672
       2703 22.52500000000   26.08314   272.19512       0               -54.743
       2704 22.53333333333   26.27748   272.31068       0               -54.898
       2705 22.54166666667   26.47198   272.42618       0               -55.027
       2706 22.55000000000   26.66665   272.54164       0               -55.090
       2707 22.55833333333   26.86148   272.65704       0               -55.177
       2708 22.56666666667   27.05648   272.77239       0               -55.285
       2709 22.57500000000   27.25164   272.88769       0               -55.378
       2710 22.58333333333   27.44698   273.00293       0               -55.441
       2711 22.59166666667   27.64248   273.11812       0               -55.528
       2712 22.60000000000   27.83815   273.23324       0               -55.662
       2713 22.60833333333   28.03399   273.34830       0               -55.702
       2714 22.61666666667   28.23000   273.46330       0               -55.758
       2715 22.62500000000   28.42618   273.57824       0               -55.837
       2716 22.63333333333   28.62253   273.69311       0               -55.839
       2717 22.64166666667   28.81906   273.80791       0               -55.873
       2718 22.65000000000   29.01575   273.92264       0               -55.909
       2719 22.65833333333   29.21261   274.03731       0               -55.956
       2720 22.66666666667   29.40965   274.15190       0               -55.980
       2721 22.67500000000   29.60686   274.26641       0               -56.020
       2722 22.68333333333   29.80424   274.38085       0               -56.046
       2723 22.69166666667   30.00180   274.49522       0               -56.059
       2724 22.70000000000   30.19953   274.60950       0               -56.123
       2725 22.70833333333   30.39743   274.72370       0               -56.153
       2726 22.71666666667   30.59551   274.83782       0               -56.209
       2727 22.72500000000   30.79377   274.95186       0               -56.249
       2728 22.73333333333   30.99220   275.06581       0               -56.265
       2729 22.74166666667   31.19080   275.17967       0               -56.309
       2730 22.75000000000   31.38959   275.29343       0               -56.357
       2731 22.75833333333   31.58855   275.40711       0               -56.389
       2732 22.76666666667   31.78769   275.52070       0               -56.389
       2733 22.77500000000   31.98700   275.63418       0               -56.438
       2734 22.78333333333   32.18649   275.74757       0               -56.458
       2735 22.79166666667   32.38617   275.86087       0               -56.467
       2736 22.80000000000   32.58602   275.97405       0               -56.535
       2737 22.80833333333   32.78605   276.08714       0               -56.596
       2738 22.81666666667   32.98626   276.20012       0               -56.641
       2739 22.82500000000   33.18665   276.31299       0               -56.702
       2740 22.83333333333   33.38722   276.42576       0               -56.748
       2741 22.84166666667   33.58798   276.53841       0               -56.796
       2742 22.85000000000   33.78891   276.65095       0               -56.896
       2743 22.85833333333   33.99002   276.76337       0               -56.933
       2744 22.86666666667   34.19132   276.87567       0               -57.038
       2745 22.87500000000   34.39280   276.98786       0               -57.117
       2746 22.88333333333   34.59447   277.09992       0               -57.196
       2747 22.89166666667   34.79631   277.21186       0               -57.255
       2748 22.90000000000   34.99834   277.32368       0               -57.326
       2749 22.90833333333   35.20056   277.43536       0               -57.354
       2750 22.91666666667   35.40296   277.54691       0               -57.408
       2751 22.92500000000   35.60554   277.65833       0               -57.416
       2752 22.93333333333   35.80831   277.76962       0               -57.437
       2753 22.94166666667   36.01126   277.88077       0               -57.408
       2754 22.95000000000   36.21440   277.99178       0               -57.412
       2755 22.95833333333   36.41773   278.10264       0               -57.424
       2756 22.96666666667   36.62124   278.21336       0               -57.466
       2757 22.97500000000   36.82494   278.32394       0               -57.466
       2758 22.98333333333   37.02883   278.43436       0               -57.477
       2759 22.99166666667   37.23290   278.54463       0               -57.466
       2760 23.00000000000   37.43716   278.65475       0               -57.508
       2761 23.00833333333   37.64161   278.76471       0               -57.501
       2762 23.01666666667   37.84625   278.87451       0               -57.507
       2763 23.02500000000   38.05107   278.98415       0               -57.470
       2764 23.03333333333   38.25609   279.09363       0               -57.430
       2765 23.04166666667   38.46129   279.20294       0               -57.363
       2766 23.05000000000   38.66669   279.31207       0               -57.290
       2767 23.05833333333   38.87227   279.42104       0               -57.237
       2768 23.06666666667   39.07804   279.52983       0               -57.158
       2769 23.07500000000   39.28401   279.63844       0               -57.106
       2770 23.08333333333   39.49016   279.74687       0               -57.043
       2771 23.09166666667   39.69651   279.85511       0               -56.991
       2772 23.10000000000   39.90304   279.96317       0               -56.946
       2773 23.10833333333   40.10977   280.07104       0               -56.897
       2774 23.11666666667   40.31669   280.17871       0               -56.859
       2775 23.12500000000   40.52380   280.28619       0               -56.815
       2776 23.13333333333   40.73111   280.39347       0               -56.781
       2777 23.14166666667   40.93860   280.50055       0               -56.754
       2778 23.15000000000   41.14629   280.60742       0               -56.717
       2779 23.15833333333   41.35417   280.71409       0               -56.662
       2780 23.16666666667   41.56225   280.82054       0               -56.593
       2781 23.17500000000   41.77051   280.92678       0               -56.528
       2782 23.18333333333   41.97897   281.03280       0               -56.463
       2783 23.19166666667   42.18763   281.13859       0               -56.395
       2784 23.20000000000   42.39648   281.24416       0               -56.321
       2785 23.20833333333   42.60552   281.34951       0               -56.255
       2786 23.21666666667   42.81475   281.45462       0               -56.178
       2787 23.22500000000   43.02419   281.55949       0               -56.106
       2788 23.23333333333   43.23381   281.66413       0               -56.031
       2789 23.24166666667   43.44363   281.76852       0               -55.960
       2790 23.25000000000   43.65364   281.87266       0               -55.891
       2791 23.25833333333   43.86385   281.97656       0               -55.810
       2792 23.26666666667   44.07426   282.08019       0               -55.747
       2793 23.27500000000   44.28486   282.18357       0               -55.672
       2794 23.28333333333   44.49565   282.28669       0               -55.605
       2795 23.29166666667   44.70664   282.38954       0               -55.551
       2796 23.30000000000   44.91783   282.49212       0               -55.487
       2797 23.30833333333   45.12921   282.59442       0               -55.414
       2798 23.31666666667   45.34078   282.69644       0               -55.363
       2799 23.32500000000   45.55256   282.79818       0               -55.285
       2800 23.33333333333   45.76452   282.89963       0               -55.221
       2801 23.34166666667   45.97669   283.00079       0               -55.138
       2802 23.35000000000   46.18905   283.10165       0               -55.047
       2803 23.35833333333   46.40160   283.20220       0               -54.951
       2804 23.36666666667   46.61436   283.30245       0               -54.856
       2805 23.37500000000   46.82731   283.40239       0               -54.766
       2806 23.38333333333   47.04045   283.50200       0               -54.649
       2807 23.39166666667   47.25379   283.60130       0               -54.578
       2808 23.40000000000   47.46733   283.70027       0               -54.509
       2809 23.40833333333   47.68106   283.79890       0               -54.456
       2810 23.41666666667   47.89499   283.89720       0               -54.434
       2811 23.42500000000   48.10911   283.99515       0               -54.419
       2812 23.43333333333   48.32343   284.09276       0               -54.449
       2813 23.44166666667   48.53795   284.19001       0               -54.492
       2814 23.45000000000   48.75266   284.28690       0               -54.530
       2815 23.45833333333   48.96757   284.38342       0               -54.580
       2816 23.46666666667   49.18268   284.47957       0               -54.638
       2817 23.47500000000   49.39798   284.57534       0               -54.713
       2818 23.48333333333   49.61347   284.67072       0               -54.771
       2819 23.49166666667   49.82916   284.76572       0               -54.857
       2820 23.50000000000   50.04505   284.86031       0               -54.984
       2821 23.50833333333   50.26113   284.95450       0               -55.097
       2822 23.51666666667   50.47741   285.04828       0               -55.193
       2823 23.52500000000   50.69388   285.14164       0               -55.312
       2824 23.53333333333   50.91055   285.23457       0               -55.430
       2825 23.54166666667   51.12741   285.32708       0               -55.494
       2826 23.55000000000   51.34447   285.41914       0               -55.484
       2827 23.55833333333   51.56172   285.51075       0               -55.623
       2828 23.56666666667   51.77916   285.60191       0               -56.015
       2829 23.57500000000   51.99680   285.69260       0               -56.494
       2830 23.58333333333   52.21463   285.78282       0               -57.157
       2831 23.59166666667   52.43266   285.87256       0               -57.598
       2832 23.60000000000   52.65088   285.96181       0               -58.492
       2833 23.60833333333   52.86929   286.05057       0               -59.221
       2834 23.61666666667   53.08789   286.13882       0               -59.886
       2835 23.62500000000   53.30669   286.22655       0               -60.604
       2836 23.63333333333   53.52568   286.31376       0               -61.404
       2837 23.64166666667   53.74486   286.40043       0               -61.982
       2838 23.65000000000   53.96423   286.48656       0               -62.153
       2839 23.65833333333   54.18379   286.57214       0               -62.025
       2840 23.66666666667   54.40355   286.65715       0               -61.868
       2841 23.67500000000   54.62349   286.74159       0               -61.598
       2842 23.68333333333   54.84362   286.82544       0               -61.340
       2843 23.69166666667   55.06395   286.90870       0               -61.128
       2844 23.70000000000   55.28446   286.99134       0               -60.736
       2845 23.70833333333   55.50516   287.07337       0               -60.911
       2846 23.71666666667   55.72605   287.15477       0               -61.382
       2847 23.72500000000   55.94712   287.23552       0               -63.018
       2848 23.73333333333   56.16838   287.31562       0               -64.188
       2849 23.74166666667   56.38983   287.39505       0               -65.321
       2850 23.75000000000   56.61147   287.47380       0               -67.321
       2851 23.75833333333   56.83329   287.55185       0               -68.133
       2852 23.76666666667   57.05529   287.62919       0               -68.698
       2853 23.77500000000   57.27748   287.70581       0               -69.401
       2854 23.78333333333   57.49986   287.78168       0               -69.959
       2855 23.79166666667   57.72241   287.85681       0               -70.601
       2856 23.80000000000   57.94515   287.93117       0               -70.984
       2857 23.80833333333   58.16807   288.00474       0               -71.430
       2858 23.81666666667   58.39117   288.07751       0               -71.736
       2859 23.82500000000   58.61445   288.14946       0               -71.927
       2860 23.83333333333   58.83791   288.22058       0               -72.151
       2861 23.84166666667   59.06154   288.29084       0               -72.271
       2862 23.85000000000   59.28536   288.36023       0               -72.338
       2863 23.85833333333   59.50935   288.42873       0               -72.328
       2864 23.86666666667   59.73352   288.49632       0               -72.367
       2865 23.87500000000   59.95786   288.56298       0               -72.391
       2866 23.88333333333   60.18238   288.62869       0               -72.459
       2867 23.89166666667   60.40707   288.69342       0               -72.512
       2868 23.90000000000   60.63193   288.75716       0               -72.658
       2869 23.90833333333   60.85697   288.81989       0               -72.748
       2870 23.91666666667   61.08217   288.88157       0               -72.761
       2871 23.92500000000   61.30754   288.94219       0               -72.783
       2872 23.93333333333   61.53309   289.00172       0               -72.789
       2873 23.94166666667   61.75879   289.06013       0               -72.786
       2874 23.95000000000   61.98467   289.11740       0               -72.826
       2875 23.95833333333   62.21070   289.17351       0               -72.818
       2876 23.96666666667   62.43690   289.22841       0               -72.826
       2877 23.97500000000   62.66327   289.28209       0               -72.814
       2878 23.98333333333   62.88979   289.33451       0               -72.766
       2879 23.99166666667   63.11647   289.38565       0               -72.738
