# Created on 2018-12-12 16:17:53 
# Sources: d:\gpsother\tec-suite\in\2015\abcd0770.15d.Z, d:\gpsother\tec-suite\in\2015\brdc0770.15n.Z
# Satellite: G03
# Interval: 30.0
# Sampling interval: 0.0 (not used).
# Site: abcd
# Position (L, B, H): 253.601641965, 52.1962622634, 578.574894483
# Position (X, Y, Z): -1106129.71, -3758704.03, 5016675.77
# datetime format: %Y-%m-%dT%H:%M:%S
# Columns: tsn, hour, el, az, validity, tec.l1l2
# (I11,1X,F14.11,1X,F10.5,1X,F11.5,1X,I7,1X,F21.3)
        457  3.80833333333    5.11278    90.92622       0                 1.220
        458  3.81666666667    5.25540    90.76934       0                 0.771
        459  3.82500000000    5.39774    90.61208       0                 0.526
        460  3.83333333333    5.53982    90.45444       0                 0.374
        461  3.84166666667    5.68162    90.29641       0                 0.338
        462  3.85000000000    5.82313    90.13799       0                 0.109
        463  3.85833333333    5.96436    89.97918       0                 0.361
        464  3.86666666667    6.10530    89.81997       0                -0.108
        465  3.87500000000    6.24593    89.66036       0                -0.453
        466  3.88333333333    6.38627    89.50035       0                -0.609
        467  3.89166666667    6.52629    89.33994       0                -1.114
        468  3.90000000000    6.66601    89.17911       0                -1.667
        469  3.90833333333    6.80540    89.01787       0                -1.707
        470  3.91666666667    6.94446    88.85622       0                -1.055
        471  3.92500000000    7.08320    88.69415       0                -1.343
        472  3.93333333333    7.22160    88.53166       0                -1.928
        473  3.94166666667    7.35966    88.36875       0                -2.301
        474  3.95000000000    7.49737    88.20541       0                -3.305
        475  3.95833333333    7.63473    88.04163       0                -2.183
        476  3.96666666667    7.77173    87.87743       0                -0.795
        477  3.97500000000    7.90836    87.71279       0                -0.798
        478  3.98333333333    8.04463    87.54771       0                -1.808
        479  3.99166666667    8.18052    87.38220       0                -2.688
        480  4.00000000000    8.31598    87.21621       0                -3.046
        481  4.00833333333    8.45115    87.04983       0                -2.961
        482  4.01666666667    8.58588    86.88297       0                -2.689
        483  4.02500000000    8.72022    86.71566       0                -2.900
        484  4.03333333333    8.85414    86.54790       0                -2.782
        485  4.04166666667    8.98766    86.37968       0                -2.888
        486  4.05000000000    9.12077    86.21100       0                -3.320
        487  4.05833333333    9.25345    86.04186       0                -3.856
        488  4.06666666667    9.38570    85.87226       0                -4.113
        489  4.07500000000    9.51752    85.70219       0                -4.339
        490  4.08333333333    9.64891    85.53165       0                -4.657
        491  4.09166666667    9.77984    85.36064       0                -4.913
        492  4.10000000000    9.91033    85.18916       0                -5.156
        493  4.10833333333   10.04036    85.01721       0                -5.547
        494  4.11666666667   10.16992    84.84477       0                -5.785
        495  4.12500000000   10.29902    84.67186       0                -5.990
        496  4.13333333333   10.42764    84.49847       0                -5.957
        497  4.14166666667   10.55578    84.32459       0                -6.012
        498  4.15000000000   10.68344    84.15023       0                -6.016
        499  4.15833333333   10.81060    83.97538       0                -5.955
        500  4.16666666667   10.93726    83.80005       0                -6.089
        501  4.17500000000   11.06342    83.62422       0                -6.121
        502  4.18333333333   11.18906    83.44791       0                -6.175
        503  4.19166666667   11.31418    83.27110       0                -6.167
        504  4.20000000000   11.43879    83.09379       0                -6.002
        505  4.20833333333   11.56286    82.91599       0                -5.619
        506  4.21666666667   11.68639    82.73769       0                -5.301
        507  4.22500000000   11.80939    82.55889       0                -5.170
        508  4.23333333333   11.93183    82.37959       0                -5.080
        509  4.24166666667   12.05372    82.19979       0                -5.048
        510  4.25000000000   12.17505    82.01949       0                -5.056
        511  4.25833333333   12.29581    81.83868       0                -5.215
        512  4.26666666667   12.41599    81.65737       0                -5.384
        513  4.27500000000   12.53560    81.47556       0                -5.457
        514  4.28333333333   12.65462    81.29323       0                -5.386
        515  4.29166666667   12.77304    81.11040       0                -5.624
        516  4.30000000000   12.89087    80.92706       0                -5.839
        517  4.30833333333   13.00809    80.74322       0                -5.960
        518  4.31666666667   13.12470    80.55886       0                -6.100
        519  4.32500000000   13.24069    80.37399       0                -6.485
        520  4.33333333333   13.35605    80.18862       0                -6.544
        521  4.34166666667   13.47079    80.00273       0                -6.831
        522  4.35000000000   13.58489    79.81633       0                -7.062
        523  4.35833333333   13.69834    79.62942       0                -7.110
        524  4.36666666667   13.81114    79.44200       0                -6.932
        525  4.37500000000   13.92329    79.25407       0                -6.902
        526  4.38333333333   14.03477    79.06563       0                -6.821
        527  4.39166666667   14.14558    78.87668       0                -6.657
        528  4.40000000000   14.25572    78.68721       0                -6.501
        529  4.40833333333   14.36517    78.49724       0                -6.875
        530  4.41666666667   14.47394    78.30675       0                -7.136
        531  4.42500000000   14.58201    78.11576       0                -7.301
        532  4.43333333333   14.68938    77.92425       0                -7.180
        533  4.44166666667   14.79604    77.73224       0                -7.106
        534  4.45000000000   14.90199    77.53972       0                -6.949
        535  4.45833333333   15.00721    77.34669       0                -6.976
        536  4.46666666667   15.11171    77.15316       0                -6.862
        537  4.47500000000   15.21547    76.95912       0                -6.977
        538  4.48333333333   15.31849    76.76458       0                -7.067
        539  4.49166666667   15.42077    76.56954       0                -7.045
        540  4.50000000000   15.52229    76.37399       0                -6.995
        541  4.50833333333   15.62306    76.17794       0                -7.082
        542  4.51666666667   15.72305    75.98140       0                -6.817
        543  4.52500000000   15.82228    75.78435       0                -6.734
        544  4.53333333333   15.92073    75.58682       0                -6.814
        545  4.54166666667   16.01839    75.38879       0                -6.702
        546  4.55000000000   16.11526    75.19026       0                -6.664
        547  4.55833333333   16.21133    74.99125       0                -6.733
        548  4.56666666667   16.30660    74.79175       0                -6.677
        549  4.57500000000   16.40106    74.59176       0                -6.886
        550  4.58333333333   16.49470    74.39129       0                -7.058
        551  4.59166666667   16.58752    74.19034       0                -7.335
        552  4.60000000000   16.67951    73.98891       0                -7.386
        553  4.60833333333   16.77067    73.78701       0                -7.462
        554  4.61666666667   16.86098    73.58463       0                -7.159
        555  4.62500000000   16.95045    73.38178       0                -6.884
        556  4.63333333333   17.03906    73.17847       0                -6.762
        557  4.64166666667   17.12681    72.97469       0                -7.018
        558  4.65000000000   17.21370    72.77045       0                -7.296
        559  4.65833333333   17.29971    72.56575       0                -6.984
        560  4.66666666667   17.38485    72.36059       0                -6.592
        561  4.67500000000   17.46910    72.15499       0                -7.209
        562  4.68333333333   17.55246    71.94893       0                -7.544
        563  4.69166666667   17.63492    71.74243       0                -7.395
        564  4.70000000000   17.71648    71.53549       0                -7.458
        565  4.70833333333   17.79713    71.32812       0                -7.490
        566  4.71666666667   17.87687    71.12031       0                -7.511
        567  4.72500000000   17.95569    70.91207       0                -7.414
        568  4.73333333333   18.03359    70.70341       0                -7.150
        569  4.74166666667   18.11055    70.49433       0                -7.250
        570  4.75000000000   18.18657    70.28483       0                -7.627
        571  4.75833333333   18.26165    70.07492       0                -7.760
        572  4.76666666667   18.33579    69.86460       0                -7.338
        573  4.77500000000   18.40896    69.65389       0                -7.148
        574  4.78333333333   18.48118    69.44277       0                -7.017
        575  4.79166666667   18.55243    69.23126       0                -7.767
        576  4.80000000000   18.62271    69.01937       0                -8.273
        577  4.80833333333   18.69202    68.80709       0                -8.933
        578  4.81666666667   18.76034    68.59444       0                -9.460
        579  4.82500000000   18.82768    68.38141       0                -9.350
        580  4.83333333333   18.89402    68.16802       0                -8.955
        581  4.84166666667   18.95937    67.95427       0                -8.708
        582  4.85000000000   19.02371    67.74016       0                -9.016
        583  4.85833333333   19.08704    67.52571       0                -8.747
        584  4.86666666667   19.14936    67.31091       0                -8.232
        585  4.87500000000   19.21067    67.09577       0                -8.544
        586  4.88333333333   19.27094    66.88031       0                -8.938
        587  4.89166666667   19.33020    66.66452       0                -9.269
        588  4.90000000000   19.38841    66.44841       0                -9.249
        589  4.90833333333   19.44559    66.23199       0                -6.450
        590  4.91666666667   19.50173    66.01526       0                -6.003
        591  4.92500000000   19.55682    65.79824       0                -6.233
        592  4.93333333333   19.61085    65.58092       0                -6.537
        593  4.94166666667   19.66383    65.36332       0                -3.963
        594  4.95000000000   19.71575    65.14544       0                -2.715
        595  4.95833333333   19.76661    64.92728       0                 0.056
        596  4.96666666667   19.81639    64.70887       0                 0.424
        597  4.97500000000   19.86510    64.49019       0                 2.218
        598  4.98333333333   19.91273    64.27127       0                 3.158
        599  4.99166666667   19.95928    64.05211       0                 3.108
        600  5.00000000000   20.00474    63.83271       0                 2.738
        601  5.00833333333   20.04911    63.61308       0                 2.647
        602  5.01666666667   20.09238    63.39323       0                 3.571
        603  5.02500000000   20.13456    63.17317       0                 4.049
        604  5.03333333333   20.17563    62.95291       0                 2.346
        605  5.04166666667   20.21560    62.73245       0                 1.450
        606  5.05000000000   20.25445    62.51180       0                 1.579
        607  5.05833333333   20.29220    62.29097       0                -2.263
        608  5.06666666667   20.32882    62.06997       0                -4.460
        609  5.07500000000   20.36433    61.84881       0                -5.141
        610  5.08333333333   20.39871    61.62749       0                -5.548
        611  5.09166666667   20.43197    61.40603       0                -6.007
        612  5.10000000000   20.46409    61.18442       0                -6.256
        613  5.10833333333   20.49508    60.96269       0                -6.494
        614  5.11666666667   20.52494    60.74083       0                -6.561
        615  5.12500000000   20.55365    60.51886       0                -6.578
        616  5.13333333333   20.58123    60.29679       0                -6.692
        617  5.14166666667   20.60766    60.07462       0                -6.486
        618  5.15000000000   20.63294    59.85237       0                -6.174
        619  5.15833333333   20.65707    59.63004       0                -5.828
        620  5.16666666667   20.68005    59.40764       0                -5.691
        621  5.17500000000   20.70187    59.18518       0                -5.636
        622  5.18333333333   20.72253    58.96267       0                -5.242
        623  5.19166666667   20.74204    58.74012       0                -4.902
        624  5.20000000000   20.76038    58.51754       0                -5.377
        625  5.20833333333   20.77756    58.29493       0                -5.376
        626  5.21666666667   20.79358    58.07231       0                -5.578
        627  5.22500000000   20.80842    57.84969       0                -5.636
        628  5.23333333333   20.82210    57.62707       0                -5.663
        629  5.24166666667   20.83461    57.40447       0                -5.893
        630  5.25000000000   20.84594    57.18189       0                -6.234
        631  5.25833333333   20.85610    56.95935       0                -6.234
        632  5.26666666667   20.86508    56.73685       0                -6.584
        633  5.27500000000   20.87289    56.51440       0                -6.902
        634  5.28333333333   20.87952    56.29201       0                -7.178
        635  5.29166666667   20.88497    56.06969       0                -7.333
        636  5.30000000000   20.88924    55.84746       0                -7.358
        637  5.30833333333   20.89233    55.62532       0                -7.744
        638  5.31666666667   20.89423    55.40327       0                -8.203
        639  5.32500000000   20.89495    55.18134       0                -8.264
        640  5.33333333333   20.89449    54.95953       0                -8.020
        641  5.34166666667   20.89285    54.73785       0                -7.778
        642  5.35000000000   20.89002    54.51630       0                -7.585
        643  5.35833333333   20.88601    54.29491       0                -7.338
        644  5.36666666667   20.88081    54.07368       0                -7.414
        645  5.37500000000   20.87442    53.85261       0                -7.505
        646  5.38333333333   20.86686    53.63172       0                -7.384
        647  5.39166666667   20.85810    53.41102       0                -7.093
        648  5.40000000000   20.84816    53.19052       0                -6.696
        649  5.40833333333   20.83704    52.97022       0                -6.577
        650  5.41666666667   20.82473    52.75014       0                -6.456
        651  5.42500000000   20.81124    52.53029       0                -6.278
        652  5.43333333333   20.79656    52.31068       0                -6.319
        653  5.44166666667   20.78070    52.09131       0                -6.251
        654  5.45000000000   20.76366    51.87219       0                -6.295
        655  5.45833333333   20.74543    51.65334       0                -6.418
        656  5.46666666667   20.72603    51.43477       0                -6.391
        657  5.47500000000   20.70544    51.21648       0                -6.108
        658  5.48333333333   20.68368    50.99848       0                -6.447
        659  5.49166666667   20.66074    50.78079       0                -6.653
        660  5.50000000000   20.63663    50.56341       0                -6.626
        661  5.50833333333   20.61133    50.34635       0                -6.627
        662  5.51666666667   20.58487    50.12962       0                -6.889
        663  5.52500000000   20.55723    49.91324       0                -6.758
        664  5.53333333333   20.52843    49.69720       0                -6.874
        665  5.54166666667   20.49845    49.48152       0                -6.936
        666  5.55000000000   20.46731    49.26621       0                -6.912
        667  5.55833333333   20.43500    49.05128       0                -6.917
        668  5.56666666667   20.40153    48.83673       0                -6.994
        669  5.57500000000   20.36690    48.62258       0                -7.060
        670  5.58333333333   20.33111    48.40884       0                -6.892
        671  5.59166666667   20.29417    48.19551       0                -6.714
        672  5.60000000000   20.25607    47.98260       0                -6.949
        673  5.60833333333   20.21682    47.77012       0                -7.106
        674  5.61666666667   20.17642    47.55808       0                -7.119
        675  5.62500000000   20.13487    47.34649       0                -7.214
        676  5.63333333333   20.09218    47.13536       0                -7.356
        677  5.64166666667   20.04835    46.92469       0                -7.560
        678  5.65000000000   20.00338    46.71449       0                -7.775
        679  5.65833333333   19.95727    46.50478       0                -8.046
        680  5.66666666667   19.91003    46.29556       0                -8.207
        681  5.67500000000   19.86167    46.08684       0                -8.393
        682  5.68333333333   19.81217    45.87862       0                -8.632
        683  5.69166666667   19.76155    45.67092       0                -8.963
        684  5.70000000000   19.70982    45.46375       0                -9.269
        685  5.70833333333   19.65697    45.25710       0                -9.458
        686  5.71666666667   19.60300    45.05100       0                -9.585
        687  5.72500000000   19.54792    44.84544       0                -9.760
        688  5.73333333333   19.49174    44.64043       0                -9.813
        689  5.74166666667   19.43446    44.43599       0               -10.097
        690  5.75000000000   19.37608    44.23211       0               -10.149
        691  5.75833333333   19.31660    44.02881       0               -10.232
        692  5.76666666667   19.25603    43.82610       0               -10.231
        693  5.77500000000   19.19438    43.62398       0               -10.198
        694  5.78333333333   19.13164    43.42245       0               -10.140
        695  5.79166666667   19.06782    43.22153       0               -10.111
        696  5.80000000000   19.00293    43.02123       0               -10.096
        697  5.80833333333   18.93697    42.82154       0                -9.998
        698  5.81666666667   18.86994    42.62248       0               -10.060
        699  5.82500000000   18.80185    42.42405       0               -10.027
        700  5.83333333333   18.73271    42.22626       0               -10.064
        701  5.84166666667   18.66251    42.02912       0                -9.917
        702  5.85000000000   18.59126    41.83262       0                -9.783
        703  5.85833333333   18.51896    41.63679       0                -9.614
        704  5.86666666667   18.44563    41.44162       0                -9.539
        705  5.87500000000   18.37126    41.24712       0                -9.450
        706  5.88333333333   18.29586    41.05330       0                -9.176
        707  5.89166666667   18.21944    40.86016       0                -9.219
        708  5.90000000000   18.14199    40.66770       0                -9.192
        709  5.90833333333   18.06353    40.47594       0                -8.848
        710  5.91666666667   17.98406    40.28488       0                -8.253
        711  5.92500000000   17.90358    40.09453       0                -7.952
        712  5.93333333333   17.82210    39.90488       0                -7.955
        713  5.94166666667   17.73963    39.71595       0                -7.953
        714  5.95000000000   17.65616    39.52774       0                -7.952
        715  5.95833333333   17.57171    39.34026       0                -7.922
        716  5.96666666667   17.48627    39.15350       0                -7.914
        717  5.97500000000   17.39986    38.96748       0                -7.921
        718  5.98333333333   17.31248    38.78220       0                -7.848
        719  5.99166666667   17.22414    38.59767       0                -7.841
        720  6.00000000000   17.13483    38.41388       0                -7.820
        721  6.00833333333   17.04457    38.23085       0                -7.840
        722  6.01666666667   16.95336    38.04857       0                -7.782
        723  6.02500000000   16.86121    37.86706       0                -7.724
        724  6.03333333333   16.76812    37.68631       0                -7.724
        725  6.04166666667   16.67409    37.50633       0                -7.683
        726  6.05000000000   16.57914    37.32713       0                -7.711
        727  6.05833333333   16.48326    37.14870       0                -7.659
        728  6.06666666667   16.38647    36.97105       0                -7.596
        729  6.07500000000   16.28877    36.79419       0                -7.567
        730  6.08333333333   16.19016    36.61812       0                -7.814
        731  6.09166666667   16.09065    36.44284       0                -7.850
        732  6.10000000000   15.99025    36.26835       0                -7.950
        733  6.10833333333   15.88896    36.09467       0                -7.951
        734  6.11666666667   15.78679    35.92178       0                -8.459
        735  6.12500000000   15.68374    35.74970       0                -8.585
        736  6.13333333333   15.57982    35.57842       0                -8.829
        737  6.14166666667   15.47503    35.40796       0                -8.446
        738  6.15000000000   15.36938    35.23830       0                -8.577
        739  6.15833333333   15.26288    35.06947       0                -8.564
        740  6.16666666667   15.15553    34.90145       0                -8.462
        741  6.17500000000   15.04734    34.73425       0                -8.005
        742  6.18333333333   14.93831    34.56787       0                -7.886
        743  6.19166666667   14.82845    34.40232       0                -7.852
        744  6.20000000000   14.71776    34.23759       0                -7.200
        745  6.20833333333   14.60626    34.07369       0                -6.638
        746  6.21666666667   14.49394    33.91062       0                -5.861
        747  6.22500000000   14.38081    33.74839       0                -5.214
        748  6.23333333333   14.26688    33.58699       0                -4.935
        749  6.24166666667   14.15215    33.42643       0                -5.422
        750  6.25000000000   14.03664    33.26670       0                -5.361
        751  6.25833333333   13.92033    33.10781       0                -5.687
        752  6.26666666667   13.80326    32.94976       0                -6.004
        753  6.27500000000   13.68540    32.79256       0                -6.426
        754  6.28333333333   13.56678    32.63620       0                -6.550
        755  6.29166666667   13.44740    32.48068       0                -6.180
        756  6.30000000000   13.32727    32.32601       0                -6.033
        757  6.30833333333   13.20638    32.17218       0                -6.177
        758  6.31666666667   13.08475    32.01920       0                -6.336
        759  6.32500000000   12.96239    31.86707       0                -6.857
        760  6.33333333333   12.83929    31.71579       0                -7.711
        761  6.34166666667   12.71546    31.56535       0                -7.866
        762  6.35000000000   12.59092    31.41577       0                -8.231
        763  6.35833333333   12.46566    31.26704       0                -7.546
        764  6.36666666667   12.33969    31.11916       0                -6.865
        765  6.37500000000   12.21302    30.97213       0                -6.677
        766  6.38333333333   12.08565    30.82595       0                -6.834
        767  6.39166666667   11.95759    30.68062       0                -8.016
        768  6.40000000000   11.82885    30.53615       0                -8.727
        769  6.40833333333   11.69943    30.39252       0                -9.050
        770  6.41666666667   11.56933    30.24975       0                -9.410
        771  6.42500000000   11.43856    30.10783       0                -9.396
        772  6.43333333333   11.30713    29.96677       0                -9.504
        773  6.44166666667   11.17505    29.82655       0                -9.637
        774  6.45000000000   11.04231    29.68719       0                -9.593
        775  6.45833333333   10.90893    29.54868       0                -9.008
        776  6.46666666667   10.77491    29.41102       0                -8.444
        777  6.47500000000   10.64026    29.27421       0                -8.385
        778  6.48333333333   10.50497    29.13825       0                -8.507
        779  6.49166666667   10.36907    29.00313       0                -8.458
        780  6.50000000000   10.23254    28.86887       0                -8.528
        781  6.50833333333   10.09541    28.73546       0                -8.414
        782  6.51666666667    9.95767    28.60289       0                -8.454
        783  6.52500000000    9.81933    28.47117       0                -8.269
        784  6.53333333333    9.68039    28.34029       0                -8.358
        785  6.54166666667    9.54087    28.21026       0                -8.498
        786  6.55000000000    9.40076    28.08108       0                -8.324
        787  6.55833333333    9.26007    27.95273       0                -8.548
        788  6.56666666667    9.11882    27.82523       0                -8.432
        789  6.57500000000    8.97699    27.69857       0                -8.077
        790  6.58333333333    8.83460    27.57275       0                -7.926
        791  6.59166666667    8.69165    27.44777       0                -7.674
        792  6.60000000000    8.54816    27.32362       0                -7.653
        793  6.60833333333    8.40412    27.20031       0                -7.385
        794  6.61666666667    8.25953    27.07784       0                -7.396
        795  6.62500000000    8.11441    26.95619       0                -7.519
        796  6.63333333333    7.96877    26.83538       0                -8.060
        797  6.64166666667    7.82259    26.71540       0                -7.713
        798  6.65000000000    7.67590    26.59625       0                -6.927
        799  6.65833333333    7.52870    26.47792       0                -6.794
        800  6.66666666667    7.38098    26.36042       0                -6.525
        801  6.67500000000    7.23276    26.24375       0                -6.553
        802  6.68333333333    7.08404    26.12789       0                -6.878
        803  6.69166666667    6.93483    26.01286       0                -7.485
        804  6.70000000000    6.78513    25.89864       0                -7.473
        805  6.70833333333    6.63495    25.78525       0                -7.618
        806  6.71666666667    6.48429    25.67266       0                -8.187
        807  6.72500000000    6.33315    25.56089       0                -8.270
        808  6.73333333333    6.18155    25.44994       0                -8.236
        809  6.74166666667    6.02948    25.33979       0                -8.364
        810  6.75000000000    5.87695    25.23045       0                -7.854
        811  6.75833333333    5.72398    25.12191       0                -8.272
        812  6.76666666667    5.57055    25.01418       0                -8.478
        813  6.77500000000    5.41667    24.90725       0                -8.557
        814  6.78333333333    5.26236    24.80112       0                -8.453
        815  6.79166666667    5.10762    24.69578       0                -8.700
       1978 16.48333333333    5.17574   296.28000       0                -0.150
       1979 16.49166666667    5.36125   296.35748       0                -0.063
       1980 16.50000000000    5.54696   296.43461       0                 0.135
       1981 16.50833333333    5.73285   296.51139       0                 0.288
       1982 16.51666666667    5.91894   296.58783       0                 0.373
       1983 16.52500000000    6.10521   296.66391       0                 0.468
       1984 16.53333333333    6.29168   296.73963       0                 0.534
       1985 16.54166666667    6.47834   296.81500       0                 0.564
       1986 16.55000000000    6.66520   296.89001       0                 0.442
       1987 16.55833333333    6.85224   296.96466       0                 0.541
       1988 16.56666666667    7.03948   297.03894       0                 0.513
       1989 16.57500000000    7.22690   297.11286       0                 0.536
       1990 16.58333333333    7.41452   297.18640       0                 0.665
       1991 16.59166666667    7.60234   297.25958       0                 0.643
       1992 16.60000000000    7.79034   297.33237       0                 0.601
       1993 16.60833333333    7.97854   297.40480       0                 0.621
       1994 16.61666666667    8.16693   297.47684       0                 0.610
       1995 16.62500000000    8.35551   297.54849       0                 0.612
       1996 16.63333333333    8.54429   297.61976       0                 0.564
       1997 16.64166666667    8.73325   297.69065       0                 0.458
       1998 16.65000000000    8.92241   297.76114       0                 0.457
       1999 16.65833333333    9.11177   297.83124       0                 0.419
       2000 16.66666666667    9.30131   297.90094       0                 0.320
       2001 16.67500000000    9.49105   297.97024       0                 0.291
       2002 16.68333333333    9.68098   298.03914       0                 0.145
       2003 16.69166666667    9.87111   298.10763       0                 0.023
       2004 16.70000000000   10.06143   298.17572       0                -0.201
       2005 16.70833333333   10.25194   298.24340       0                -0.208
       2006 16.71666666667   10.44264   298.31066       0                -0.390
       2007 16.72500000000   10.63354   298.37750       0                -0.378
       2008 16.73333333333   10.82463   298.44392       0                -0.458
       2009 16.74166666667   11.01591   298.50992       0                -0.554
       2010 16.75000000000   11.20738   298.57550       0                -0.686
       2011 16.75833333333   11.39905   298.64064       0                -0.734
       2012 16.76666666667   11.59091   298.70536       0                -0.812
       2013 16.77500000000   11.78296   298.76963       0                -0.815
       2014 16.78333333333   11.97520   298.83347       0                -0.874
       2015 16.79166666667   12.16763   298.89687       0                -0.858
       2016 16.80000000000   12.36026   298.95982       0                -0.873
       2017 16.80833333333   12.55308   299.02232       0                -0.980
       2018 16.81666666667   12.74609   299.08437       0                -1.061
       2019 16.82500000000   12.93929   299.14597       0                -1.199
       2020 16.83333333333   13.13269   299.20711       0                -1.272
       2021 16.84166666667   13.32627   299.26778       0                -1.238
       2022 16.85000000000   13.52004   299.32799       0                -1.317
       2023 16.85833333333   13.71401   299.38773       0                -1.399
       2024 16.86666666667   13.90817   299.44700       0                -1.450
       2025 16.87500000000   14.10251   299.50579       0                -1.566
       2026 16.88333333333   14.29705   299.56411       0                -1.663
       2027 16.89166666667   14.49177   299.62194       0                -1.734
       2028 16.90000000000   14.68669   299.67928       0                -1.760
       2029 16.90833333333   14.88179   299.73613       0                -1.922
       2030 16.91666666667   15.07708   299.79249       0                -1.973
       2031 16.92500000000   15.27256   299.84835       0                -2.038
       2032 16.93333333333   15.46823   299.90371       0                -2.106
       2033 16.94166666667   15.66409   299.95856       0                -2.091
       2034 16.95000000000   15.86013   300.01290       0                -2.211
       2035 16.95833333333   16.05636   300.06673       0                -2.277
       2036 16.96666666667   16.25278   300.12004       0                -2.330
       2037 16.97500000000   16.44938   300.17283       0                -2.383
       2038 16.98333333333   16.64617   300.22509       0                -2.434
       2039 16.99166666667   16.84315   300.27683       0                -2.604
       2040 17.00000000000   17.04031   300.32803       0                -2.637
       2041 17.00833333333   17.23765   300.37869       0                -2.632
       2042 17.01666666667   17.43518   300.42881       0                -2.707
       2043 17.02500000000   17.63289   300.47838       0                -2.749
       2044 17.03333333333   17.83078   300.52740       0                -2.808
       2045 17.04166666667   18.02885   300.57586       0                -2.877
       2046 17.05000000000   18.22711   300.62377       0                -2.912
       2047 17.05833333333   18.42555   300.67111       0                -2.915
       2048 17.06666666667   18.62417   300.71788       0                -2.942
       2049 17.07500000000   18.82296   300.76408       0                -2.972
       2050 17.08333333333   19.02194   300.80970       0                -3.073
       2051 17.09166666667   19.22110   300.85474       0                -3.136
       2052 17.10000000000   19.42043   300.89919       0                -3.186
       2053 17.10833333333   19.61994   300.94304       0                -3.302
       2054 17.11666666667   19.81963   300.98630       0                -3.318
       2055 17.12500000000   20.01949   301.02896       0                -3.347
       2056 17.13333333333   20.21953   301.07101       0                -3.404
       2057 17.14166666667   20.41974   301.11245       0                -3.474
       2058 17.15000000000   20.62013   301.15327       0                -3.529
       2059 17.15833333333   20.82068   301.19346       0                -3.610
       2060 17.16666666667   21.02141   301.23303       0                -3.682
       2061 17.17500000000   21.22231   301.27197       0                -3.677
       2062 17.18333333333   21.42338   301.31027       0                -3.688
       2063 17.19166666667   21.62462   301.34792       0                -3.723
       2064 17.20000000000   21.82603   301.38493       0                -3.776
       2065 17.20833333333   22.02760   301.42128       0                -3.818
       2066 17.21666666667   22.22934   301.45697       0                -3.866
       2067 17.22500000000   22.43125   301.49199       0                -3.928
       2068 17.23333333333   22.63332   301.52634       0                -3.987
       2069 17.24166666667   22.83555   301.56002       0                -4.059
       2070 17.25000000000   23.03795   301.59301       0                -4.124
       2071 17.25833333333   23.24050   301.62531       0                -4.152
       2072 17.26666666667   23.44322   301.65692       0                -4.176
       2073 17.27500000000   23.64609   301.68782       0                -4.281
       2074 17.28333333333   23.84912   301.71802       0                -4.320
       2075 17.29166666667   24.05231   301.74751       0                -4.329
       2076 17.30000000000   24.25565   301.77627       0                -4.363
       2077 17.30833333333   24.45915   301.80431       0                -4.421
       2078 17.31666666667   24.66280   301.83161       0                -4.451
       2079 17.32500000000   24.86660   301.85817       0                -4.503
       2080 17.33333333333   25.07055   301.88399       0                -4.554
       2081 17.34166666667   25.27465   301.90906       0                -4.613
       2082 17.35000000000   25.47889   301.93336       0                -4.689
       2083 17.35833333333   25.68328   301.95690       0                -4.743
       2084 17.36666666667   25.88781   301.97967       0                -4.774
       2085 17.37500000000   26.09249   302.00165       0                -4.802
       2086 17.38333333333   26.29731   302.02285       0                -4.862
       2087 17.39166666667   26.50227   302.04325       0                -4.890
       2088 17.40000000000   26.70736   302.06285       0                -4.945
       2089 17.40833333333   26.91259   302.08164       0                -4.982
       2090 17.41666666667   27.11796   302.09962       0                -5.080
       2091 17.42500000000   27.32345   302.11676       0                -5.125
       2092 17.43333333333   27.52908   302.13308       0                -5.151
       2093 17.44166666667   27.73484   302.14855       0                -5.179
       2094 17.45000000000   27.94073   302.16318       0                -5.215
       2095 17.45833333333   28.14674   302.17695       0                -5.292
       2096 17.46666666667   28.35287   302.18986       0                -5.356
       2097 17.47500000000   28.55913   302.20189       0                -5.435
       2098 17.48333333333   28.76551   302.21304       0                -5.484
       2099 17.49166666667   28.97200   302.22331       0                -5.555
       2100 17.50000000000   29.17861   302.23267       0                -5.593
       2101 17.50833333333   29.38533   302.24113       0                -5.702
       2102 17.51666666667   29.59217   302.24867       0                -5.757
       2103 17.52500000000   29.79911   302.25529       0                -5.792
       2104 17.53333333333   30.00616   302.26098       0                -5.882
       2105 17.54166666667   30.21332   302.26572       0                -5.938
       2106 17.55000000000   30.42057   302.26951       0                -5.977
       2107 17.55833333333   30.62793   302.27234       0                -6.028
       2108 17.56666666667   30.83539   302.27420       0                -6.067
       2109 17.57500000000   31.04294   302.27508       0                -6.117
       2110 17.58333333333   31.25058   302.27497       0                -6.182
       2111 17.59166666667   31.45831   302.27386       0                -6.234
       2112 17.60000000000   31.66613   302.27174       0                -6.279
       2113 17.60833333333   31.87404   302.26859       0                -6.329
       2114 17.61666666667   32.08203   302.26442       0                -6.391
       2115 17.62500000000   32.29010   302.25921       0                -6.420
       2116 17.63333333333   32.49824   302.25295       0                -6.475
       2117 17.64166666667   32.70646   302.24562       0                -6.505
       2118 17.65000000000   32.91475   302.23722       0                -6.559
       2119 17.65833333333   33.12310   302.22774       0                -6.603
       2120 17.66666666667   33.33152   302.21716       0                -6.619
       2121 17.67500000000   33.54001   302.20547       0                -6.632
       2122 17.68333333333   33.74855   302.19267       0                -6.638
       2123 17.69166666667   33.95715   302.17873       0                -6.718
       2124 17.70000000000   34.16580   302.16366       0                -6.769
       2125 17.70833333333   34.37449   302.14743       0                -6.841
       2126 17.71666666667   34.58324   302.13003       0                -6.875
       2127 17.72500000000   34.79202   302.11146       0                -6.937
       2128 17.73333333333   35.00085   302.09170       0                -6.992
       2129 17.74166666667   35.20971   302.07073       0                -7.040
       2130 17.75000000000   35.41860   302.04855       0                -7.108
       2131 17.75833333333   35.62752   302.02514       0                -7.143
       2132 17.76666666667   35.83646   302.00048       0                -7.181
       2133 17.77500000000   36.04542   301.97458       0                -7.229
       2134 17.78333333333   36.25440   301.94740       0                -7.273
       2135 17.79166666667   36.46339   301.91894       0                -7.289
       2136 17.80000000000   36.67239   301.88918       0                -7.336
       2137 17.80833333333   36.88139   301.85811       0                -7.378
       2138 17.81666666667   37.09039   301.82572       0                -7.426
       2139 17.82500000000   37.29939   301.79198       0                -7.475
       2140 17.83333333333   37.50838   301.75690       0                -7.505
       2141 17.84166666667   37.71735   301.72044       0                -7.565
       2142 17.85000000000   37.92631   301.68260       0                -7.620
       2143 17.85833333333   38.13524   301.64336       0                -7.641
       2144 17.86666666667   38.34415   301.60270       0                -7.716
       2145 17.87500000000   38.55302   301.56061       0                -7.764
       2146 17.88333333333   38.76186   301.51707       0                -7.798
       2147 17.89166666667   38.97066   301.47207       0                -7.774
       2148 17.90000000000   39.17941   301.42560       0                -7.761
       2149 17.90833333333   39.38810   301.37762       0                -7.769
       2150 17.91666666667   39.59674   301.32813       0                -7.778
       2151 17.92500000000   39.80532   301.27711       0                -7.800
       2152 17.93333333333   40.01382   301.22454       0                -7.846
       2153 17.94166666667   40.22226   301.17041       0                -7.902
       2154 17.95000000000   40.43061   301.11469       0                -7.971
       2155 17.95833333333   40.63888   301.05737       0                -7.994
       2156 17.96666666667   40.84706   300.99843       0                -7.954
       2157 17.97500000000   41.05514   300.93785       0                -8.001
       2158 17.98333333333   41.26312   300.87561       0                -8.057
       2159 17.99166666667   41.47099   300.81170       0                -8.085
       2160 18.00000000000   41.67825   300.74610       0                -8.112
       2161 18.00833333333   41.88637   300.67876       0                -8.124
       2162 18.01666666667   42.09388   300.60970       0                -8.145
       2163 18.02500000000   42.30125   300.53888       0                -8.151
       2164 18.03333333333   42.50847   300.46629       0                -8.147
       2165 18.04166666667   42.71555   300.39189       0                -8.223
       2166 18.05000000000   42.92247   300.31568       0                -8.241
       2167 18.05833333333   43.12923   300.23763       0                -8.280
       2168 18.06666666667   43.33582   300.15771       0                -8.281
       2169 18.07500000000   43.54223   300.07592       0                -8.296
       2170 18.08333333333   43.74846   299.99221       0                -8.344
       2171 18.09166666667   43.95450   299.90658       0                -8.373
       2172 18.10000000000   44.16033   299.81900       0                -8.371
       2173 18.10833333333   44.36596   299.72944       0                -8.376
       2174 18.11666666667   44.57136   299.63788       0                -8.412
       2175 18.12500000000   44.77655   299.54431       0                -8.425
       2176 18.13333333333   44.98150   299.44868       0                -8.446
       2177 18.14166666667   45.18621   299.35099       0                -8.487
       2178 18.15000000000   45.39067   299.25120       0                -8.490
       2179 18.15833333333   45.59487   299.14929       0                -8.511
       2180 18.16666666667   45.79880   299.04524       0                -8.520
       2181 18.17500000000   46.00246   298.93902       0                -8.539
       2182 18.18333333333   46.20583   298.83060       0                -8.574
       2183 18.19166666667   46.40890   298.71995       0                -8.597
       2184 18.20000000000   46.61167   298.60706       0                -8.630
       2185 18.20833333333   46.81412   298.49189       0                -8.643
       2186 18.21666666667   47.01625   298.37441       0                -8.666
       2187 18.22500000000   47.21804   298.25461       0                -8.691
       2188 18.23333333333   47.41948   298.13245       0                -8.715
       2189 18.24166666667   47.62057   298.00789       0                -8.750
       2190 18.25000000000   47.82129   297.88093       0                -8.799
       2191 18.25833333333   48.02163   297.75151       0                -8.838
       2192 18.26666666667   48.22158   297.61962       0                -8.873
       2193 18.27500000000   48.42114   297.48523       0                -8.908
       2194 18.28333333333   48.62028   297.34831       0                -8.932
       2195 18.29166666667   48.81899   297.20882       0                -8.932
       2196 18.30000000000   49.01727   297.06674       0                -8.965
       2197 18.30833333333   49.21510   296.92203       0                -9.003
       2198 18.31666666667   49.41247   296.77467       0                -9.038
       2199 18.32500000000   49.60937   296.62462       0                -9.070
       2200 18.33333333333   49.80578   296.47185       0                -9.106
       2201 18.34166666667   50.00170   296.31632       0                -9.127
       2202 18.35000000000   50.19710   296.15802       0                -9.152
       2203 18.35833333333   50.39197   295.99690       0                -9.146
       2204 18.36666666667   50.58631   295.83293       0                -9.155
       2205 18.37500000000   50.78009   295.66608       0                -9.181
       2206 18.38333333333   50.97331   295.49631       0                -9.226
       2207 18.39166666667   51.16594   295.32359       0                -9.246
       2208 18.40000000000   51.35797   295.14789       0                -9.255
       2209 18.40833333333   51.54940   294.96917       0                -9.288
       2210 18.41666666667   51.74020   294.78740       0                -9.302
       2211 18.42500000000   51.93035   294.60254       0                -9.298
       2212 18.43333333333   52.11985   294.41456       0                -9.322
       2213 18.44166666667   52.30867   294.22343       0                -9.362
       2214 18.45000000000   52.49681   294.02910       0                -9.386
       2215 18.45833333333   52.68423   293.83155       0                -9.411
       2216 18.46666666667   52.87094   293.63074       0                -9.426
       2217 18.47500000000   53.05690   293.42662       0                -9.446
       2218 18.48333333333   53.24210   293.21917       0                -9.457
       2219 18.49166666667   53.42653   293.00835       0                -9.466
       2220 18.50000000000   53.61016   292.79413       0                -9.466
       2221 18.50833333333   53.79298   292.57647       0                -9.463
       2222 18.51666666667   53.97498   292.35532       0                -9.466
       2223 18.52500000000   54.15612   292.13066       0                -9.458
       2224 18.53333333333   54.33639   291.90246       0                -9.467
       2225 18.54166666667   54.51578   291.67066       0                -9.482
       2226 18.55000000000   54.69426   291.43524       0                -9.472
       2227 18.55833333333   54.87181   291.19617       0                -9.475
       2228 18.56666666667   55.04841   290.95340       0                -9.466
       2229 18.57500000000   55.22405   290.70690       0                -9.462
       2230 18.58333333333   55.39869   290.45664       0                -9.459
       2231 18.59166666667   55.57233   290.20258       0                -9.475
       2232 18.60000000000   55.74493   289.94468       0                -9.484
       2233 18.60833333333   55.91648   289.68292       0                -9.485
       2234 18.61666666667   56.08695   289.41725       0                -9.486
       2235 18.62500000000   56.25632   289.14764       0                -9.512
       2236 18.63333333333   56.42457   288.87406       0                -9.515
       2237 18.64166666667   56.59168   288.59648       0                -9.532
       2238 18.65000000000   56.75762   288.31486       0                -9.555
       2239 18.65833333333   56.92236   288.02917       0                -9.570
       2240 18.66666666667   57.08589   287.73939       0                -9.558
       2241 18.67500000000   57.24818   287.44547       0                -9.566
       2242 18.68333333333   57.40921   287.14740       0                -9.557
       2243 18.69166666667   57.56894   286.84513       0                -9.549
       2244 18.70000000000   57.72736   286.53865       0                -9.557
       2245 18.70833333333   57.88443   286.22793       0                -9.547
       2246 18.71666666667   58.04014   285.91294       0                -9.552
       2247 18.72500000000   58.19446   285.59365       0                -9.533
       2248 18.73333333333   58.34736   285.27004       0                -9.541
       2249 18.74166666667   58.49881   284.94209       0                -9.539
       2250 18.75000000000   58.64878   284.60977       0                -9.534
       2251 18.75833333333   58.79726   284.27307       0                -9.535
       2252 18.76666666667   58.94421   283.93197       0                -9.537
       2253 18.77500000000   59.08960   283.58645       0                -9.551
       2254 18.78333333333   59.23341   283.23649       0                -9.535
       2255 18.79166666667   59.37560   282.88207       0                -9.536
       2256 18.80000000000   59.51616   282.52320       0                -9.521
       2257 18.80833333333   59.65504   282.15985       0                -9.535
       2258 18.81666666667   59.79223   281.79202       0                -9.547
       2259 18.82500000000   59.92769   281.41969       0                -9.548
       2260 18.83333333333   60.06139   281.04287       0                -9.552
       2261 18.84166666667   60.19331   280.66156       0                -9.541
       2262 18.85000000000   60.32341   280.27574       0                -9.532
       2263 18.85833333333   60.45167   279.88543       0                -9.531
       2264 18.86666666667   60.57805   279.49062       0                -9.541
       2265 18.87500000000   60.70252   279.09133       0                -9.526
       2266 18.88333333333   60.82506   278.68756       0                -9.516
       2267 18.89166666667   60.94564   278.27932       0                -9.510
       2268 18.90000000000   61.06422   277.86663       0                -9.512
       2269 18.90833333333   61.18077   277.44951       0                -9.517
       2270 18.91666666667   61.29527   277.02797       0                -9.509
       2271 18.92500000000   61.40768   276.60204       0                -9.496
       2272 18.93333333333   61.51798   276.17175       0                -9.484
       2273 18.94166666667   61.62613   275.73711       0                -9.482
       2274 18.95000000000   61.73211   275.29818       0                -9.502
       2275 18.95833333333   61.83588   274.85497       0                -9.492
       2276 18.96666666667   61.93742   274.40753       0                -9.478
       2277 18.97500000000   62.03669   273.95590       0                -9.468
       2278 18.98333333333   62.13367   273.50013       0                -9.450
       2279 18.99166666667   62.22832   273.04027       0                -9.439
       2280 19.00000000000   62.32063   272.57636       0                -9.437
       2281 19.00833333333   62.41055   272.10847       0                -9.429
       2282 19.01666666667   62.49807   271.63665       0                -9.425
       2283 19.02500000000   62.58315   271.16096       0                -9.416
       2284 19.03333333333   62.66577   270.68148       0                -9.397
       2285 19.04166666667   62.74590   270.19827       0                -9.367
       2286 19.05000000000   62.82351   269.71141       0                -9.357
       2287 19.05833333333   62.89858   269.22096       0                -9.333
       2288 19.06666666667   62.97109   268.72703       0                -9.321
       2289 19.07500000000   63.04099   268.22968       0                -9.313
       2290 19.08333333333   63.10828   267.72901       0                -9.305
       2291 19.09166666667   63.17293   267.22510       0                -9.285
       2292 19.10000000000   63.23492   266.71806       0                -9.268
       2293 19.10833333333   63.29421   266.20799       0                -9.254
       2294 19.11666666667   63.35080   265.69497       0                -9.237
       2295 19.12500000000   63.40466   265.17913       0                -9.227
       2296 19.13333333333   63.45576   264.66056       0                -9.209
       2297 19.14166666667   63.50410   264.13938       0                -9.179
       2298 19.15000000000   63.54964   263.61570       0                -9.162
       2299 19.15833333333   63.59238   263.08964       0                -9.160
       2300 19.16666666667   63.63229   262.56132       0                -9.155
       2301 19.17500000000   63.66937   262.03087       0                -9.134
       2302 19.18333333333   63.70358   261.49840       0                -9.113
       2303 19.19166666667   63.73493   260.96405       0                -9.083
       2304 19.20000000000   63.76339   260.42794       0                -9.062
       2305 19.20833333333   63.78896   259.89022       0                -9.047
       2306 19.21666666667   63.81161   259.35100       0                -9.038
       2307 19.22500000000   63.83135   258.81043       0                -9.020
       2308 19.23333333333   63.84817   258.26865       0                -9.000
       2309 19.24166666667   63.86204   257.72579       0                -8.983
       2310 19.25000000000   63.87298   257.18199       0                -8.958
       2311 19.25833333333   63.88096   256.63740       0                -8.920
       2312 19.26666666667   63.88599   256.09215       0                -8.898
       2313 19.27500000000   63.88807   255.54639       0                -8.869
       2314 19.28333333333   63.88718   255.00027       0                -8.851
       2315 19.29166666667   63.88333   254.45391       0                -8.847
       2316 19.30000000000   63.87651   253.90748       0                -8.826
       2317 19.30833333333   63.86673   253.36111       0                -8.803
       2318 19.31666666667   63.85399   252.81494       0                -8.780
       2319 19.32500000000   63.83830   252.26911       0                -8.785
       2320 19.33333333333   63.81964   251.72378       0                -8.760
       2321 19.34166666667   63.79804   251.17907       0                -8.736
       2322 19.35000000000   63.77349   250.63512       0                -8.712
       2323 19.35833333333   63.74601   250.09209       0                -8.704
       2324 19.36666666667   63.71559   249.55009       0                -8.694
       2325 19.37500000000   63.68226   249.00927       0                -8.660
       2326 19.38333333333   63.64601   248.46976       0                -8.625
       2327 19.39166666667   63.60687   247.93169       0                -8.602
       2328 19.40000000000   63.56484   247.39519       0                -8.572
       2329 19.40833333333   63.51993   246.86038       0                -8.535
       2330 19.41666666667   63.47217   246.32739       0                -8.517
       2331 19.42500000000   63.42156   245.79635       0                -8.496
       2332 19.43333333333   63.36812   245.26736       0                -8.447
       2333 19.44166666667   63.31187   244.74055       0                -8.433
       2334 19.45000000000   63.25282   244.21603       0                -8.405
       2335 19.45833333333   63.19100   243.69391       0                -8.368
       2336 19.46666666667   63.12642   243.17429       0                -8.349
       2337 19.47500000000   63.05911   242.65728       0                -8.324
       2338 19.48333333333   62.98907   242.14298       0                -8.305
       2339 19.49166666667   62.91634   241.63149       0                -8.284
       2340 19.50000000000   62.84094   241.12289       0                -8.242
       2341 19.50833333333   62.76289   240.61729       0                -8.217
       2342 19.51666666667   62.68221   240.11475       0                -8.196
       2343 19.52500000000   62.59893   239.61538       0                -8.157
       2344 19.53333333333   62.51307   239.11924       0                -8.140
       2345 19.54166666667   62.42465   238.62641       0                -8.114
       2346 19.55000000000   62.33371   238.13697       0                -8.098
       2347 19.55833333333   62.24027   237.65098       0                -8.070
       2348 19.56666666667   62.14434   237.16850       0                -8.033
       2349 19.57500000000   62.04597   236.68961       0                -8.022
       2350 19.58333333333   61.94518   236.21434       0                -7.997
       2351 19.59166666667   61.84199   235.74277       0                -7.968
       2352 19.60000000000   61.73644   235.27494       0                -7.956
       2353 19.60833333333   61.62854   234.81090       0                -7.927
       2354 19.61666666667   61.51834   234.35068       0                -7.898
       2355 19.62500000000   61.40585   233.89434       0                -7.859
       2356 19.63333333333   61.29111   233.44191       0                -7.822
       2357 19.64166666667   61.17414   232.99341       0                -7.807
       2358 19.65000000000   61.05498   232.54889       0                -7.765
       2359 19.65833333333   60.93365   232.10837       0                -7.733
       2360 19.66666666667   60.81019   231.67187       0                -7.703
       2361 19.67500000000   60.68461   231.23942       0                -7.658
       2362 19.68333333333   60.55696   230.81103       0                -7.623
       2363 19.69166666667   60.42726   230.38672       0                -7.578
       2364 19.70000000000   60.29554   229.96650       0                -7.560
       2365 19.70833333333   60.16182   229.55038       0                -7.549
       2366 19.71666666667   60.02615   229.13838       0                -7.517
       2367 19.72500000000   59.88854   228.73049       0                -7.486
       2368 19.73333333333   59.74903   228.32671       0                -7.445
       2369 19.74166666667   59.60764   227.92706       0                -7.407
       2370 19.75000000000   59.46441   227.53152       0                -7.384
       2371 19.75833333333   59.31936   227.14009       0                -7.345
       2372 19.76666666667   59.17252   226.75277       0                -7.292
       2373 19.77500000000   59.02393   226.36955       0                -7.257
       2374 19.78333333333   58.87360   225.99042       0                -7.196
       2375 19.79166666667   58.72157   225.61536       0                -7.149
       2376 19.80000000000   58.56787   225.24436       0                -7.099
       2377 19.80833333333   58.41252   224.87742       0                -7.067
       2378 19.81666666667   58.25554   224.51450       0                -7.042
       2379 19.82500000000   58.09698   224.15560       0                -7.016
       2380 19.83333333333   57.93685   223.80069       0                -6.995
       2381 19.84166666667   57.77519   223.44975       0                -6.952
       2382 19.85000000000   57.61201   223.10275       0                -6.919
       2383 19.85833333333   57.44735   222.75969       0                -6.879
       2384 19.86666666667   57.28122   222.42052       0                -6.848
       2385 19.87500000000   57.11367   222.08523       0                -6.815
       2386 19.88333333333   56.94471   221.75379       0                -6.767
       2387 19.89166666667   56.77436   221.42617       0                -6.724
       2388 19.90000000000   56.60266   221.10233       0                -6.677
       2389 19.90833333333   56.42963   220.78226       0                -6.619
       2390 19.91666666667   56.25529   220.46592       0                -6.575
       2391 19.92500000000   56.07966   220.15329       0                -6.532
       2392 19.93333333333   55.90278   219.84432       0                -6.496
       2393 19.94166666667   55.72466   219.53898       0                -6.451
       2394 19.95000000000   55.54532   219.23725       0                -6.422
       2395 19.95833333333   55.36480   218.93909       0                -6.397
       2396 19.96666666667   55.18311   218.64447       0                -6.345
       2397 19.97500000000   55.00028   218.35334       0                -6.287
       2398 19.98333333333   54.81632   218.06569       0                -6.226
       2399 19.99166666667   54.63127   217.78147       0                -6.161
       2400 20.00000000000   54.44557   217.50318       0                -6.101
       2401 20.00833333333   54.25794   217.22318       0                -6.045
       2402 20.01666666667   54.06971   216.94904       0                -5.987
       2403 20.02500000000   53.88047   216.67820       0                -5.922
       2404 20.03333333333   53.69023   216.41060       0                -5.864
       2405 20.04166666667   53.49902   216.14623       0                -5.786
       2406 20.05000000000   53.30685   215.88504       0                -5.689
       2407 20.05833333333   53.11374   215.62699       0                -5.622
       2408 20.06666666667   52.91972   215.37205       0                -5.564
       2409 20.07500000000   52.72480   215.12019       0                -5.527
       2410 20.08333333333   52.52901   214.87136       0                -5.461
       2411 20.09166666667   52.33235   214.62553       0                -5.386
       2412 20.10000000000   52.13485   214.38267       0                -5.310
       2413 20.10833333333   51.93653   214.14273       0                -5.235
       2414 20.11666666667   51.73740   213.90569       0                -5.161
       2415 20.12500000000   51.53748   213.67151       0                -5.109
       2416 20.13333333333   51.33679   213.44014       0                -5.052
       2417 20.14166666667   51.13534   213.21156       0                -4.982
       2418 20.15000000000   50.93316   212.98573       0                -4.910
       2419 20.15833333333   50.73025   212.76262       0                -4.839
       2420 20.16666666667   50.52663   212.54218       0                -4.752
       2421 20.17500000000   50.32233   212.32439       0                -4.684
       2422 20.18333333333   50.11735   212.10921       0                -4.610
       2423 20.19166666667   49.91171   211.89661       0                -4.536
       2424 20.20000000000   49.70543   211.68654       0                -4.462
       2425 20.20833333333   49.49851   211.47899       0                -4.379
       2426 20.21666666667   49.29098   211.27391       0                -4.296
       2427 20.22500000000   49.08285   211.07127       0                -4.191
       2428 20.23333333333   48.87414   210.87104       0                -4.089
       2429 20.24166666667   48.66485   210.67319       0                -4.007
       2430 20.25000000000   48.45500   210.47768       0                -3.896
       2431 20.25833333333   48.24461   210.28448       0                -3.812
       2432 20.26666666667   48.03368   210.09355       0                -3.700
       2433 20.27500000000   47.82224   209.90488       0                -3.603
       2434 20.28333333333   47.61029   209.71842       0                -3.511
       2435 20.29166666667   47.39785   209.53415       0                -3.403
       2436 20.30000000000   47.18492   209.35203       0                -3.302
       2437 20.30833333333   46.97153   209.17204       0                -3.190
       2438 20.31666666667   46.75768   208.99414       0                -3.084
       2439 20.32500000000   46.54338   208.81831       0                -2.970
       2440 20.33333333333   46.32865   208.64451       0                -2.880
       2441 20.34166666667   46.11350   208.47272       0                -2.782
       2442 20.35000000000   45.89794   208.30290       0                -2.671
       2443 20.35833333333   45.68198   208.13504       0                -2.558
       2444 20.36666666667   45.46563   207.96909       0                -2.460
       2445 20.37500000000   45.24891   207.80504       0                -2.370
       2446 20.38333333333   45.03181   207.64286       0                -2.266
       2447 20.39166666667   44.81437   207.48251       0                -2.142
       2448 20.40000000000   44.59657   207.32398       0                -2.028
       2449 20.40833333333   44.37844   207.16723       0                -1.924
       2450 20.41666666667   44.15998   207.01224       0                -1.811
       2451 20.42500000000   43.94121   206.85899       0                -1.680
       2452 20.43333333333   43.72213   206.70744       0                -1.542
       2453 20.44166666667   43.50275   206.55758       0                -1.386
       2454 20.45000000000   43.28308   206.40938       0                -1.228
       2455 20.45833333333   43.06314   206.26281       0                -1.103
       2456 20.46666666667   42.84292   206.11785       0                -0.961
       2457 20.47500000000   42.62245   205.97447       0                -0.838
       2458 20.48333333333   42.40172   205.83266       0                -0.723
       2459 20.49166666667   42.18075   205.69238       0                -0.580
       2460 20.50000000000   41.95955   205.55362       0                -0.445
       2461 20.50833333333   41.73811   205.41636       0                -0.308
       2462 20.51666666667   41.51646   205.28056       0                -0.168
       2463 20.52500000000   41.29460   205.14621       0                -0.045
       2464 20.53333333333   41.07254   205.01329       0                 0.107
       2465 20.54166666667   40.85028   204.88177       0                 0.241
       2466 20.55000000000   40.62784   204.75164       0                 0.389
       2467 20.55833333333   40.40522   204.62286       0                 0.533
       2468 20.56666666667   40.18243   204.49543       0                 0.664
       2469 20.57500000000   39.95947   204.36932       0                 0.834
       2470 20.58333333333   39.73635   204.24451       0                 0.996
       2471 20.59166666667   39.51309   204.12098       0                 1.160
       2472 20.60000000000   39.28968   203.99871       0                 1.295
       2473 20.60833333333   39.06614   203.87769       0                 1.478
       2474 20.61666666667   38.84247   203.75788       0                 1.655
       2475 20.62500000000   38.61867   203.63928       0                 1.837
       2476 20.63333333333   38.39476   203.52187       0                 2.015
       2477 20.64166666667   38.17074   203.40562       0                 2.176
       2478 20.65000000000   37.94662   203.29052       0                 2.324
       2479 20.65833333333   37.72240   203.17655       0                 2.499
       2480 20.66666666667   37.49810   203.06369       0                 2.667
       2481 20.67500000000   37.27370   202.95192       0                 2.833
       2482 20.68333333333   37.04923   202.84124       0                 3.017
       2483 20.69166666667   36.82469   202.73161       0                 3.209
       2484 20.70000000000   36.60008   202.62303       0                 3.377
       2485 20.70833333333   36.37542   202.51548       0                 3.553
       2486 20.71666666667   36.15069   202.40894       0                 3.733
       2487 20.72500000000   35.92592   202.30339       0                 3.916
       2488 20.73333333333   35.70110   202.19882       0                 4.094
       2489 20.74166666667   35.47625   202.09522       0                 4.279
       2490 20.75000000000   35.25136   201.99256       0                 4.445
       2491 20.75833333333   35.02645   201.89084       0                 4.621
       2492 20.76666666667   34.80151   201.79003       0                 4.798
       2493 20.77500000000   34.57656   201.69012       0                 4.954
       2494 20.78333333333   34.35160   201.59111       0                 5.130
       2495 20.79166666667   34.12662   201.49297       0                 5.294
       2496 20.80000000000   33.90165   201.39568       0                 5.480
       2497 20.80833333333   33.67668   201.29924       0                 5.667
       2498 20.81666666667   33.45171   201.20363       0                 5.854
       2499 20.82500000000   33.22676   201.10884       0                 6.021
       2500 20.83333333333   33.00182   201.01486       0                 6.208
       2501 20.84166666667   32.77691   200.92166       0                 6.415
       2502 20.85000000000   32.55202   200.82924       0                 6.598
       2503 20.85833333333   32.32716   200.73758       0                 6.802
       2504 20.86666666667   32.10234   200.64668       0                 7.020
       2505 20.87500000000   31.87755   200.55651       0                 7.236
       2506 20.88333333333   31.65281   200.46707       0                 7.406
       2507 20.89166666667   31.42812   200.37834       0                 7.573
       2508 20.90000000000   31.20347   200.29032       0                 7.760
       2509 20.90833333333   30.97889   200.20298       0                 7.917
       2510 20.91666666667   30.75436   200.11632       0                 8.095
       2511 20.92500000000   30.52989   200.03032       0                 8.275
       2512 20.93333333333   30.30550   199.94498       0                 8.476
       2513 20.94166666667   30.08117   199.86028       0                 8.710
       2514 20.95000000000   29.85692   199.77621       0                 8.902
       2515 20.95833333333   29.63275   199.69276       0                 9.144
       2516 20.96666666667   29.40866   199.60992       0                 9.401
       2517 20.97500000000   29.18466   199.52768       0                 9.667
       2518 20.98333333333   28.96074   199.44603       0                 9.913
       2519 20.99166666667   28.73692   199.36495       0                10.223
       2520 21.00000000000   28.51320   199.28443       0                10.497
       2521 21.00833333333   28.28958   199.20447       0                10.736
       2522 21.01666666667   28.06606   199.12506       0                10.963
       2523 21.02500000000   27.84264   199.04618       0                11.175
       2524 21.03333333333   27.61934   198.96783       0                11.374
       2525 21.04166666667   27.39615   198.88999       0                11.537
       2526 21.05000000000   27.17308   198.81265       0                11.733
       2527 21.05833333333   26.95013   198.73581       0                11.873
       2528 21.06666666667   26.72730   198.65946       0                12.070
       2529 21.07500000000   26.50460   198.58359       0                12.313
       2530 21.08333333333   26.28202   198.50818       0                12.538
       2531 21.09166666667   26.05958   198.43323       0                12.731
       2532 21.10000000000   25.83727   198.35872       0                12.968
       2533 21.10833333333   25.61511   198.28466       0                13.190
       2534 21.11666666667   25.39308   198.21103       0                13.460
       2535 21.12500000000   25.17120   198.13782       0                13.681
       2536 21.13333333333   24.94946   198.06502       0                13.943
       2537 21.14166666667   24.72787   197.99263       0                14.211
       2538 21.15000000000   24.50644   197.92064       0                14.469
       2539 21.15833333333   24.28516   197.84903       0                14.709
       2540 21.16666666667   24.06404   197.77780       0                14.974
       2541 21.17500000000   23.84308   197.70695       0                15.227
       2542 21.18333333333   23.62228   197.63646       0                15.500
       2543 21.19166666667   23.40165   197.56632       0                15.756
       2544 21.20000000000   23.18119   197.49653       0                16.028
       2545 21.20833333333   22.96089   197.42708       0                16.314
       2546 21.21666666667   22.74077   197.35796       0                16.595
       2547 21.22500000000   22.52083   197.28917       0                16.868
       2548 21.23333333333   22.30106   197.22069       0                17.130
       2549 21.24166666667   22.08148   197.15252       0                17.390
       2550 21.25000000000   21.86208   197.08465       0                17.685
       2551 21.25833333333   21.64286   197.01708       0                17.974
       2552 21.26666666667   21.42383   196.94979       0                18.255
       2553 21.27500000000   21.20499   196.88279       0                18.560
       2554 21.28333333333   20.98634   196.81605       0                18.857
       2555 21.29166666667   20.76789   196.74959       0                19.170
       2556 21.30000000000   20.54963   196.68338       0                19.473
       2557 21.30833333333   20.33158   196.61742       0                19.806
       2558 21.31666666667   20.11372   196.55170       0                20.098
       2559 21.32500000000   19.89607   196.48623       0                20.415
       2560 21.33333333333   19.67862   196.42099       0                20.757
       2561 21.34166666667   19.46138   196.35597       0                21.068
       2562 21.35000000000   19.24435   196.29117       0                21.407
       2563 21.35833333333   19.02753   196.22658       0                21.762
       2564 21.36666666667   18.81092   196.16219       0                22.141
       2565 21.37500000000   18.59453   196.09801       0                22.500
       2566 21.38333333333   18.37836   196.03402       0                22.877
       2567 21.39166666667   18.16241   195.97021       0                23.211
       2568 21.40000000000   17.94668   195.90658       0                23.574
       2569 21.40833333333   17.73117   195.84313       0                23.923
       2570 21.41666666667   17.51589   195.77985       0                24.246
       2571 21.42500000000   17.30083   195.71673       0                24.644
       2572 21.43333333333   17.08600   195.65376       0                25.042
       2573 21.44166666667   16.87141   195.59095       0                25.404
       2574 21.45000000000   16.65705   195.52827       0                25.779
       2575 21.45833333333   16.44292   195.46574       0                26.194
       2576 21.46666666667   16.22903   195.40334       0                26.568
       2577 21.47500000000   16.01537   195.34107       0                26.989
       2578 21.48333333333   15.80196   195.27892       0                27.387
       2579 21.49166666667   15.58879   195.21688       0                27.798
       2580 21.50000000000   15.37586   195.15496       0                28.242
       2581 21.50833333333   15.16318   195.09313       0                28.615
       2582 21.51666666667   14.95074   195.03141       0                29.018
       2583 21.52500000000   14.73856   194.96979       0                29.424
       2584 21.53333333333   14.52662   194.90825       0                29.813
       2585 21.54166666667   14.31493   194.84679       0                30.277
       2586 21.55000000000   14.10350   194.78542       0                30.703
       2587 21.55833333333   13.89233   194.72411       0                31.167
       2588 21.56666666667   13.68141   194.66287       0                31.592
       2589 21.57500000000   13.47075   194.60170       0                32.095
       2590 21.58333333333   13.26034   194.54058       0                32.564
       2591 21.59166666667   13.05021   194.47952       0                33.052
       2592 21.60000000000   12.84033   194.41850       0                33.603
       2593 21.60833333333   12.63072   194.35753       0                34.079
       2594 21.61666666667   12.42137   194.29659       0                34.579
       2595 21.62500000000   12.21229   194.23569       0                35.059
       2596 21.63333333333   12.00349   194.17481       0                35.505
       2597 21.64166666667   11.79495   194.11396       0                35.987
       2598 21.65000000000   11.58668   194.05313       0                36.489
       2599 21.65833333333   11.37869   193.99231       0                36.976
       2600 21.66666666667   11.17098   193.93150       0                37.511
       2601 21.67500000000   10.96354   193.87069       0                38.004
       2602 21.68333333333   10.75637   193.80988       0                38.506
       2603 21.69166666667   10.54949   193.74907       0                39.067
       2604 21.70000000000   10.34289   193.68824       0                39.622
       2605 21.70833333333   10.13657   193.62741       0                40.241
       2606 21.71666666667    9.93054   193.56655       0                40.797
       2607 21.72500000000    9.72479   193.50567       0                41.385
       2608 21.73333333333    9.51933   193.44477       0                42.070
       2609 21.74166666667    9.31416   193.38383       0                42.701
       2610 21.75000000000    9.10927   193.32286       0                43.381
       2611 21.75833333333    8.90468   193.26184       0                44.011
       2612 21.76666666667    8.70038   193.20078       0                44.592
       2613 21.77500000000    8.49637   193.13967       0                45.173
       2614 21.78333333333    8.29266   193.07851       0                45.620
       2615 21.79166666667    8.08924   193.01729       0                46.005
       2616 21.80000000000    7.88613   192.95601       0                46.420
       2617 21.80833333333    7.68331   192.89466       0                46.960
       2618 21.81666666667    7.48079   192.83324       0                47.505
       2619 21.82500000000    7.27857   192.77175       0                48.081
       2620 21.83333333333    7.07666   192.71018       0                48.801
       2621 21.84166666667    6.87505   192.64852       0                49.532
       2622 21.85000000000    6.67375   192.58678       0                50.203
       2623 21.85833333333    6.47275   192.52495       0                50.867
       2624 21.86666666667    6.27206   192.46303       0                51.596
       2625 21.87500000000    6.07168   192.40100       0                52.316
       2626 21.88333333333    5.87162   192.33888       0                52.936
       2627 21.89166666667    5.67186   192.27664       0                53.521
       2628 21.90000000000    5.47242   192.21430       0                54.161
       2629 21.90833333333    5.27329   192.15184       0                54.710
       2630 21.91666666667    5.07448   192.08927       0                55.208
