# Created on 2018-12-12 16:17:54 
# Sources: d:\gpsother\tec-suite\in\2015\abcd0770.15d.Z, d:\gpsother\tec-suite\in\2015\brdc0770.15n.Z
# Satellite: G20
# Interval: 30.0
# Sampling interval: 0.0 (not used).
# Site: abcd
# Position (L, B, H): 253.601641965, 52.1962622634, 578.574894483
# Position (X, Y, Z): -1106129.71, -3758704.03, 5016675.77
# datetime format: %Y-%m-%dT%H:%M:%S
# Columns: tsn, hour, el, az, validity, tec.l1l2
# (I11,1X,F14.11,1X,F10.5,1X,F11.5,1X,I7,1X,F21.3)
        643  5.35833333333    5.01631   150.68373    4096                -3.236
        644  5.36666666667    5.19727   150.58514    4096                -3.329
        645  5.37500000000    5.37850   150.48651    4096                -3.465
        646  5.38333333333    5.55999   150.38783    4096                -3.563
        647  5.39166666667    5.74174   150.28911    4096                -3.732
        648  5.40000000000    5.92375   150.19033    4096                -4.021
        649  5.40833333333    6.10602   150.09149    4096                -4.617
        650  5.41666666667    6.28854   149.99259    4096                -4.962
        651  5.42500000000    6.47131   149.89362    4096                -5.196
        652  5.43333333333    6.65433   149.79458    4096                -5.405
        653  5.44166666667    6.83760   149.69546    4096                -5.473
        654  5.45000000000    7.02112   149.59626    4096                -5.791
        655  5.45833333333    7.20487   149.49698    4096                -6.126
        656  5.46666666667    7.38887   149.39760    4096                -6.418
        657  5.47500000000    7.57311   149.29812    4096                -6.593
        658  5.48333333333    7.75758   149.19855    4096                -6.811
        659  5.49166666667    7.94228   149.09887    4096                -6.973
        660  5.50000000000    8.12722   148.99907    4096                -7.055
        661  5.50833333333    8.31239   148.89916    4096                -7.060
        662  5.51666666667    8.49778   148.79913    4096                -7.116
        663  5.52500000000    8.68339   148.69898    4096                -7.197
        664  5.53333333333    8.86923   148.59869    4096                -7.378
        665  5.54166666667    9.05528   148.49827    4096                -7.512
        666  5.55000000000    9.24155   148.39770    4096                -7.596
        667  5.55833333333    9.42804   148.29699    4096                -7.675
        668  5.56666666667    9.61474   148.19613    4096                -7.717
        669  5.57500000000    9.80164   148.09511    4096                -7.774
        670  5.58333333333    9.98875   147.99392    4096                -7.908
        671  5.59166666667   10.17607   147.89257    4096                -7.960
        672  5.60000000000   10.36358   147.79105    4096                -8.031
        673  5.60833333333   10.55129   147.68935    4096                -8.080
        674  5.61666666667   10.73920   147.58746    4096                -8.071
        675  5.62500000000   10.92731   147.48539    4096                -8.021
        676  5.63333333333   11.11560   147.38312    4096                -7.984
        677  5.64166666667   11.30408   147.28065    4096                -7.952
        678  5.65000000000   11.49274   147.17798    4096                -7.914
        679  5.65833333333   11.68159   147.07509    4096                -7.888
        680  5.66666666667   11.87062   146.97199    4096                -7.827
        681  5.67500000000   12.05982   146.86866    4096                -7.778
        682  5.68333333333   12.24919   146.76511    4096                -7.654
        683  5.69166666667   12.43874   146.66132    4096                -7.559
        684  5.70000000000   12.62846   146.55729    4096                -7.515
        685  5.70833333333   12.81833   146.45302    4096                -7.414
        686  5.71666666667   13.00838   146.34849    4096                -7.389
        687  5.72500000000   13.19858   146.24371    4096                -7.469
        688  5.73333333333   13.38893   146.13866    4096                -7.625
        689  5.74166666667   13.57944   146.03334    4096                -7.087
        690  5.75000000000   13.77010   145.92775    4096                -6.926
        691  5.75833333333   13.96091   145.82188    4096                -6.820
        692  5.76666666667   14.15186   145.71571    4096                -6.836
        693  5.77500000000   14.34295   145.60926    4096                -6.708
        694  5.78333333333   14.53418   145.50250    4096                -6.584
        695  5.79166666667   14.72554   145.39544    4096                -6.693
        696  5.80000000000   14.91703   145.28806    4096                -6.639
        697  5.80833333333   15.10865   145.18036    4096                -6.394
        698  5.81666666667   15.30040   145.07234    4096                -6.223
        699  5.82500000000   15.49227   144.96399    4096                -6.228
        700  5.83333333333   15.68425   144.85530    4096                -6.213
        701  5.84166666667   15.87635   144.74626    4096                -6.236
        702  5.85000000000   16.06856   144.63687    4096                -6.293
        703  5.85833333333   16.26088   144.52712    4096                -6.260
        704  5.86666666667   16.45330   144.41701    4096                -6.196
        705  5.87500000000   16.64583   144.30652    4096                -6.052
        706  5.88333333333   16.83845   144.19566    4096                -5.820
        707  5.89166666667   17.03116   144.08441    4096                -5.919
        708  5.90000000000   17.22396   143.97277    4096                -5.941
        709  5.90833333333   17.41685   143.86072    4096                -6.101
        710  5.91666666667   17.60983   143.74828    4096                -6.225
        711  5.92500000000   17.80288   143.63541    4096                -6.331
        712  5.93333333333   17.99601   143.52213    4096                -6.525
        713  5.94166666667   18.18921   143.40842    4096                -6.743
        714  5.95000000000   18.38247   143.29428    4096                -6.850
        715  5.95833333333   18.57580   143.17969    4096                -6.799
        716  5.96666666667   18.76919   143.06465    4096                -6.963
        717  5.97500000000   18.96264   142.94916    4096                -7.161
        718  5.98333333333   19.15613   142.83320    4096                -7.074
        719  5.99166666667   19.34968   142.71677    4096                -7.089
        720  6.00000000000   19.54303   142.59987    4096                -7.113
        721  6.00833333333   19.73689   142.48247    4096                -7.103
        722  6.01666666667   19.93056   142.36458    4096                -6.958
        723  6.02500000000   20.12425   142.24618    4096                -7.096
        724  6.03333333333   20.31797   142.12728    4096                -7.083
        725  6.04166666667   20.51172   142.00786    4096                -7.251
        726  6.05000000000   20.70548   141.88791    4096                -7.394
        727  6.05833333333   20.89926   141.76743    4096                -7.502
        728  6.06666666667   21.09304   141.64641    4096                -7.605
        729  6.07500000000   21.28683   141.52484    4096                -7.697
        730  6.08333333333   21.48062   141.40271    4096                -7.687
        731  6.09166666667   21.67441   141.28002    4096                -7.847
        732  6.10000000000   21.86819   141.15675    4096                -7.875
        733  6.10833333333   22.06195   141.03290    4096                -7.745
        734  6.11666666667   22.25570   140.90846    4096                -7.732
        735  6.12500000000   22.44942   140.78342    4096                -7.745
        736  6.13333333333   22.64312   140.65777    4096                -7.822
        737  6.14166666667   22.83678   140.53151    4096                -7.871
        738  6.15000000000   23.03040   140.40462    4096                -7.862
        739  6.15833333333   23.22399   140.27710    4096                -7.931
        740  6.16666666667   23.41752   140.14894    4096                -8.058
        741  6.17500000000   23.61100   140.02013    4096                -8.210
        742  6.18333333333   23.80443   139.89065    4096                -8.120
        743  6.19166666667   23.99779   139.76051    4096                -8.308
        744  6.20000000000   24.19108   139.62970    4096                -8.402
        745  6.20833333333   24.38430   139.49819    4096                -8.587
        746  6.21666666667   24.57744   139.36599    4096                -8.617
        747  6.22500000000   24.77049   139.23309    4096                -8.647
        748  6.23333333333   24.96346   139.09948    4096                -8.861
        749  6.24166666667   25.15633   138.96514    4096                -8.974
        750  6.25000000000   25.34910   138.83007    4096                -9.153
        751  6.25833333333   25.54176   138.69426    4096                -9.210
        752  6.26666666667   25.73431   138.55769    4096                -9.333
        753  6.27500000000   25.92674   138.42037    4096                -9.333
        754  6.28333333333   26.11904   138.28228    4096                -9.481
        755  6.29166666667   26.31122   138.14341    4096                -9.523
        756  6.30000000000   26.50325   138.00375    4096                -9.553
        757  6.30833333333   26.69515   137.86330    4096                -9.606
        758  6.31666666667   26.88690   137.72203    4096                -9.694
        759  6.32500000000   27.07849   137.57995    4096                -9.629
        760  6.33333333333   27.26992   137.43704    4096                -9.650
        761  6.34166666667   27.46119   137.29329    4096                -9.752
        762  6.35000000000   27.65228   137.14869    4096                -9.780
        763  6.35833333333   27.84319   137.00324    4096                -9.829
        764  6.36666666667   28.03391   136.85692    4096                -9.912
        765  6.37500000000   28.22444   136.70972    4096               -10.012
        766  6.38333333333   28.41477   136.56163    4096               -10.094
        767  6.39166666667   28.60489   136.41265    4096               -10.232
        768  6.40000000000   28.79480   136.26276    4096               -10.356
        769  6.40833333333   28.98449   136.11194    4096               -10.439
        770  6.41666666667   29.17395   135.96020    4096               -10.540
        771  6.42500000000   29.36317   135.80752    4096               -10.558
        772  6.43333333333   29.55215   135.65389    4096               -10.521
        773  6.44166666667   29.74089   135.49929    4096               -10.649
        774  6.45000000000   29.92937   135.34373    4096               -10.632
        775  6.45833333333   30.11758   135.18719    4096               -10.746
        776  6.46666666667   30.30552   135.02965    4096               -10.768
        777  6.47500000000   30.49318   134.87110    4096               -10.830
        778  6.48333333333   30.68056   134.71155    4096               -10.892
        779  6.49166666667   30.86764   134.55097    4096               -10.926
        780  6.50000000000   31.05442   134.38935    4096               -10.949
        781  6.50833333333   31.24089   134.22669    4096               -10.909
        782  6.51666666667   31.42705   134.06297    4096               -10.794
        783  6.52500000000   31.61287   133.89818    4096               -10.756
        784  6.53333333333   31.79837   133.73231    4096               -10.863
        785  6.54166666667   31.98352   133.56535    4096               -10.830
        786  6.55000000000   32.16832   133.39729    4096               -10.810
        787  6.55833333333   32.35276   133.22812    4096               -10.805
        788  6.56666666667   32.53683   133.05782    4096               -10.848
        789  6.57500000000   32.72053   132.88639    4096               -10.843
        790  6.58333333333   32.90384   132.71381    4096               -10.813
        791  6.59166666667   33.08676   132.54008    4096               -10.744
        792  6.60000000000   33.26928   132.36517    4096               -10.681
        793  6.60833333333   33.45138   132.18909    4096               -10.643
        794  6.61666666667   33.63307   132.01182    4096               -10.668
        795  6.62500000000   33.81433   131.83334    4096               -10.665
        796  6.63333333333   33.99514   131.65366    4096               -10.660
        797  6.64166666667   34.17551   131.47275    4096               -10.676
        798  6.65000000000   34.35543   131.29060    4096               -10.601
        799  6.65833333333   34.53487   131.10721    4096               -10.709
        800  6.66666666667   34.71384   130.92256    4096               -10.744
        801  6.67500000000   34.89233   130.73664    4096               -10.734
        802  6.68333333333   35.07032   130.54944    4096               -10.773
        803  6.69166666667   35.24780   130.36095    4096               -10.784
        804  6.70000000000   35.42477   130.17116    4096               -10.821
        805  6.70833333333   35.60121   129.98006    4096               -10.911
        806  6.71666666667   35.77712   129.78763    4096               -10.974
        807  6.72500000000   35.95248   129.59386    4096               -10.987
        808  6.73333333333   36.12728   129.39875    4096               -10.991
        809  6.74166666667   36.30152   129.20229    4096               -10.943
        810  6.75000000000   36.47518   129.00445    4096               -10.940
        811  6.75833333333   36.64825   128.80524    4096               -10.973
        812  6.76666666667   36.82073   128.60464    4096               -11.014
        813  6.77500000000   36.99259   128.40264    4096               -11.092
        814  6.78333333333   37.16384   128.19923    4096               -11.139
        815  6.79166666667   37.33445   127.99439    4096               -11.173
        816  6.80000000000   37.50442   127.78813    4096               -11.181
        817  6.80833333333   37.67374   127.58042    4096               -11.231
        818  6.81666666667   37.84239   127.37126    4096               -11.259
        819  6.82500000000   38.01037   127.16064    4096               -11.261
        820  6.83333333333   38.17766   126.94855    4096               -11.279
        821  6.84166666667   38.34425   126.73498    4096               -11.263
        822  6.85000000000   38.51013   126.51991    4096               -11.276
        823  6.85833333333   38.67528   126.30334    4096               -11.310
        824  6.86666666667   38.83970   126.08526    4096               -11.344
        825  6.87500000000   39.00338   125.86567    4096               -11.356
        826  6.88333333333   39.16629   125.64454    4096               -11.388
        827  6.89166666667   39.32844   125.42187    4096               -11.373
        828  6.90000000000   39.48980   125.19765    4096               -11.377
        829  6.90833333333   39.65036   124.97188    4096               -11.411
        830  6.91666666667   39.81012   124.74454    4096               -11.405
        831  6.92500000000   39.96906   124.51563    4096               -11.417
        832  6.93333333333   40.12716   124.28514    4096               -11.436
        833  6.94166666667   40.28442   124.05306    4096               -11.514
        834  6.95000000000   40.44082   123.81938    4096               -11.522
        835  6.95833333333   40.59635   123.58410    4096               -11.544
        836  6.96666666667   40.75099   123.34720    4096               -11.596
        837  6.97500000000   40.90474   123.10869    4096               -11.618
        838  6.98333333333   41.05757   122.86854    4096               -11.647
        839  6.99166666667   41.20948   122.62677    4096               -11.685
        840  7.00000000000   41.36046   122.38336    4096               -11.628
        841  7.00833333333   41.51048   122.13830    4096               -11.671
        842  7.01666666667   41.65954   121.89159    4096               -11.700
        843  7.02500000000   41.80762   121.64322    4096               -11.746
        844  7.03333333333   41.95472   121.39319    4096               -11.809
        845  7.04166666667   42.10080   121.14150    4096               -11.862
        846  7.05000000000   42.24587   120.88814    4096               -11.905
        847  7.05833333333   42.38991   120.63310    4096               -11.907
        848  7.06666666667   42.53290   120.37638    4096               -11.920
        849  7.07500000000   42.67483   120.11798    4096               -11.979
        850  7.08333333333   42.81569   119.85789    4096               -11.940
        851  7.09166666667   42.95546   119.59612    4096               -11.938
        852  7.10000000000   43.09413   119.33266    4096               -11.932
        853  7.10833333333   43.23168   119.06750    4096               -11.886
        854  7.11666666667   43.36811   118.80065    4096               -11.886
        855  7.12500000000   43.50338   118.53211    4096               -11.840
        856  7.13333333333   43.63750   118.26187    4096               -11.844
        857  7.14166666667   43.77045   117.98993    4096               -11.841
        858  7.15000000000   43.90221   117.71630    4096               -11.817
        859  7.15833333333   44.03277   117.44098    4096               -11.767
        860  7.16666666667   44.16212   117.16396    4096               -11.774
        861  7.17500000000   44.29023   116.88525    4096               -11.762
        862  7.18333333333   44.41710   116.60485    4096               -11.785
        863  7.19166666667   44.54271   116.32276    4096               -11.815
        864  7.20000000000   44.66705   116.03899    4096               -11.860
        865  7.20833333333   44.79010   115.75354    4096               -11.886
        866  7.21666666667   44.91185   115.46642    4096               -11.912
        867  7.22500000000   45.03229   115.17762    4096               -11.951
        868  7.23333333333   45.15139   114.88716    4096               -11.964
        869  7.24166666667   45.26915   114.59504    4096               -11.981
        870  7.25000000000   45.38554   114.30127    4096               -11.956
        871  7.25833333333   45.50057   114.00585    4096               -11.957
        872  7.26666666667   45.61421   113.70880    4096               -11.962
        873  7.27500000000   45.72644   113.41011    4096               -11.996
        874  7.28333333333   45.83726   113.10981    4096               -12.039
        875  7.29166666667   45.94665   112.80789    4096               -12.031
        876  7.30000000000   46.05459   112.50437    4096               -12.019
        877  7.30833333333   46.16107   112.19927    4096               -12.010
        878  7.31666666667   46.26608   111.89259    4096               -11.993
        879  7.32500000000   46.36961   111.58434    4096               -11.998
        880  7.33333333333   46.47163   111.27453    4096               -11.993
        881  7.34166666667   46.57214   110.96319    4096               -11.919
        882  7.35000000000   46.67112   110.65033    4096               -11.899
        883  7.35833333333   46.76856   110.33595    4096               -11.859
        884  7.36666666667   46.86445   110.02008    4096               -11.855
        885  7.37500000000   46.95877   109.70273    4096               -11.815
        886  7.38333333333   47.05150   109.38392    4096               -11.758
        887  7.39166666667   47.14264   109.06367    4096               -11.677
        888  7.40000000000   47.23217   108.74199    4096               -11.660
        889  7.40833333333   47.32008   108.41890    4096               -11.658
        890  7.41666666667   47.40636   108.09443    4096               -11.609
        891  7.42500000000   47.49099   107.76859    4096               -11.551
        892  7.43333333333   47.57396   107.44141    4096               -11.546
        893  7.44166666667   47.65526   107.11291    4096               -11.530
        894  7.45000000000   47.73488   106.78311    4096               -11.513
        895  7.45833333333   47.81280   106.45203    4096               -11.516
        896  7.46666666667   47.88901   106.11969    4096               -11.508
        897  7.47500000000   47.96351   105.78613    4096               -11.513
        898  7.48333333333   48.03627   105.45137    4096               -11.512
        899  7.49166666667   48.10729   105.11543    4096               -11.423
        900  7.50000000000   48.17657   104.77835    4096               -11.293
        901  7.50833333333   48.24407   104.44014    4096               -11.202
        902  7.51666666667   48.30981   104.10083    4096               -11.134
        903  7.52500000000   48.37375   103.76047    4096               -11.013
        904  7.53333333333   48.43591   103.41906    4096               -10.958
        905  7.54166666667   48.49626   103.07666    4096               -10.836
        906  7.55000000000   48.55479   102.73328    4096               -10.752
        907  7.55833333333   48.61150   102.38895    4096               -10.655
        908  7.56666666667   48.66638   102.04372    4096               -10.592
        909  7.57500000000   48.71942   101.69760    4096               -10.475
        910  7.58333333333   48.77060   101.35064    4096               -10.430
        911  7.59166666667   48.81993   101.00287    4096               -10.401
        912  7.60000000000   48.86739   100.65433    4096               -10.301
        913  7.60833333333   48.91298   100.30504    4096               -10.067
        914  7.61666666667   48.95668    99.95504    4096                -9.861
        915  7.62500000000   48.99849    99.60438    4096                -9.703
        916  7.63333333333   49.03841    99.25308    4096                -9.629
        917  7.64166666667   49.07642    98.90119    4096                -9.500
        918  7.65000000000   49.11252    98.54873    4096                -9.466
        919  7.65833333333   49.14671    98.19575    4096                -9.360
        920  7.66666666667   49.17898    97.84229    4096                -9.236
        921  7.67500000000   49.20932    97.48839    4096                -9.289
        922  7.68333333333   49.23772    97.13408    4096                -9.157
        923  7.69166666667   49.26419    96.77940    4096                -8.991
        924  7.70000000000   49.28872    96.42440    4096                -9.034
        925  7.70833333333   49.31131    96.06911    4096                -9.008
        926  7.71666666667   49.33194    95.71357    4096                -9.262
        927  7.72500000000   49.35063    95.35783    4096                -8.978
        928  7.73333333333   49.36735    95.00193    4096                -9.076
        929  7.74166666667   49.38212    94.64590    4096                -8.776
        930  7.75000000000   49.39493    94.28979    4096                -8.853
        931  7.75833333333   49.40578    93.93364    4096                -8.423
        932  7.76666666667   49.41466    93.57749    4096                -7.892
        933  7.77500000000   49.42158    93.22138    4096                -8.451
        934  7.78333333333   49.42653    92.86536    4096                -8.236
        935  7.79166666667   49.42951    92.50946    4096                -8.647
        936  7.80000000000   49.43052    92.15373    4096                -8.449
        937  7.80833333333   49.42957    91.79821    4096                -8.838
        938  7.81666666667   49.42665    91.44294    4096                -9.181
        939  7.82500000000   49.42177    91.08797    4096                -9.819
        940  7.83333333333   49.41492    90.73333    4096                -9.758
        941  7.84166666667   49.40611    90.37907    4096                -9.989
        942  7.85000000000   49.39533    90.02523    4096               -10.039
        943  7.85833333333   49.38260    89.67185    4096                -9.997
        944  7.86666666667   49.36791    89.31897    4096               -10.431
        945  7.87500000000   49.35126    88.96664    4096               -10.436
        946  7.88333333333   49.33266    88.61488    4096               -10.450
        947  7.89166666667   49.31212    88.26376    4096               -10.507
        948  7.90000000000   49.28964    87.91329    4096               -10.489
        949  7.90833333333   49.26521    87.56353    4096               -10.642
        950  7.91666666667   49.23885    87.21452    4096               -10.472
        951  7.92500000000   49.21056    86.86629    4096               -10.313
        952  7.93333333333   49.18035    86.51888    4096               -10.388
        953  7.94166666667   49.14822    86.17234    4096               -10.438
        954  7.95000000000   49.11417    85.82669    4096               -10.484
        955  7.95833333333   49.07822    85.48199    4096               -10.392
        956  7.96666666667   49.04037    85.13826    4096               -10.260
        957  7.97500000000   49.00062    84.79554    4096                -9.832
        958  7.98333333333   48.95899    84.45387    4096               -10.052
        959  7.99166666667   48.91548    84.11328    4096                -9.933
        960  8.00000000000   48.86997    83.77494    4096                -9.764
        961  8.00833333333   48.82285    83.43551    4096                -9.743
        962  8.01666666667   48.77375    83.09839    4096                -9.614
        963  8.02500000000   48.72280    82.76249    4096                -9.657
        964  8.03333333333   48.67002    82.42786    4096                -9.936
        965  8.04166666667   48.61541    82.09451    4096                -9.980
        966  8.05000000000   48.55897    81.76248    4096                -9.857
        967  8.05833333333   48.50073    81.43181    4096                -9.640
        968  8.06666666667   48.44069    81.10252    4096                -9.094
        969  8.07500000000   48.37885    80.77464    4096                -9.552
        970  8.08333333333   48.31524    80.44821    4096                -9.888
        971  8.09166666667   48.24986    80.12325    4096               -10.251
        972  8.10000000000   48.18272    79.79979    4096                -9.323
        973  8.10833333333   48.11383    79.47787    4096                -9.428
        974  8.11666666667   48.04320    79.15749    4096               -10.359
        975  8.12500000000   47.97085    78.83870    4096               -10.482
        976  8.13333333333   47.89679    78.52152    4096               -10.193
        977  8.14166666667   47.82102    78.20596    4096               -10.012
        978  8.15000000000   47.74356    77.89207    4096                -9.788
        979  8.15833333333   47.66443    77.57985    4096                -9.537
        980  8.16666666667   47.58363    77.26934    4096                -9.797
        981  8.17500000000   47.50117    76.96055    4096                -9.749
        982  8.18333333333   47.41707    76.65350    4096                -9.689
        983  8.19166666667   47.33135    76.34822    4096                -9.670
        984  8.20000000000   47.24401    76.04473    4096                -9.770
        985  8.20833333333   47.15506    75.74305    4096                -9.642
        986  8.21666666667   47.06453    75.44319    4096                -9.739
        987  8.22500000000   46.97242    75.14517    4096                -9.565
        988  8.23333333333   46.87875    74.84900    4096                -9.678
        989  8.24166666667   46.78352    74.55472    4096                -9.482
        990  8.25000000000   46.68676    74.26232    4096                -9.224
        991  8.25833333333   46.58848    73.97184    4096                -9.231
        992  8.26666666667   46.48868    73.68327    4096                -9.287
        993  8.27500000000   46.38739    73.39663    4096                -9.211
        994  8.28333333333   46.28462    73.11195    4096                -9.221
        995  8.29166666667   46.18038    72.82922    4096                -9.074
        996  8.30000000000   46.07469    72.54846    4096                -9.022
        997  8.30833333333   45.96755    72.26969    4096                -8.918
        998  8.31666666667   45.85899    71.99291    4096                -8.850
        999  8.32500000000   45.74902    71.71813    4096                -8.765
       1000  8.33333333333   45.63765    71.44537    4096                -8.693
       1001  8.34166666667   45.52490    71.17462    4096                -8.455
       1002  8.35000000000   45.41077    70.90590    4096                -8.377
       1003  8.35833333333   45.29529    70.63922    4096                -8.312
       1004  8.36666666667   45.17847    70.37458    4096                -8.196
       1005  8.37500000000   45.06033    70.11199    4096                -8.054
       1006  8.38333333333   44.94087    69.85145    4096                -8.199
       1007  8.39166666667   44.82011    69.59297    4096                -7.966
       1008  8.40000000000   44.69806    69.33656    4096                -7.788
       1009  8.40833333333   44.57475    69.08221    4096                -7.760
       1010  8.41666666667   44.45018    68.82993    4096                -7.544
       1011  8.42500000000   44.32437    68.57973    4096                -7.607
       1012  8.43333333333   44.19733    68.33161    4096                -7.526
       1013  8.44166666667   44.06908    68.08556    4096                -7.715
       1014  8.45000000000   43.93963    67.84159    4096                -7.817
       1015  8.45833333333   43.80899    67.59971    4096                -7.566
       1016  8.46666666667   43.67719    67.35990    4096                -7.544
       1017  8.47500000000   43.54422    67.12218    4096                -7.123
       1018  8.48333333333   43.41012    66.88653    4096                -7.131
       1019  8.49166666667   43.27488    66.65297    4096                -7.159
       1020  8.50000000000   43.13853    66.42148    4096                -7.067
       1021  8.50833333333   43.00108    66.19208    4096                -6.564
       1022  8.51666666667   42.86253    65.96474    4096                -5.910
       1023  8.52500000000   42.72292    65.73948    4096                -5.710
       1024  8.53333333333   42.58225    65.51629    4096                -5.450
       1025  8.54166666667   42.44053    65.29517    4096                -5.959
       1026  8.55000000000   42.29777    65.07611    4096                -6.708
       1027  8.55833333333   42.15400    64.85911    4096                -6.727
       1028  8.56666666667   42.00922    64.64416    4096                -6.204
       1029  8.57500000000   41.86345    64.43126    4096                -6.459
       1030  8.58333333333   41.71670    64.22041    4096                -6.264
       1031  8.59166666667   41.56898    64.01160    4096                -6.499
       1032  8.60000000000   41.42031    63.80483    4096                -6.645
       1033  8.60833333333   41.27070    63.60008    4096                -7.011
       1034  8.61666666667   41.12016    63.39736    4096                -7.042
       1035  8.62500000000   40.96871    63.19665    4096                -7.184
       1036  8.63333333333   40.81636    62.99796    4096                -7.046
       1037  8.64166666667   40.66312    62.80127    4096                -7.203
       1038  8.65000000000   40.50900    62.60657    4096                -7.369
       1039  8.65833333333   40.35402    62.41387    4096                -7.465
       1040  8.66666666667   40.19818    62.22314    4096                -7.441
       1041  8.67500000000   40.04151    62.03439    4096                -7.511
       1042  8.68333333333   39.88401    61.84761    4096                -7.770
       1043  8.69166666667   39.72570    61.66279    4096                -7.224
       1044  8.70000000000   39.56659    61.47991    4096                -6.540
       1045  8.70833333333   39.40668    61.29898    4096                -6.536
       1046  8.71666666667   39.24600    61.11998    4096                -7.092
       1047  8.72500000000   39.08455    60.94291    4096                -7.593
       1048  8.73333333333   38.92234    60.76775    4096                -8.161
       1049  8.74166666667   38.75939    60.59449    4096                -8.166
       1050  8.75000000000   38.59571    60.42314    4096                -8.171
       1051  8.75833333333   38.43131    60.25367    4096                -8.279
       1052  8.76666666667   38.26620    60.08609    4096                -8.501
       1053  8.77500000000   38.10039    59.92037    4096                -8.575
       1054  8.78333333333   37.93389    59.75651    4096                -8.134
       1055  8.79166666667   37.76672    59.59450    4096                -8.779
       1056  8.80000000000   37.59888    59.43433    4096                -8.701
       1057  8.80833333333   37.43038    59.27599    4096                -8.342
       1058  8.81666666667   37.26125    59.11947    4096                -8.062
       1059  8.82500000000   37.09148    58.96476    4096                -8.329
       1060  8.83333333333   36.92109    58.81185    4096                -8.230
       1061  8.84166666667   36.75008    58.66073    4096                -8.520
       1062  8.85000000000   36.57847    58.51139    4096                -8.435
       1063  8.85833333333   36.40627    58.36382    4096                -8.314
       1064  8.86666666667   36.23349    58.21800    4096                -8.396
       1065  8.87500000000   36.06014    58.07394    4096                -8.343
       1066  8.88333333333   35.88622    57.93161    4096                -8.503
       1067  8.89166666667   35.71175    57.79101    4096                -8.363
       1068  8.90000000000   35.53674    57.65213    4096                -8.133
       1069  8.90833333333   35.36120    57.51495    4096                -7.672
       1070  8.91666666667   35.18513    57.37946    4096                -7.787
       1071  8.92500000000   35.00855    57.24566    4096                -8.600
       1072  8.93333333333   34.83146    57.11354    4096                -8.752
       1073  8.94166666667   34.65388    56.98308    4096                -8.670
       1074  8.95000000000   34.47581    56.85427    4096                -8.308
       1075  8.95833333333   34.29726    56.72710    4096                -8.790
       1076  8.96666666667   34.11825    56.60156    4096                -8.620
       1077  8.97500000000   33.93877    56.47765    4096                -9.058
       1078  8.98333333333   33.75884    56.35534    4096                -9.415
       1079  8.99166666667   33.57847    56.23463    4096                -9.517
       1080  9.00000000000   33.39766    56.11551    4096                -9.710
       1081  9.00833333333   33.21643    55.99797    4096                -9.757
       1082  9.01666666667   33.03478    55.88200    4096                -9.910
       1083  9.02500000000   32.85272    55.76758    4096               -10.174
       1084  9.03333333333   32.67026    55.65471    4096                -9.846
       1085  9.04166666667   32.48741    55.54337    4096                -9.947
       1086  9.05000000000   32.30417    55.43356    4096                -9.904
       1087  9.05833333333   32.12055    55.32526    4096                -9.669
       1088  9.06666666667   31.93656    55.21846    4096                -9.846
       1089  9.07500000000   31.75221    55.11316    4096                -9.762
       1090  9.08333333333   31.56750    55.00934    4096                -9.775
       1091  9.09166666667   31.38245    54.90700    4096                -9.914
       1092  9.10000000000   31.19706    54.80611    4096                -9.882
       1093  9.10833333333   31.01133    54.70668    4096                -9.878
       1094  9.11666666667   30.82528    54.60869    4096                -9.900
       1095  9.12500000000   30.63891    54.51213    4096                -9.757
       1096  9.13333333333   30.45223    54.41699    4096                -9.792
       1097  9.14166666667   30.26524    54.32326    4096                -9.654
       1098  9.15000000000   30.07796    54.23093    4096                -9.602
       1099  9.15833333333   29.89039    54.13999    4096                -9.613
       1100  9.16666666667   29.70253    54.05043    4096                -9.763
       1101  9.17500000000   29.51440    53.96224    4096                -9.690
       1102  9.18333333333   29.32599    53.87542    4096                -9.617
       1103  9.19166666667   29.13732    53.78994    4096                -9.540
       1104  9.20000000000   28.94839    53.70581    4096                -9.499
       1105  9.20833333333   28.75921    53.62301    4096                -9.245
       1106  9.21666666667   28.56979    53.54152    4096                -9.159
       1107  9.22500000000   28.38012    53.46135    4096                -9.034
       1108  9.23333333333   28.19022    53.38249    4096                -8.747
       1109  9.24166666667   28.00010    53.30491    4096                -8.535
       1110  9.25000000000   27.80975    53.22862    4096                -8.418
       1111  9.25833333333   27.61919    53.15360    4096                -8.408
       1112  9.26666666667   27.42842    53.07985    4096                -8.517
       1113  9.27500000000   27.23744    53.00735    4096                -8.636
       1114  9.28333333333   27.04626    52.93610    4096                -8.612
       1115  9.29166666667   26.85490    52.86609    4096                -8.098
       1116  9.30000000000   26.66334    52.79730    4096                -7.816
       1117  9.30833333333   26.47160    52.72973    4096                -7.131
       1118  9.31666666667   26.27969    52.66338    4096                -7.531
       1119  9.32500000000   26.08761    52.59822    4096                -6.925
       1120  9.33333333333   25.89535    52.53425    4096                -7.359
       1121  9.34166666667   25.70294    52.47147    4096                -7.127
       1122  9.35000000000   25.51037    52.40987    4096                -6.985
       1123  9.35833333333   25.31765    52.34942    4096                -6.897
       1124  9.36666666667   25.12479    52.29014    4096                -6.963
       1125  9.37500000000   24.93178    52.23201    4096                -6.947
       1126  9.38333333333   24.73864    52.17501    4096                -7.152
       1127  9.39166666667   24.54536    52.11915    4096                -6.701
       1128  9.40000000000   24.35196    52.06441    4096                -6.589
       1129  9.40833333333   24.15843    52.01078    4096                -6.214
       1130  9.41666666667   23.96479    51.95827    4096                -6.658
       1131  9.42500000000   23.77104    51.90685    4096                -6.684
       1132  9.43333333333   23.57717    51.85652    4096                -6.566
       1133  9.44166666667   23.38320    51.80727    4096                -6.502
       1134  9.45000000000   23.18913    51.75910    4096                -6.994
       1135  9.45833333333   22.99497    51.71200    4096                -6.737
       1136  9.46666666667   22.80071    51.66596    4096                -6.713
       1137  9.47500000000   22.60637    51.62096    4096                -6.679
       1138  9.48333333333   22.41194    51.57701    4096                -6.506
       1139  9.49166666667   22.21743    51.53410    4096                -6.821
       1140  9.50000000000   22.02285    51.49221    4096                -6.278
       1141  9.50833333333   21.82820    51.45135    4096                -5.854
       1142  9.51666666667   21.63347    51.41150    4096                -6.237
       1143  9.52500000000   21.43869    51.37265    4096                -6.176
       1144  9.53333333333   21.24384    51.33481    4096                -6.548
       1145  9.54166666667   21.04894    51.29795    4096                -6.274
       1146  9.55000000000   20.85399    51.26208    4096                -6.740
       1147  9.55833333333   20.65898    51.22718    4096                -6.233
       1148  9.56666666667   20.46394    51.19326    4096                -6.162
       1149  9.57500000000   20.26885    51.16030    4096                -5.986
       1150  9.58333333333   20.07372    51.12829    4096                -6.251
       1151  9.59166666667   19.87855    51.09723    4096                -6.547
       1152  9.60000000000   19.68336    51.06712    4096                -6.291
       1153  9.60833333333   19.48813    51.03794    4096                -6.421
       1154  9.61666666667   19.29288    51.00969    4096                -6.840
       1155  9.62500000000   19.09761    50.98236    4096                -6.545
       1156  9.63333333333   18.90232    50.95594    4096                -6.243
       1157  9.64166666667   18.70702    50.93044    4096                -6.663
       1158  9.65000000000   18.51170    50.90583    4096                -6.611
       1159  9.65833333333   18.31638    50.88213    4096                -6.471
       1160  9.66666666667   18.12104    50.85931    4096                -6.026
       1161  9.67500000000   17.92571    50.83737    4096                -6.170
       1162  9.68333333333   17.73037    50.81631    4096                -5.457
       1163  9.69166666667   17.53504    50.79612    4096                -5.439
       1164  9.70000000000   17.33971    50.77680    4096                -5.469
       1165  9.70833333333   17.14439    50.75833    4096                -5.228
       1166  9.71666666667   16.94908    50.74072    4096                -5.339
       1167  9.72500000000   16.75378    50.72395    4096                -5.135
       1168  9.73333333333   16.55850    50.70803    4096                -4.273
       1169  9.74166666667   16.36324    50.69293    4096                -4.997
       1170  9.75000000000   16.16800    50.67867    4096                -4.313
       1171  9.75833333333   15.97279    50.66522    4096                -4.540
       1172  9.76666666667   15.77760    50.65260    4096                -4.559
       1173  9.77500000000   15.58244    50.64079    4096                -4.554
       1174  9.78333333333   15.38731    50.62978    4096                -4.011
       1175  9.79166666667   15.19222    50.61957    4096                -3.919
       1176  9.80000000000   14.99716    50.61015    4096                -3.076
       1177  9.80833333333   14.80215    50.60153    4096                -3.152
       1178  9.81666666667   14.60717    50.59369    4096                -2.794
       1179  9.82500000000   14.41224    50.58662    4096                -3.046
       1180  9.83333333333   14.21735    50.58033    4096                -3.064
       1181  9.84166666667   14.02251    50.57481    4096                -3.220
       1182  9.85000000000   13.82772    50.57005    4096                -3.216
       1183  9.85833333333   13.63298    50.56604    4096                -2.630
       1184  9.86666666667   13.43830    50.56279    4096                -1.371
       1185  9.87500000000   13.24367    50.56028    4096                -2.190
       1186  9.88333333333   13.04910    50.55852    4096                -1.798
       1187  9.89166666667   12.85460    50.55749    4096                -0.859
       1188  9.90000000000   12.66015    50.55720    4096                -1.198
       1189  9.90833333333   12.46577    50.55763    4096                -1.393
       1190  9.91666666667   12.27146    50.55878    4096                -0.353
       1191  9.92500000000   12.07721    50.56065    4096                -0.030
       1192  9.93333333333   11.88303    50.56323    4096                -0.390
       1193  9.94166666667   11.68893    50.56652    4096                -1.262
       1194  9.95000000000   11.49490    50.57051    4464                 0.000
       1195  9.95833333333   11.30095    50.57520    4096                 0.808
       1196  9.96666666667   11.10707    50.58059    4096                -1.382
       1197  9.97500000000   10.91327    50.58666    4096                -0.728
       1198  9.98333333333   10.71955    50.59342    4096                -1.075
       1199  9.99166666667   10.52592    50.60085    4096                -0.817
       1200 10.00000000000   10.33332    50.60951    4096                -1.283
       1201 10.00833333333   10.13890    50.61775    4096                -1.038
       1202 10.01666666667    9.94553    50.62720    4096                -1.086
       1203 10.02500000000    9.75224    50.63731    4096                -0.640
       1204 10.03333333333    9.55904    50.64808    4096                -1.101
       1205 10.04166666667    9.36593    50.65950    4096                -0.627
       1206 10.05000000000    9.17292    50.67158    4096                 0.116
       1207 10.05833333333    8.98000    50.68430    4096                 0.196
       1208 10.06666666667    8.78718    50.69766    4096                 0.506
       1209 10.07500000000    8.59446    50.71165    4096                 1.096
       1210 10.08333333333    8.40183    50.72628    4096                 0.835
       1211 10.09166666667    8.20931    50.74154    4096                 1.067
       1212 10.10000000000    8.01689    50.75742    4096                 0.423
       1213 10.10833333333    7.82457    50.77393    4096                -0.429
       1214 10.11666666667    7.63236    50.79105    4096                -0.081
       1215 10.12500000000    7.44025    50.80878    4096                -1.260
       1216 10.13333333333    7.24825    50.82713    4096                -1.750
       1217 10.14166666667    7.05636    50.84607    4096                -1.549
       1218 10.15000000000    6.86457    50.86562    4096                -1.739
       1219 10.15833333333    6.67290    50.88577    4096                -1.544
       1220 10.16666666667    6.48134    50.90651    4096                -0.652
       1221 10.17500000000    6.28990    50.92785    4096                 0.191
       1222 10.18333333333    6.09856    50.94977    4096                 0.185
       1223 10.19166666667    5.90735    50.97227    4096                 0.735
       1224 10.20000000000    5.71625    50.99535    4096                 0.349
       1225 10.20833333333    5.52527    51.01901    4096                 0.516
       1226 10.21666666667    5.33440    51.04324    4096                 0.323
       1227 10.22500000000    5.14366    51.06804    4096                -0.069
       2418 20.15000000000    5.20832   325.76859    4096                -9.682
       2419 20.15833333333    5.38426   325.70474    4096                -9.737
       2420 20.16666666667    5.56000   325.64011    4096                -9.730
       2421 20.17500000000    5.73552   325.57467    4096                -9.463
       2422 20.18333333333    5.91082   325.50844    4096                -9.400
       2423 20.19166666667    6.08590   325.44140    4096                -9.042
       2424 20.20000000000    6.26076   325.37356    4096                -8.969
       2425 20.20833333333    6.43538   325.30491    4096                -9.041
       2426 20.21666666667    6.60978   325.23544    4096                -8.978
       2427 20.22500000000    6.78393   325.16515    4096                -9.197
       2428 20.23333333333    6.95784   325.09405    4096                -9.072
       2429 20.24166666667    7.13151   325.02211    4096                -9.144
       2430 20.25000000000    7.30492   324.94935    4096                -9.172
       2431 20.25833333333    7.47808   324.87576    4096                -9.163
       2432 20.26666666667    7.65099   324.80133    4096                -9.233
       2433 20.27500000000    7.82363   324.72606    4096                -9.248
       2434 20.28333333333    7.99600   324.64995    4096                -9.209
       2435 20.29166666667    8.16811   324.57300    4096                -9.022
       2436 20.30000000000    8.33994   324.49519    4096                -9.039
       2437 20.30833333333    8.51149   324.41653    4096                -9.021
       2438 20.31666666667    8.68275   324.33701    4096                -9.055
       2439 20.32500000000    8.85373   324.25663    4096                -8.946
       2440 20.33333333333    9.02441   324.17539    4096                -9.088
       2441 20.34166666667    9.19480   324.09328    4096                -9.123
       2442 20.35000000000    9.36489   324.01030    4096                -9.148
       2443 20.35833333333    9.53467   323.92644    4096                -9.163
       2444 20.36666666667    9.70414   323.84170    4096                -9.138
       2445 20.37500000000    9.87329   323.75609    4096                -9.206
       2446 20.38333333333   10.04213   323.66958    4096                -9.238
       2447 20.39166666667   10.21064   323.58219    4096                -9.099
       2448 20.40000000000   10.37882   323.49391    4096                -9.176
       2449 20.40833333333   10.54666   323.40472    4096                -9.280
       2450 20.41666666667   10.71417   323.31464    4096                -9.311
       2451 20.42500000000   10.88133   323.22366    4096                -9.375
       2452 20.43333333333   11.04815   323.13177    4096                -9.370
       2453 20.44166666667   11.21461   323.03897    4096                -9.312
       2454 20.45000000000   11.38071   322.94525    4096                -9.532
       2455 20.45833333333   11.54645   322.85062    4096                -9.505
       2456 20.46666666667   11.71182   322.75507    4096                -9.573
       2457 20.47500000000   11.87681   322.65859    4096                -9.647
       2458 20.48333333333   12.04143   322.56119    4096                -9.710
       2459 20.49166666667   12.20566   322.46286    4096                -9.802
       2460 20.50000000000   12.36951   322.36359    4096                -9.822
       2461 20.50833333333   12.53296   322.26338    4096                -9.722
       2462 20.51666666667   12.69601   322.16224    4096                -9.818
       2463 20.52500000000   12.85865   322.06015    4096                -9.815
       2464 20.53333333333   13.02088   321.95711    4096                -9.811
       2465 20.54166666667   13.18270   321.85312    4096                -9.763
       2466 20.55000000000   13.34410   321.74818    4096                -9.765
       2467 20.55833333333   13.50507   321.64229    4096                -9.695
       2468 20.56666666667   13.66561   321.53543    4096                -9.711
       2469 20.57500000000   13.82571   321.42761    4096                -9.764
       2470 20.58333333333   13.98536   321.31882    4096                -9.970
       2471 20.59166666667   14.14457   321.20906    4096                -9.880
       2472 20.60000000000   14.30332   321.09833    4096               -10.035
       2473 20.60833333333   14.46162   320.98663    4096               -10.120
       2474 20.61666666667   14.61945   320.87395    4096               -10.130
       2475 20.62500000000   14.77680   320.76028    4096               -10.131
       2476 20.63333333333   14.93368   320.64563    4096               -10.287
       2477 20.64166666667   15.09007   320.53000    4096               -10.409
       2478 20.65000000000   15.24598   320.41337    4096               -10.569
       2479 20.65833333333   15.40139   320.29575    4096               -10.584
       2480 20.66666666667   15.55630   320.17714    4096               -10.671
       2481 20.67500000000   15.71070   320.05752    4096               -10.752
       2482 20.68333333333   15.86459   319.93691    4096               -10.876
       2483 20.69166666667   16.01795   319.81529    4096               -10.989
       2484 20.70000000000   16.17080   319.69267    4096               -11.076
       2485 20.70833333333   16.32311   319.56903    4096               -11.160
       2486 20.71666666667   16.47489   319.44439    4096               -11.323
       2487 20.72500000000   16.62612   319.31873    4096               -11.368
       2488 20.73333333333   16.77680   319.19206    4096               -11.451
       2489 20.74166666667   16.92692   319.06436    4096               -11.604
       2490 20.75000000000   17.07649   318.93565    4096               -11.756
       2491 20.75833333333   17.22548   318.80591    4096               -11.856
       2492 20.76666666667   17.37390   318.67515    4096               -11.945
       2493 20.77500000000   17.52173   318.54336    4096               -12.103
       2494 20.78333333333   17.66898   318.41055    4096               -12.196
       2495 20.79166666667   17.81564   318.27670    4096               -12.322
       2496 20.80000000000   17.96169   318.14181    4096               -12.417
       2497 20.80833333333   18.10713   318.00590    4096               -12.434
       2498 20.81666666667   18.25197   317.86894    4096               -12.515
       2499 20.82500000000   18.39618   317.73095    4096               -12.623
       2500 20.83333333333   18.53976   317.59191    4096               -12.785
       2501 20.84166666667   18.68271   317.45184    4096               -12.893
       2502 20.85000000000   18.82502   317.31072    4096               -12.956
       2503 20.85833333333   18.96668   317.16855    4096               -13.077
       2504 20.86666666667   19.10769   317.02534    4096               -13.180
       2505 20.87500000000   19.24804   316.88109    4096               -13.223
       2506 20.88333333333   19.38772   316.73578    4096               -13.293
       2507 20.89166666667   19.52672   316.58942    4096               -13.400
       2508 20.90000000000   19.66505   316.44201    4096               -13.485
       2509 20.90833333333   19.80268   316.29355    4096               -13.543
       2510 20.91666666667   19.93963   316.14404    4096               -13.566
       2511 20.92500000000   20.07587   315.99348    4096               -13.647
       2512 20.93333333333   20.21140   315.84186    4096               -13.707
       2513 20.94166666667   20.34621   315.68918    4096               -13.708
       2514 20.95000000000   20.48031   315.53545    4096               -13.743
       2515 20.95833333333   20.61367   315.38067    4096               -13.787
       2516 20.96666666667   20.74630   315.22482    4096               -13.862
       2517 20.97500000000   20.87819   315.06793    4096               -13.919
       2518 20.98333333333   21.00932   314.90997    4096               -14.036
       2519 20.99166666667   21.13970   314.75096    4096               -14.061
       2520 21.00000000000   21.26931   314.59089    4096               -14.104
       2521 21.00833333333   21.39815   314.42977    4096               -14.174
       2522 21.01666666667   21.52622   314.26759    4096               -14.246
       2523 21.02500000000   21.65350   314.10435    4096               -14.309
       2524 21.03333333333   21.77998   313.94006    4096               -14.337
       2525 21.04166666667   21.90567   313.77472    4096               -14.359
       2526 21.05000000000   22.03054   313.60832    4096               -14.473
       2527 21.05833333333   22.15461   313.44086    4096               -14.539
       2528 21.06666666667   22.27785   313.27236    4096               -14.581
       2529 21.07500000000   22.40027   313.10281    4096               -14.623
       2530 21.08333333333   22.52184   312.93220    4096               -14.668
       2531 21.09166666667   22.64258   312.76055    4096               -14.732
       2532 21.10000000000   22.76247   312.58785    4096               -14.787
       2533 21.10833333333   22.88150   312.41411    4096               -14.887
       2534 21.11666666667   22.99967   312.23932    4096               -14.948
       2535 21.12500000000   23.11696   312.06349    4096               -14.989
       2536 21.13333333333   23.23338   311.88662    4096               -15.034
       2537 21.14166666667   23.34891   311.70871    4096               -15.045
       2538 21.15000000000   23.46355   311.52977    4096               -15.112
       2539 21.15833333333   23.57729   311.34980    4096               -15.151
       2540 21.16666666667   23.69012   311.16879    4096               -15.178
       2541 21.17500000000   23.80204   310.98676    4096               -15.240
       2542 21.18333333333   23.91304   310.80370    4096               -15.184
       2543 21.19166666667   24.02311   310.61962    4096               -15.259
       2544 21.20000000000   24.13224   310.43452    4096               -15.272
       2545 21.20833333333   24.24044   310.24840    4096               -15.294
       2546 21.21666666667   24.34768   310.06127    4096               -15.327
       2547 21.22500000000   24.45397   309.87313    4096               -15.362
       2548 21.23333333333   24.55929   309.68399    4096               -15.380
       2549 21.24166666667   24.66365   309.49385    4096               -15.412
       2550 21.25000000000   24.76702   309.30270    4096               -15.426
       2551 21.25833333333   24.86942   309.11056    4096               -15.466
       2552 21.26666666667   24.97082   308.91744    4096               -15.505
       2553 21.27500000000   25.07122   308.72333    4096               -15.506
       2554 21.28333333333   25.17062   308.52823    4096               -15.549
       2555 21.29166666667   25.26901   308.33217    4096               -15.572
       2556 21.30000000000   25.36638   308.13513    4096               -15.603
       2557 21.30833333333   25.46273   307.93712    4096               -15.618
       2558 21.31666666667   25.55804   307.73815    4096               -15.658
       2559 21.32500000000   25.65232   307.53823    4096               -15.685
       2560 21.33333333333   25.74555   307.33736    4096               -15.733
       2561 21.34166666667   25.83772   307.13554    4096               -15.755
       2562 21.35000000000   25.92884   306.93279    4096               -15.757
       2563 21.35833333333   26.01890   306.72910    4096               -15.817
       2564 21.36666666667   26.10788   306.52448    4096               -15.843
       2565 21.37500000000   26.19579   306.31895    4096               -15.863
       2566 21.38333333333   26.28261   306.11250    4096               -15.910
       2567 21.39166666667   26.36834   305.90514    4096               -15.963
       2568 21.40000000000   26.45298   305.69688    4096               -15.994
       2569 21.40833333333   26.53651   305.48773    4096               -16.035
       2570 21.41666666667   26.61893   305.27769    4096               -16.059
       2571 21.42500000000   26.70024   305.06678    4096               -16.082
       2572 21.43333333333   26.78042   304.85499    4096               -16.110
       2573 21.44166666667   26.85948   304.64233    4096               -16.104
       2574 21.45000000000   26.93741   304.42882    4096               -16.128
       2575 21.45833333333   27.01419   304.21446    4096               -16.148
       2576 21.46666666667   27.08983   303.99926    4096               -16.157
       2577 21.47500000000   27.16433   303.78322    4096               -16.181
       2578 21.48333333333   27.23766   303.56636    4096               -16.190
       2579 21.49166666667   27.30983   303.34869    4096               -16.191
       2580 21.50000000000   27.38083   303.13021    4096               -16.186
       2581 21.50833333333   27.45067   302.91093    4096               -16.190
       2582 21.51666666667   27.51932   302.69085    4096               -16.205
       2583 21.52500000000   27.58679   302.47000    4096               -16.246
       2584 21.53333333333   27.65307   302.24838    4096               -16.286
       2585 21.54166666667   27.71815   302.02599    4096               -16.305
       2586 21.55000000000   27.78204   301.80286    4096               -16.308
       2587 21.55833333333   27.84472   301.57898    4096               -16.298
       2588 21.56666666667   27.90619   301.35436    4096               -16.332
       2589 21.57500000000   27.96645   301.12903    4096               -16.352
       2590 21.58333333333   28.02549   300.90298    4096               -16.346
       2591 21.59166666667   28.08331   300.67623    4096               -16.392
       2592 21.60000000000   28.13989   300.44879    4096               -16.384
       2593 21.60833333333   28.19525   300.22066    4096               -16.378
       2594 21.61666666667   28.24937   299.99187    4096               -16.421
       2595 21.62500000000   28.30225   299.76241    4096               -16.437
       2596 21.63333333333   28.35388   299.53231    4096               -16.450
       2597 21.64166666667   28.40426   299.30156    4096               -16.464
       2598 21.65000000000   28.45339   299.07019    4096               -16.491
       2599 21.65833333333   28.50127   298.83821    4096               -16.496
       2600 21.66666666667   28.54788   298.60562    4096               -16.530
       2601 21.67500000000   28.59323   298.37244    4096               -16.539
       2602 21.68333333333   28.63731   298.13868    4096               -16.554
       2603 21.69166666667   28.68011   297.90435    4096               -16.558
       2604 21.70000000000   28.72164   297.66946    4096               -16.588
       2605 21.70833333333   28.76190   297.43402    4096               -16.591
       2606 21.71666666667   28.80087   297.19806    4096               -16.584
       2607 21.72500000000   28.83856   296.96157    4096               -16.571
       2608 21.73333333333   28.87496   296.72457    4096               -16.595
       2609 21.74166666667   28.91007   296.48708    4096               -16.601
       2610 21.75000000000   28.94389   296.24911    4096               -16.565
       2611 21.75833333333   28.97641   296.01066    4096               -16.546
       2612 21.76666666667   29.00764   295.77176    4096               -16.589
       2613 21.77500000000   29.03756   295.53241    4096               -16.580
       2614 21.78333333333   29.06618   295.29262    4096               -16.578
       2615 21.79166666667   29.09350   295.05242    4096               -16.583
       2616 21.80000000000   29.11951   294.81181    4096               -16.575
       2617 21.80833333333   29.14421   294.57081    4096               -16.596
       2618 21.81666666667   29.16761   294.32943    4096               -16.605
       2619 21.82500000000   29.18969   294.08767    4096               -16.602
       2620 21.83333333333   29.21046   293.84557    4096               -16.626
       2621 21.84166666667   29.22991   293.60312    4096               -16.630
       2622 21.85000000000   29.24805   293.36035    4096               -16.606
       2623 21.85833333333   29.26487   293.11726    4096               -16.606
       2624 21.86666666667   29.28037   292.87387    4096               -16.605
       2625 21.87500000000   29.29456   292.63020    4096               -16.592
       2626 21.88333333333   29.30742   292.38625    4096               -16.575
       2627 21.89166666667   29.31897   292.14203    4096               -16.554
       2628 21.90000000000   29.32919   291.89758    4096               -16.532
       2629 21.90833333333   29.33810   291.65289    4096               -16.534
       2630 21.91666666667   29.34568   291.40798    4096               -16.529
       2631 21.92500000000   29.35194   291.16286    4096               -16.508
       2632 21.93333333333   29.35688   290.91755    4096               -16.486
       2633 21.94166666667   29.36050   290.67206    4096               -16.488
       2634 21.95000000000   29.36280   290.42641    4096               -16.487
       2635 21.95833333333   29.36378   290.18061    4096               -16.457
       2636 21.96666666667   29.36344   289.93466    4096               -16.473
       2637 21.97500000000   29.36178   289.68860    4096               -16.449
       2638 21.98333333333   29.35880   289.44242    4096               -16.415
       2639 21.99166666667   29.35450   289.19614    4096               -16.422
       2640 22.00000000000   29.34889   288.94978    4096               -16.390
       2641 22.00833333333   29.34196   288.70335    4096               -16.382
       2642 22.01666666667   29.33372   288.45687    4096               -16.377
       2643 22.02500000000   29.32417   288.21034    4096               -16.357
       2644 22.03333333333   29.31330   287.96378    4096               -16.325
       2645 22.04166666667   29.30113   287.71720    4096               -16.311
       2646 22.05000000000   29.28765   287.47062    4096               -16.280
       2647 22.05833333333   29.27287   287.22405    4096               -16.248
       2648 22.06666666667   29.25678   286.97750    4096               -16.218
       2649 22.07500000000   29.23939   286.73099    4096               -16.202
       2650 22.08333333333   29.22070   286.48453    4096               -16.167
       2651 22.09166666667   29.20071   286.23813    4096               -16.123
       2652 22.10000000000   29.17943   285.99180    4096               -16.094
       2653 22.10833333333   29.15686   285.74556    4096               -16.047
       2654 22.11666666667   29.13300   285.49943    4096               -16.007
       2655 22.12500000000   29.10786   285.25340    4096               -15.950
       2656 22.13333333333   29.08143   285.00750    4096               -15.920
       2657 22.14166666667   29.05373   284.76175    4096               -15.872
       2658 22.15000000000   29.02474   284.51614    4096               -15.828
       2659 22.15833333333   28.99449   284.27069    4096               -15.796
       2660 22.16666666667   28.96297   284.02542    4096               -15.738
       2661 22.17500000000   28.93018   283.78034    4096               -15.682
       2662 22.18333333333   28.89612   283.53546    4096               -15.638
       2663 22.19166666667   28.86081   283.29078    4096               -15.553
       2664 22.20000000000   28.82425   283.04634    4096               -15.503
       2665 22.20833333333   28.78644   282.80212    4096               -15.453
       2666 22.21666666667   28.74738   282.55816    4096               -15.413
       2667 22.22500000000   28.70707   282.31445    4096               -15.337
       2668 22.23333333333   28.66554   282.07101    4096               -15.299
       2669 22.24166666667   28.62276   281.82785    4096               -15.239
       2670 22.25000000000   28.57876   281.58498    4096               -15.164
       2671 22.25833333333   28.53354   281.34241    4096               -15.106
       2672 22.26666666667   28.48709   281.10016    4096               -15.053
       2673 22.27500000000   28.43944   280.85823    4096               -14.979
       2674 22.28333333333   28.39057   280.61664    4096               -14.924
       2675 22.29166666667   28.34050   280.37539    4096               -14.879
       2676 22.30000000000   28.28923   280.13449    4096               -14.791
       2677 22.30833333333   28.23676   279.89396    4096               -14.701
       2678 22.31666666667   28.18311   279.65381    4096               -14.639
       2679 22.32500000000   28.12828   279.41404    4096               -14.566
       2680 22.33333333333   28.07226   279.17467    4096               -14.563
       2681 22.34166666667   28.01508   278.93569    4096               -14.511
       2682 22.35000000000   27.95672   278.69714    4096               -14.476
       2683 22.35833333333   27.89721   278.45900    4096               -14.429
       2684 22.36666666667   27.83654   278.22130    4096               -14.433
       2685 22.37500000000   27.77472   277.98404    4096               -14.425
       2686 22.38333333333   27.71176   277.74723    4096               -14.385
       2687 22.39166666667   27.64767   277.51087    4096               -14.273
       2688 22.40000000000   27.58244   277.27498    4096               -14.141
       2689 22.40833333333   27.51608   277.03957    4096               -13.961
       2690 22.41666666667   27.44861   276.80464    4096               -13.836
       2691 22.42500000000   27.38003   276.57020    4096               -13.713
       2692 22.43333333333   27.31034   276.33626    4096               -13.593
       2693 22.44166666667   27.23955   276.10283    4096               -13.491
       2694 22.45000000000   27.16766   275.86990    4096               -13.401
       2695 22.45833333333   27.09469   275.63750    4096               -13.300
       2696 22.46666666667   27.02064   275.40563    4096               -13.204
       2697 22.47500000000   26.94552   275.17430    4096               -13.120
       2698 22.48333333333   26.86933   274.94350    4096               -13.072
       2699 22.49166666667   26.79208   274.71325    4096               -13.060
       2700 22.50000000000   26.71378   274.48356    4096               -12.984
       2701 22.50833333333   26.63444   274.25443    4096               -12.949
       2702 22.51666666667   26.55405   274.02587    4096               -12.920
       2703 22.52500000000   26.47263   273.79788    4096               -12.876
       2704 22.53333333333   26.39019   273.57047    4096               -12.821
       2705 22.54166666667   26.30673   273.34365    4096               -12.765
       2706 22.55000000000   26.22226   273.11741    4096               -12.685
       2707 22.55833333333   26.13679   272.89177    4096               -12.581
       2708 22.56666666667   26.05031   272.66674    4096               -12.478
       2709 22.57500000000   25.96285   272.44231    4096               -12.439
       2710 22.58333333333   25.87441   272.21849    4096               -12.417
       2711 22.59166666667   25.78500   271.99528    4096               -12.355
       2712 22.60000000000   25.69461   271.77270    4096               -12.213
       2713 22.60833333333   25.60327   271.55074    4096               -12.127
       2714 22.61666666667   25.51098   271.32940    4096               -12.125
       2715 22.62500000000   25.41774   271.10871    4096               -12.076
       2716 22.63333333333   25.32356   270.88864    4096               -11.961
       2717 22.64166666667   25.22845   270.66922    4096               -11.800
       2718 22.65000000000   25.13242   270.45044    4096               -11.724
       2719 22.65833333333   25.03547   270.23231    4096               -11.677
       2720 22.66666666667   24.93762   270.01483    4096               -11.561
       2721 22.67500000000   24.83887   269.79801    4096               -11.445
       2722 22.68333333333   24.73923   269.58184    4096               -11.359
       2723 22.69166666667   24.63870   269.36633    4096               -11.291
       2724 22.70000000000   24.53729   269.15148    4096               -11.153
       2725 22.70833333333   24.43501   268.93730    4096               -11.067
       2726 22.71666666667   24.33188   268.72378    4096               -10.998
       2727 22.72500000000   24.22789   268.51094    4096               -10.912
       2728 22.73333333333   24.12305   268.29877    4096               -10.777
       2729 22.74166666667   24.01737   268.08726    4096               -10.617
       2730 22.75000000000   23.91086   267.87644    4096               -10.530
       2731 22.75833333333   23.80353   267.66629    4096               -10.431
       2732 22.76666666667   23.69539   267.45682    4096               -10.351
       2733 22.77500000000   23.58643   267.24803    4096               -10.187
       2734 22.78333333333   23.47668   267.03993    4096               -10.005
       2735 22.79166666667   23.36613   266.83250    4096                -9.919
       2736 22.80000000000   23.25479   266.62576    4096                -9.795
       2737 22.80833333333   23.14268   266.41970    4096                -9.718
       2738 22.81666666667   23.02980   266.21433    4096                -9.556
       2739 22.82500000000   22.91616   266.00965    4096                -9.383
       2740 22.83333333333   22.80177   265.80565    4096                -9.262
       2741 22.84166666667   22.68663   265.60233    4096                -9.136
       2742 22.85000000000   22.57074   265.39971    4096                -8.979
       2743 22.85833333333   22.45413   265.19777    4096                -8.873
       2744 22.86666666667   22.33680   264.99652    4096                -8.773
       2745 22.87500000000   22.21874   264.79596    4096                -8.643
       2746 22.88333333333   22.09998   264.59608    4096                -8.487
       2747 22.89166666667   21.98052   264.39689    4096                -8.317
       2748 22.90000000000   21.86037   264.19839    4096                -8.198
       2749 22.90833333333   21.73953   264.00057    4096                -8.073
       2750 22.91666666667   21.61801   263.80344    4096                -7.936
       2751 22.92500000000   21.49583   263.60699    4096                -7.800
       2752 22.93333333333   21.37297   263.41122    4096                -7.593
       2753 22.94166666667   21.24947   263.21614    4096                -7.403
       2754 22.95000000000   21.12532   263.02174    4096                -7.274
       2755 22.95833333333   21.00052   262.82803    4096                -7.164
       2756 22.96666666667   20.87510   262.63499    4096                -7.068
       2757 22.97500000000   20.74904   262.44262    4096                -6.911
       2758 22.98333333333   20.62237   262.25094    4096                -6.699
       2759 22.99166666667   20.49509   262.05993    4096                -6.523
       2760 23.00000000000   20.36721   261.86959    4096                -6.410
       2761 23.00833333333   20.23873   261.67993    4096                -6.328
       2762 23.01666666667   20.10966   261.49094    4096                -6.179
       2763 23.02500000000   19.98001   261.30261    4096                -6.039
       2764 23.03333333333   19.84979   261.11495    4096                -5.822
       2765 23.04166666667   19.71900   260.92796    4096                -5.593
       2766 23.05000000000   19.58765   260.74162    4096                -5.429
       2767 23.05833333333   19.45575   260.55595    4096                -5.274
       2768 23.06666666667   19.32331   260.37094    4096                -5.064
       2769 23.07500000000   19.19032   260.18658    4096                -4.955
       2770 23.08333333333   19.05681   260.00287    4096                -4.799
       2771 23.09166666667   18.92277   259.81982    4096                -4.607
       2772 23.10000000000   18.78822   259.63741    4096                -4.419
       2773 23.10833333333   18.65316   259.45565    4096                -4.177
       2774 23.11666666667   18.51759   259.27453    4096                -3.892
       2775 23.12500000000   18.38153   259.09406    4096                -3.723
       2776 23.13333333333   18.24498   258.91422    4096                -3.603
       2777 23.14166666667   18.10795   258.73501    4096                -3.512
       2778 23.15000000000   17.97044   258.55644    4096                -3.339
       2779 23.15833333333   17.83247   258.37849    4096                -3.093
       2780 23.16666666667   17.69404   258.20117    4096                -2.779
       2781 23.17500000000   17.55515   258.02447    4096                -2.490
       2782 23.18333333333   17.41581   257.84840    4096                -2.310
       2783 23.19166666667   17.27604   257.67293    4096                -2.190
       2784 23.20000000000   17.13583   257.49809    4096                -2.065
       2785 23.20833333333   16.99519   257.32385    4096                -1.827
       2786 23.21666666667   16.85413   257.15021    4096                -1.557
       2787 23.22500000000   16.71266   256.97718    4096                -1.253
       2788 23.23333333333   16.57078   256.80475    4096                -1.032
       2789 23.24166666667   16.42850   256.63292    4096                -0.784
       2790 23.25000000000   16.28582   256.46168    4096                -0.536
       2791 23.25833333333   16.14276   256.29103    4096                -0.273
       2792 23.26666666667   15.99931   256.12096    4096                -0.069
       2793 23.27500000000   15.85550   255.95147    4096                 0.189
       2794 23.28333333333   15.71131   255.78256    4096                 0.456
       2795 23.29166666667   15.56676   255.61423    4096                 0.736
       2796 23.30000000000   15.42185   255.44647    4096                 1.037
       2797 23.30833333333   15.27659   255.27927    4096                 1.324
       2798 23.31666666667   15.13099   255.11264    4096                 1.681
       2799 23.32500000000   14.98505   254.94656    4096                 2.018
       2800 23.33333333333   14.83879   254.78104    4096                 2.296
       2801 23.34166666667   14.69219   254.61607    4096                 2.504
       2802 23.35000000000   14.54528   254.45165    4096                 2.740
       2803 23.35833333333   14.39805   254.28777    4096                 2.976
       2804 23.36666666667   14.25052   254.12443    4096                 3.299
       2805 23.37500000000   14.10268   253.96163    4096                 3.601
       2806 23.38333333333   13.95455   253.79935    4096                 3.977
       2807 23.39166666667   13.80614   253.63761    4096                 4.292
       2808 23.40000000000   13.65743   253.47638    4096                 4.586
       2809 23.40833333333   13.50845   253.31568    4096                 4.851
       2810 23.41666666667   13.35920   253.15548    4096                 5.081
       2811 23.42500000000   13.20969   252.99580    4096                 5.309
       2812 23.43333333333   13.05991   252.83663    4096                 5.581
       2813 23.44166666667   12.90988   252.67795    4096                 5.926
       2814 23.45000000000   12.75959   252.51978    4096                 6.313
       2815 23.45833333333   12.60907   252.36209    4096                 6.658
       2816 23.46666666667   12.45831   252.20490    4096                 7.007
       2817 23.47500000000   12.30731   252.04819    4096                 7.369
       2818 23.48333333333   12.15609   251.89196    4096                 7.728
       2819 23.49166666667   12.00465   251.73621    4096                 8.040
       2820 23.50000000000   11.85300   251.58092    4096                 8.332
       2821 23.50833333333   11.70113   251.42611    4096                 8.657
       2822 23.51666666667   11.54906   251.27176    4096                 8.958
       2823 23.52500000000   11.39678   251.11786    4096                 9.255
       2824 23.53333333333   11.24432   250.96442    4096                 9.575
       2825 23.54166666667   11.09166   250.81143    4096                 9.934
       2826 23.55000000000   10.93883   250.65889    4096                10.237
       2827 23.55833333333   10.78581   250.50678    4096                10.612
       2828 23.56666666667   10.63262   250.35511    4096                10.997
       2829 23.57500000000   10.47926   250.20388    4096                11.354
       2830 23.58333333333   10.32574   250.05307    4096                11.701
       2831 23.59166666667   10.17206   249.90268    4096                11.971
       2832 23.60000000000   10.01823   249.75271    4096                12.298
       2833 23.60833333333    9.86425   249.60316    4096                12.655
       2834 23.61666666667    9.71013   249.45402    4096                12.946
       2835 23.62500000000    9.55587   249.30528    4096                13.345
       2836 23.63333333333    9.40147   249.15694    4096                13.726
       2837 23.64166666667    9.24695   249.00899    4096                14.120
       2838 23.65000000000    9.09231   248.86144    4096                14.522
       2839 23.65833333333    8.93755   248.71428    4096                14.878
       2840 23.66666666667    8.78267   248.56750    4096                15.350
       2841 23.67500000000    8.62768   248.42109    4096                15.783
       2842 23.68333333333    8.47259   248.27506    4096                16.220
       2843 23.69166666667    8.31740   248.12940    4096                16.696
       2844 23.70000000000    8.16212   247.98411    4096                17.081
       2845 23.70833333333    8.00675   247.83917    4096                17.500
       2846 23.71666666667    7.85129   247.69459    4096                17.836
       2847 23.72500000000    7.69575   247.55036    4096                18.202
       2848 23.73333333333    7.54013   247.40647    4096                18.506
       2849 23.74166666667    7.38444   247.26293    4096                18.807
       2850 23.75000000000    7.22869   247.11973    4096                19.206
       2851 23.75833333333    7.07287   246.97685    4096                19.582
       2852 23.76666666667    6.91699   246.83431    4096                19.994
       2853 23.77500000000    6.76106   246.69209    4096                20.431
       2854 23.78333333333    6.60508   246.55019    4096                20.815
       2855 23.79166666667    6.44905   246.40861    4096                21.264
       2856 23.80000000000    6.29298   246.26734    4096                21.695
       2857 23.80833333333    6.13688   246.12637    4096                22.173
       2858 23.81666666667    5.98074   245.98570    4096                22.718
       2859 23.82500000000    5.82458   245.84533    4096                23.173
       2860 23.83333333333    5.66839   245.70526    4096                23.521
       2861 23.84166666667    5.51218   245.56547    4096                23.901
       2862 23.85000000000    5.35595   245.42596    4096                24.286
       2863 23.85833333333    5.19972   245.28674    4096                24.698
       2864 23.86666666667    5.04347   245.14779    4096                25.165
