# Created on 2018-12-12 16:17:58 
# Sources: d:\gpsother\tec-suite\in\2015\abcd0770.15d.Z, d:\gpsother\tec-suite\in\2015\brdc0770.15n.Z
# Satellite: G21
# Interval: 30.0
# Sampling interval: 0.0 (not used).
# Site: abcd
# Position (L, B, H): 253.601641965, 52.1962622634, 578.574894483
# Position (X, Y, Z): -1106129.71, -3758704.03, 5016675.77
# datetime format: %Y-%m-%dT%H:%M:%S
# Columns: tsn, hour, el, az, validity, tec.l1l2
# (I11,1X,F14.11,1X,F10.5,1X,F11.5,1X,I7,1X,F21.3)
       1052  8.76666666667    4.83109   252.46973    4096                -2.708
       1053  8.77500000000    5.00645   252.57343    4096                -2.727
       1054  8.78333333333    5.18186   252.67727    4096                -2.910
       1055  8.79166666667    5.35733   252.78125    4096                -2.953
       1056  8.80000000000    5.53285   252.88536    4096                -2.899
       1057  8.80833333333    5.70843   252.98960    4096                -2.950
       1058  8.81666666667    5.88407   253.09397    4096                -3.055
       1059  8.82500000000    6.05976   253.19847    4096                -3.032
       1060  8.83333333333    6.23550   253.30310    4096                -2.935
       1061  8.84166666667    6.41131   253.40786    4096                -2.833
       1062  8.85000000000    6.58717   253.51274    4096                -2.709
       1063  8.85833333333    6.76308   253.61775    4096                -2.555
       1064  8.86666666667    6.93906   253.72289    4096                -2.375
       1065  8.87500000000    7.11509   253.82814    4096                -2.272
       1066  8.88333333333    7.29119   253.93353    4096                -2.313
       1067  8.89166666667    7.46734   254.03903    4096                -2.035
       1068  8.90000000000    7.64355   254.14465    4096                -1.852
       1069  8.90833333333    7.81982   254.25039    4096                -2.118
       1070  8.91666666667    7.99616   254.35625    4096                -2.232
       1071  8.92500000000    8.17255   254.46222    4096                -2.453
       1072  8.93333333333    8.34900   254.56831    4096                -2.421
       1073  8.94166666667    8.52552   254.67452    4096                -2.710
       1074  8.95000000000    8.70209   254.78083    4096                -3.175
       1075  8.95833333333    8.87873   254.88726    4096                -3.438
       1076  8.96666666667    9.05544   254.99380    4096                -3.643
       1077  8.97500000000    9.23220   255.10046    4096                -3.877
       1078  8.98333333333    9.40903   255.20722    4096                -3.910
       1079  8.99166666667    9.58593   255.31408    4096                -3.890
       1080  9.00000000000    9.76288   255.42106    4096                -3.977
       1081  9.00833333333    9.93991   255.52814    4096                -4.093
       1082  9.01666666667   10.11700   255.63532    4096                -3.526
       1083  9.02500000000   10.29415   255.74261    4096                -3.108
       1084  9.03333333333   10.47137   255.85000    4096                -2.781
       1085  9.04166666667   10.64866   255.95749    4096                -2.809
       1086  9.05000000000   10.82601   256.06508    4096                -3.058
       1087  9.05833333333   11.00343   256.17277    4096                -3.188
       1088  9.06666666667   11.18092   256.28056    4096                -3.430
       1089  9.07500000000   11.35848   256.38844    4096                -2.945
       1090  9.08333333333   11.53611   256.49642    4096                -2.565
       1091  9.09166666667   11.71381   256.60450    4096                -2.773
       1092  9.10000000000   11.89157   256.71267    4096                -2.678
       1093  9.10833333333   12.06941   256.82093    4096                -2.954
       1094  9.11666666667   12.24732   256.92928    4096                -3.047
       1095  9.12500000000   12.42530   257.03772    4096                -2.652
       1096  9.13333333333   12.60335   257.14625    4096                -2.573
       1097  9.14166666667   12.78147   257.25486    4096                -2.341
       1098  9.15000000000   12.95966   257.36357    4096                -2.221
       1099  9.15833333333   13.13793   257.47236    4096                -2.679
       1100  9.16666666667   13.31627   257.58123    4096                -2.829
       1101  9.17500000000   13.49469   257.69019    4096                -3.069
       1102  9.18333333333   13.67318   257.79923    4096                -3.238
       1103  9.19166666667   13.85174   257.90835    4096                -3.311
       1104  9.20000000000   14.03038   258.01755    4096                -3.356
       1105  9.20833333333   14.20909   258.12683    4096                -3.127
       1106  9.21666666667   14.38788   258.23618    4096                -3.196
       1107  9.22500000000   14.56675   258.34561    4096                -2.818
       1108  9.23333333333   14.74570   258.45512    4096                -3.258
       1109  9.24166666667   14.92472   258.56470    4096                -3.683
       1110  9.25000000000   15.10382   258.67436    4096                -3.763
       1111  9.25833333333   15.28300   258.78408    4096                -3.664
       1112  9.26666666667   15.46226   258.89388    4096                -3.725
       1113  9.27500000000   15.64160   259.00375    4096                -3.756
       1114  9.28333333333   15.82102   259.11368    4096                -3.820
       1115  9.29166666667   16.00052   259.22369    4096                -3.693
       1116  9.30000000000   16.18010   259.33376    4096                -3.792
       1117  9.30833333333   16.35976   259.44389    4096                -4.202
       1118  9.31666666667   16.53950   259.55409    4096                -4.067
       1119  9.32500000000   16.71933   259.66435    4096                -4.087
       1120  9.33333333333   16.89924   259.77467    4096                -4.510
       1121  9.34166666667   17.07923   259.88505    4096                -4.623
       1122  9.35000000000   17.25930   259.99549    4096                -4.943
       1123  9.35833333333   17.43946   260.10599    4096                -4.925
       1124  9.36666666667   17.61971   260.21655    4096                -5.040
       1125  9.37500000000   17.80004   260.32716    4096                -5.043
       1126  9.38333333333   17.98046   260.43782    4096                -5.117
       1127  9.39166666667   18.16096   260.54854    4096                -5.368
       1128  9.40000000000   18.34155   260.65931    4096                -5.190
       1129  9.40833333333   18.52223   260.77013    4096                -4.926
       1130  9.41666666667   18.70300   260.88101    4096                -4.764
       1131  9.42500000000   18.88385   260.99193    4096                -4.485
       1132  9.43333333333   19.06479   261.10289    4096                -5.154
       1133  9.44166666667   19.24583   261.21391    4096                -5.219
       1134  9.45000000000   19.42695   261.32497    4096                -5.220
       1135  9.45833333333   19.60816   261.43607    4096                -5.210
       1136  9.46666666667   19.78946   261.54721    4096                -5.439
       1137  9.47500000000   19.97086   261.65840    4096                -5.419
       1138  9.48333333333   20.15235   261.76963    4096                -5.342
       1139  9.49166666667   20.33393   261.88089    4096                -5.831
       1140  9.50000000000   20.51560   261.99219    4096                -5.651
       1141  9.50833333333   20.69737   262.10353    4096                -5.929
       1142  9.51666666667   20.87923   262.21491    4096                -5.918
       1143  9.52500000000   21.06118   262.32631    4096                -5.787
       1144  9.53333333333   21.24323   262.43775    4096                -5.657
       1145  9.54166666667   21.42538   262.54923    4096                -5.637
       1146  9.55000000000   21.60762   262.66073    4096                -5.613
       1147  9.55833333333   21.78995   262.77226    4096                -5.730
       1148  9.56666666667   21.97239   262.88382    4096                -5.846
       1149  9.57500000000   22.15492   262.99541    4096                -5.872
       1150  9.58333333333   22.33755   263.10702    4096                -5.961
       1151  9.59166666667   22.52028   263.21865    4096                -5.926
       1152  9.60000000000   22.70311   263.33031    4096                -5.949
       1153  9.60833333333   22.88604   263.44199    4096                -5.983
       1154  9.61666666667   23.06907   263.55368    4096                -6.403
       1155  9.62500000000   23.25219   263.66540    4096                -6.248
       1156  9.63333333333   23.43542   263.77714    4096                -5.565
       1157  9.64166666667   23.61876   263.88889    4096                -6.058
       1158  9.65000000000   23.80219   264.00065    4096                -6.412
       1159  9.65833333333   23.98573   264.11243    4096                -6.312
       1160  9.66666666667   24.16937   264.22422    4096                -6.165
       1161  9.67500000000   24.35311   264.33602    4096                -6.220
       1162  9.68333333333   24.53696   264.44784    4096                -6.433
       1163  9.69166666667   24.72091   264.55966    4096                -6.668
       1164  9.70000000000   24.90497   264.67148    4096                -6.847
       1165  9.70833333333   25.08913   264.78332    4096                -7.150
       1166  9.71666666667   25.27341   264.89515    4096                -7.140
       1167  9.72500000000   25.45778   265.00699    4096                -7.301
       1168  9.73333333333   25.64227   265.11883    4096                -7.235
       1169  9.74166666667   25.82686   265.23067    4096                -7.214
       1170  9.75000000000   26.01156   265.34251    4096                -7.386
       1171  9.75833333333   26.19637   265.45435    4096                -7.553
       1172  9.76666666667   26.38129   265.56618    4096                -7.372
       1173  9.77500000000   26.56632   265.67801    4096                -7.217
       1174  9.78333333333   26.75146   265.78983    4096                -7.220
       1175  9.79166666667   26.93671   265.90164    4096                -7.252
       1176  9.80000000000   27.12208   266.01344    4096                -7.176
       1177  9.80833333333   27.30755   266.12524    4096                -7.179
       1178  9.81666666667   27.49314   266.23701    4096                -7.255
       1179  9.82500000000   27.67884   266.34878    4096                -7.222
       1180  9.83333333333   27.86466   266.46053    4096                -7.255
       1181  9.84166666667   28.05059   266.57226    4096                -7.331
       1182  9.85000000000   28.23663   266.68397    4096                -7.479
       1183  9.85833333333   28.42279   266.79566    4096                -7.353
       1184  9.86666666667   28.60906   266.90734    4096                -7.272
       1185  9.87500000000   28.79545   267.01899    4096                -7.319
       1186  9.88333333333   28.98196   267.13061    4096                -7.310
       1187  9.89166666667   29.16859   267.24221    4096                -7.111
       1188  9.90000000000   29.35533   267.35378    4096                -6.934
       1189  9.90833333333   29.54219   267.46532    4096                -6.843
       1190  9.91666666667   29.72917   267.57683    4096                -6.706
       1191  9.92500000000   29.91627   267.68831    4096                -6.594
       1192  9.93333333333   30.10349   267.79976    4096                -6.512
       1193  9.94166666667   30.29083   267.91117    4096                -6.452
       1194  9.95000000000   30.47829   268.02254    4096                -6.349
       1195  9.95833333333   30.66587   268.13387    4096                -6.052
       1196  9.96666666667   30.85357   268.24517    4096                -6.126
       1197  9.97500000000   31.04140   268.35642    4096                -6.106
       1198  9.98333333333   31.22935   268.46763    4096                -6.101
       1199  9.99166666667   31.41742   268.57879    4096                -6.048
       1200 10.00000000000   31.60658   268.69050    4096                -5.936
       1201 10.00833333333   31.79394   268.80098    4096                -5.909
       1202 10.01666666667   31.98238   268.91200    4096                -5.834
       1203 10.02500000000   32.17095   269.02296    4096                -5.811
       1204 10.03333333333   32.35965   269.13388    4096                -5.757
       1205 10.04166666667   32.54847   269.24474    4096                -5.756
       1206 10.05000000000   32.73742   269.35554    4096                -5.808
       1207 10.05833333333   32.92650   269.46628    4096                -5.807
       1208 10.06666666667   33.11571   269.57696    4096                -5.794
       1209 10.07500000000   33.30504   269.68758    4096                -5.873
       1210 10.08333333333   33.49450   269.79814    4096                -5.916
       1211 10.09166666667   33.68409   269.90863    4096                -5.960
       1212 10.10000000000   33.87382   270.01905    4096                -5.994
       1213 10.10833333333   34.06367   270.12940    4096                -5.973
       1214 10.11666666667   34.25365   270.23968    4096                -6.071
       1215 10.12500000000   34.44377   270.34989    4096                -6.075
       1216 10.13333333333   34.63401   270.46002    4096                -6.246
       1217 10.14166666667   34.82439   270.57008    4096                -6.259
       1218 10.15000000000   35.01490   270.68006    4096                -6.329
       1219 10.15833333333   35.20555   270.78995    4096                -6.403
       1220 10.16666666667   35.39632   270.89976    4096                -6.469
       1221 10.17500000000   35.58724   271.00949    4096                -6.518
       1222 10.18333333333   35.77828   271.11913    4096                -6.587
       1223 10.19166666667   35.96946   271.22869    4096                -6.619
       1224 10.20000000000   36.16078   271.33815    4096                -6.708
       1225 10.20833333333   36.35223   271.44751    4096                -6.790
       1226 10.21666666667   36.54382   271.55679    4096                -6.696
       1227 10.22500000000   36.73555   271.66596    4096                -6.770
       1228 10.23333333333   36.92741   271.77504    4096                -6.825
       1229 10.24166666667   37.11942   271.88401    4096                -6.803
       1230 10.25000000000   37.31156   271.99289    4096                -6.934
       1231 10.25833333333   37.50384   272.10165    4096                -7.051
       1232 10.26666666667   37.69625   272.21031    4096                -6.995
       1233 10.27500000000   37.88881   272.31886    4096                -6.899
       1234 10.28333333333   38.08151   272.42729    4096                -6.798
       1235 10.29166666667   38.27435   272.53561    4096                -6.969
       1236 10.30000000000   38.46733   272.64382    4096                -7.057
       1237 10.30833333333   38.66045   272.75190    4096                -6.908
       1238 10.31666666667   38.85371   272.85986    4096                -6.834
       1239 10.32500000000   39.04711   272.96770    4096                -6.932
       1240 10.33333333333   39.24066   273.07541    4096                -6.939
       1241 10.34166666667   39.43435   273.18299    4096                -6.840
       1242 10.35000000000   39.62819   273.29044    4096                -7.035
       1243 10.35833333333   39.82216   273.39776    4096                -7.169
       1244 10.36666666667   40.01629   273.50494    4096                -7.296
       1245 10.37500000000   40.21055   273.61198    4096                -7.117
       1246 10.38333333333   40.40497   273.71888    4096                -7.126
       1247 10.39166666667   40.59952   273.82564    4096                -7.388
       1248 10.40000000000   40.79423   273.93224    4096                -7.371
       1249 10.40833333333   40.98908   274.03870    4096                -7.468
       1250 10.41666666667   41.18407   274.14501    4096                -7.493
       1251 10.42500000000   41.37922   274.25116    4096                -7.587
       1252 10.43333333333   41.57451   274.35715    4096                -7.642
       1253 10.44166666667   41.76995   274.46299    4096                -7.545
       1254 10.45000000000   41.96553   274.56866    4096                -7.597
       1255 10.45833333333   42.16127   274.67416    4096                -7.501
       1256 10.46666666667   42.35715   274.77949    4096                -7.595
       1257 10.47500000000   42.55319   274.88466    4096                -7.604
       1258 10.48333333333   42.74937   274.98964    4096                -7.617
       1259 10.49166666667   42.94571   275.09445    4096                -7.542
       1260 10.50000000000   43.14219   275.19907    4096                -7.660
       1261 10.50833333333   43.33883   275.30352    4096                -7.705
       1262 10.51666666667   43.53561   275.40777    4096                -7.882
       1263 10.52500000000   43.73255   275.51183    4096                -7.843
       1264 10.53333333333   43.92964   275.61570    4096                -7.785
       1265 10.54166666667   44.12688   275.71937    4096                -7.854
       1266 10.55000000000   44.32427   275.82284    4096                -7.943
       1267 10.55833333333   44.52182   275.92610    4096                -7.897
       1268 10.56666666667   44.71952   276.02916    4096                -8.093
       1269 10.57500000000   44.91737   276.13201    4096                -8.095
       1270 10.58333333333   45.11538   276.23464    4096                -8.245
       1271 10.59166666667   45.31354   276.33705    4096                -8.360
       1272 10.60000000000   45.51186   276.43924    4096                -8.441
       1273 10.60833333333   45.71032   276.54120    4096                -8.471
       1274 10.61666666667   45.90895   276.64293    4096                -8.441
       1275 10.62500000000   46.10773   276.74443    4096                -8.488
       1276 10.63333333333   46.30666   276.84569    4096                -8.591
       1277 10.64166666667   46.50575   276.94671    4096                -8.657
       1278 10.65000000000   46.70500   277.04749    4096                -8.499
       1279 10.65833333333   46.90440   277.14801    4096                -8.504
       1280 10.66666666667   47.10396   277.24828    4096                -8.260
       1281 10.67500000000   47.30368   277.34829    4096                -8.603
       1282 10.68333333333   47.50355   277.44804    4096                -8.689
       1283 10.69166666667   47.70358   277.54752    4096                -8.722
       1284 10.70000000000   47.90377   277.64673    4096                -8.860
       1285 10.70833333333   48.10411   277.74566    4096                -8.657
       1286 10.71666666667   48.30461   277.84431    4096                -8.821
       1287 10.72500000000   48.50527   277.94267    4096                -9.055
       1288 10.73333333333   48.70609   278.04075    4096                -9.144
       1289 10.74166666667   48.90707   278.13853    4096                -9.128
       1290 10.75000000000   49.10820   278.23601    4096                -9.104
       1291 10.75833333333   49.30950   278.33318    4096                -9.016
       1292 10.76666666667   49.51095   278.43005    4096                -9.042
       1293 10.77500000000   49.71256   278.52659    4096                -9.068
       1294 10.78333333333   49.91433   278.62282    4096                -9.057
       1295 10.79166666667   50.11626   278.71872    4096                -8.917
       1296 10.80000000000   50.31835   278.81428    4096                -9.023
       1297 10.80833333333   50.52060   278.90951    4096                -8.998
       1298 10.81666666667   50.72301   279.00440    4096                -9.070
       1299 10.82500000000   50.92558   279.09893    4096                -8.947
       1300 10.83333333333   51.12831   279.19311    4096                -9.053
       1301 10.84166666667   51.33120   279.28693    4096                -9.110
       1302 10.85000000000   51.53425   279.38038    4096                -9.147
       1303 10.85833333333   51.73746   279.47345    4096                -9.222
       1304 10.86666666667   51.94083   279.56615    4096                -9.264
       1305 10.87500000000   52.14436   279.65845    4096                -9.241
       1306 10.88333333333   52.34805   279.75036    4096                -9.180
       1307 10.89166666667   52.55190   279.84187    4096                -9.129
       1308 10.90000000000   52.75591   279.93297    4096                -9.121
       1309 10.90833333333   52.96008   280.02366    4096                -9.113
       1310 10.91666666667   53.16441   280.11392    4096                -9.137
       1311 10.92500000000   53.36891   280.20375    4096                -9.159
       1312 10.93333333333   53.57356   280.29314    4096                -9.152
       1313 10.94166666667   53.77837   280.38209    4096                -9.007
       1314 10.95000000000   53.98335   280.47058    4096                -8.790
       1315 10.95833333333   54.18848   280.55861    4096                -8.654
       1316 10.96666666667   54.39378   280.64616    4096                -8.291
       1317 10.97500000000   54.59923   280.73324    4096                -8.046
       1318 10.98333333333   54.80485   280.81983    4096                -8.064
       1319 10.99166666667   55.01062   280.90592    4096                -8.207
       1320 11.00000000000   55.21656   280.99151    4096                -8.453
       1321 11.00833333333   55.42265   281.07657    4096                -8.648
       1322 11.01666666667   55.62891   281.16112    4096                -8.827
       1323 11.02500000000   55.83532   281.24512    4096                -8.680
       1324 11.03333333333   56.04190   281.32858    4096                -8.791
       1325 11.04166666667   56.24863   281.41149    4096                -8.844
       1326 11.05000000000   56.45552   281.49383    4096                -8.921
       1327 11.05833333333   56.66258   281.57559    4096                -8.802
       1328 11.06666666667   56.86979   281.65676    4096                -8.920
       1329 11.07500000000   57.07716   281.73733    4096                -8.787
       1330 11.08333333333   57.28468   281.81729    4096                -8.827
       1331 11.09166666667   57.49237   281.89662    4096                -8.988
       1332 11.10000000000   57.70021   281.97532    4096                -9.043
       1333 11.10833333333   57.90821   282.05337    4096                -9.091
       1334 11.11666666667   58.11637   282.13075    4096                -9.008
       1335 11.12500000000   58.32468   282.20746    4096                -9.181
       1336 11.13333333333   58.53315   282.28349    4096                -9.322
       1337 11.14166666667   58.74178   282.35881    4096                -9.441
       1338 11.15000000000   58.95056   282.43341    4096                -9.262
       1339 11.15833333333   59.15950   282.50728    4096                -9.173
       1340 11.16666666667   59.36859   282.58040    4096                -9.107
       1341 11.17500000000   59.57784   282.65276    4096                -9.224
       1342 11.18333333333   59.78724   282.72434    4096                -9.366
       1343 11.19166666667   59.99680   282.79512    4096                -9.006
       1344 11.20000000000   60.20651   282.86509    4096                -9.230
       1345 11.20833333333   60.41637   282.93423    4096                -9.128
       1346 11.21666666667   60.62638   283.00253    4096                -9.277
       1347 11.22500000000   60.83654   283.06995    4096                -9.769
       1348 11.23333333333   61.04686   283.13649    4096                -9.848
       1349 11.24166666667   61.25732   283.20213    4096                -9.774
       1350 11.25000000000   61.46794   283.26684    4096                -9.646
       1351 11.25833333333   61.67870   283.33060    4096                -9.508
       1352 11.26666666667   61.88961   283.39340    4096                -9.628
       1353 11.27500000000   62.10067   283.45521    4096                -9.623
       1354 11.28333333333   62.31187   283.51600    4096                -9.433
       1355 11.29166666667   62.52323   283.57576    4096                -9.386
       1356 11.30000000000   62.73472   283.63446    4096                -9.041
       1357 11.30833333333   62.94636   283.69208    4096                -8.960
       1358 11.31666666667   63.15815   283.74858    4096                -8.890
       1359 11.32500000000   63.37007   283.80395    4096                -8.987
       1360 11.33333333333   63.58214   283.85815    4096                -9.071
       1361 11.34166666667   63.79435   283.91116    4096                -8.909
       1362 11.35000000000   64.00670   283.96295    4096                -9.140
       1363 11.35833333333   64.21918   284.01348    4096                -9.192
       1364 11.36666666667   64.43181   284.06274    4096                -8.891
       1365 11.37500000000   64.64457   284.11067    4096                -8.833
       1366 11.38333333333   64.85746   284.15726    4096                -8.940
       1367 11.39166666667   65.07049   284.20246    4096                -9.152
       1368 11.40000000000   65.28365   284.24625    4096                -9.169
       1369 11.40833333333   65.49694   284.28858    4096                -9.223
       1370 11.41666666667   65.71036   284.32941    4096                -9.276
       1371 11.42500000000   65.92391   284.36871    4096                -9.276
       1372 11.43333333333   66.13758   284.40643    4096                -9.272
       1373 11.44166666667   66.35138   284.44254    4096                -9.301
       1374 11.45000000000   66.56531   284.47698    4096                -9.250
       1375 11.45833333333   66.77935   284.50971    4096                -9.432
       1376 11.46666666667   66.99352   284.54069    4096                -9.334
       1377 11.47500000000   67.20780   284.56987    4096                -9.252
       1378 11.48333333333   67.42220   284.59718    4096                -9.251
       1379 11.49166666667   67.63672   284.62259    4096                -8.800
       1380 11.50000000000   67.85134   284.64603    4096                -8.783
       1381 11.50833333333   68.06608   284.66745    4096                -8.832
       1382 11.51666666667   68.28093   284.68679    4096                -8.967
       1383 11.52500000000   68.49588   284.70398    4096                -8.677
       1384 11.53333333333   68.71093   284.71897    4096                -8.481
       1385 11.54166666667   68.92608   284.73168    4096                -8.357
       1386 11.55000000000   69.14134   284.74204    4096                -8.555
       1387 11.55833333333   69.35668   284.74998    4096                -8.540
       1388 11.56666666667   69.57212   284.75542    4096                -8.422
       1389 11.57500000000   69.78765   284.75829    4096                -8.480
       1390 11.58333333333   70.00327   284.75851    4096                -8.737
       1391 11.59166666667   70.21897   284.75597    4096                -8.515
       1392 11.60000000000   70.43475   284.75060    4096                -8.668
       1393 11.60833333333   70.65061   284.74231    4096                -8.461
       1394 11.61666666667   70.86654   284.73098    4096                -8.774
       1395 11.62500000000   71.08253   284.71652    4096                -8.903
       1396 11.63333333333   71.29860   284.69882    4096                -8.755
       1397 11.64166666667   71.51472   284.67778    4096                -8.868
       1398 11.65000000000   71.73090   284.65326    4096                -8.892
       1399 11.65833333333   71.94714   284.62514    4096                -8.852
       1400 11.66666666667   72.16342   284.59330    4096                -8.937
       1401 11.67500000000   72.37974   284.55760    4096                -8.815
       1402 11.68333333333   72.59610   284.51790    4096                -8.987
       1403 11.69166666667   72.81249   284.47405    4096                -9.123
       1404 11.70000000000   73.02891   284.42588    4096                -9.254
       1405 11.70833333333   73.24535   284.37324    4096                -9.265
       1406 11.71666666667   73.46180   284.31594    4096                -9.261
       1407 11.72500000000   73.67825   284.25381    4096                -9.195
       1408 11.73333333333   73.89471   284.18665    4096                -9.085
       1409 11.74166666667   74.11116   284.11427    4096                -8.781
       1410 11.75000000000   74.32759   284.03643    4096                -8.887
       1411 11.75833333333   74.54400   283.95293    4096                -9.111
       1412 11.76666666667   74.76037   283.86351    4096                -9.171
       1413 11.77500000000   74.97671   283.76793    4096                -9.370
       1414 11.78333333333   75.19299   283.66592    4096                -9.618
       1415 11.79166666667   75.40921   283.55720    4096                -9.718
       1416 11.80000000000   75.62536   283.44146    4096                -9.757
       1417 11.80833333333   75.84142   283.31840    4096                -9.814
       1418 11.81666666667   76.05739   283.18768    4096                -9.837
       1419 11.82500000000   76.27325   283.04893    4096                -9.852
       1420 11.83333333333   76.48898   282.90179    4096                -9.909
       1421 11.84166666667   76.70458   282.74585    4096                -9.981
       1422 11.85000000000   76.92002   282.58068    4096               -10.007
       1423 11.85833333333   77.13529   282.40583    4096               -10.104
       1424 11.86666666667   77.35038   282.22082    4096               -10.180
       1425 11.87500000000   77.56526   282.02513    4096               -10.199
       1426 11.88333333333   77.77991   281.81821    4096               -10.215
       1427 11.89166666667   77.99431   281.59947    4096               -10.180
       1428 11.90000000000   78.20844   281.36828    4096               -10.261
       1429 11.90833333333   78.42227   281.12398    4096               -10.349
       1430 11.91666666667   78.63578   280.86584    4096               -10.398
       1431 11.92500000000   78.84894   280.59309    4096               -10.322
       1432 11.93333333333   79.06172   280.30490    4096               -10.231
       1433 11.94166666667   79.27408   280.00040    4096               -10.166
       1434 11.95000000000   79.48599   279.67862    4096               -10.202
       1435 11.95833333333   79.69741   279.33855    4096               -10.052
       1436 11.96666666667   79.90829   278.97907    4096               -10.124
       1437 11.97500000000   80.11860   278.59900    4096               -10.181
       1438 11.98333333333   80.32829   278.19707    4096               -10.166
       1439 11.99166666667   80.53729   277.77188    4096               -10.232
       1440 12.00000000000   80.74628   277.31542    4096               -10.246
       1441 12.00833333333   80.95303   276.84566    4096               -10.153
       1442 12.01666666667   81.15964   276.34127    4096               -10.123
       1443 12.02500000000   81.36530   275.80689    4096               -10.061
       1444 12.03333333333   81.56993   275.24048    4096               -10.013
       1445 12.04166666667   81.77346   274.63982    4096               -10.088
       1446 12.05000000000   81.97577   274.00252    4096               -10.123
       1447 12.05833333333   82.17676   273.32596    4096               -10.117
       1448 12.06666666667   82.37632   272.60733    4096               -10.173
       1449 12.07500000000   82.57432   271.84357    4096               -10.195
       1450 12.08333333333   82.77060   271.03136    4096               -10.211
       1451 12.09166666667   82.96502   270.16712    4096               -10.252
       1452 12.10000000000   83.15739   269.24697    4096               -10.289
       1453 12.10833333333   83.34754   268.26670    4096               -10.270
       1454 12.11666666667   83.53523   267.22181    4096               -10.289
       1455 12.12500000000   83.72025   266.10742    4096               -10.209
       1456 12.13333333333   83.90233   264.91835    4096               -10.258
       1457 12.14166666667   84.08118   263.64903    4096               -10.194
       1458 12.15000000000   84.25648   262.29359    4096               -10.101
       1459 12.15833333333   84.42788   260.84586    4096               -10.083
       1460 12.16666666667   84.59499   259.29939    4096               -10.166
       1461 12.17500000000   84.75738   257.64759    4096                -9.990
       1462 12.18333333333   84.91458   255.88377    4096               -10.019
       1463 12.19166666667   85.06608   254.00134    4096               -10.030
       1464 12.20000000000   85.21131   251.99401    4096               -10.040
       1465 12.20833333333   85.34967   249.85604    4096               -10.098
       1466 12.21666666667   85.48051   247.58257    4096               -10.218
       1467 12.22500000000   85.60313   245.17001    4096               -10.218
       1468 12.23333333333   85.71680   242.61650    4096               -10.246
       1469 12.24166666667   85.82078   239.92239    4096               -10.289
       1470 12.25000000000   85.91430   237.09076    4096               -10.265
       1471 12.25833333333   85.99660   234.12788    4096               -10.166
       1472 12.26666666667   86.06697   231.04359    4096               -10.105
       1473 12.27500000000   86.12472   227.85150    4096               -10.192
       1474 12.28333333333   86.16926   224.56900    4096               -10.185
       1475 12.29166666667   86.20011   221.21693    4096               -10.190
       1476 12.30000000000   86.21690   217.81902    4096               -10.157
       1477 12.30833333333   86.21943   214.40094    4096               -10.118
       1478 12.31666666667   86.20765   210.98929    4096               -10.085
       1479 12.32500000000   86.18167   207.61035    4096               -10.109
       1480 12.33333333333   86.14175   204.28897    4096               -10.145
       1481 12.34166666667   86.08830   201.04755    4096               -10.186
       1482 12.35000000000   86.02184   197.90529    4096               -10.160
       1483 12.35833333333   85.94300   194.87774    4096               -10.274
       1484 12.36666666667   85.85245   191.97664    4096               -10.287
       1485 12.37500000000   85.75094   189.21005    4096               -10.236
       1486 12.38333333333   85.63920   186.58260    4096               -10.270
       1487 12.39166666667   85.51799   184.09596    4096               -10.317
       1488 12.40000000000   85.38803   181.74936    4096               -10.320
       1489 12.40833333333   85.25003   179.54000    4096               -10.311
       1490 12.41666666667   85.10466   177.46363    4096               -10.323
       1491 12.42500000000   84.95253   175.51491    4096               -10.337
       1492 12.43333333333   84.79422   173.68779    4096               -10.309
       1493 12.44166666667   84.63027   171.97579    4096               -10.299
       1494 12.45000000000   84.46116   170.37228    4096               -10.296
       1495 12.45833333333   84.28735   168.87057    4096               -10.285
       1496 12.46666666667   84.10923   167.46415    4096               -10.240
       1497 12.47500000000   83.92717   166.14670    4096               -10.298
       1498 12.48333333333   83.74151   164.91217    4096               -10.351
       1499 12.49166666667   83.55255   163.75486    4096               -10.332
       1500 12.50000000000   83.36056   162.66937    4096               -10.316
       1501 12.50833333333   83.16578   161.65069    4096               -10.295
       1502 12.51666666667   82.96844   160.69411    4096               -10.296
       1503 12.52500000000   82.76874   159.79528    4096               -10.276
       1504 12.53333333333   82.56686   158.95017    4096               -10.278
       1505 12.54166666667   82.36296   158.15503    4096               -10.295
       1506 12.55000000000   82.15720   157.40641    4096               -10.318
       1507 12.55833333333   81.94971   156.70113    4096               -10.332
       1508 12.56666666667   81.74062   156.03625    4096               -10.319
       1509 12.57500000000   81.53003   155.40905    4096               -10.327
       1510 12.58333333333   81.31805   154.81704    4096               -10.306
       1511 12.59166666667   81.10478   154.25790    4096               -10.308
       1512 12.60000000000   80.89029   153.72952    4096               -10.304
       1513 12.60833333333   80.67467   153.22992    4096               -10.263
       1514 12.61666666667   80.45798   152.75729    4096               -10.271
       1515 12.62500000000   80.24030   152.30994    4096               -10.262
       1516 12.63333333333   80.02168   151.88634    4096               -10.233
       1517 12.64166666667   79.80218   151.48503    4096               -10.219
       1518 12.65000000000   79.58185   151.10470    4096               -10.241
       1519 12.65833333333   79.36074   150.74410    4096               -10.250
       1520 12.66666666667   79.13889   150.40209    4096               -10.257
       1521 12.67500000000   78.91634   150.07761    4096               -10.237
       1522 12.68333333333   78.69313   149.76967    4096               -10.214
       1523 12.69166666667   78.46929   149.47734    4096               -10.195
       1524 12.70000000000   78.24485   149.19978    4096               -10.170
       1525 12.70833333333   78.01986   148.93618    4096               -10.120
       1526 12.71666666667   77.79432   148.68581    4096               -10.146
       1527 12.72500000000   77.56828   148.44795    4096               -10.167
       1528 12.73333333333   77.34175   148.22197    4096               -10.182
       1529 12.74166666667   77.11476   148.00726    4096               -10.182
       1530 12.75000000000   76.88733   147.80325    4096               -10.156
       1531 12.75833333333   76.65948   147.60940    4096               -10.125
       1532 12.76666666667   76.43122   147.42522    4096               -10.100
       1533 12.77500000000   76.20258   147.25023    4096               -10.080
       1534 12.78333333333   75.97357   147.08400    4096               -10.073
       1535 12.79166666667   75.74421   146.92611    4096               -10.070
       1536 12.80000000000   75.51452   146.77617    4096               -10.038
       1537 12.80833333333   75.28450   146.63381    4096               -10.033
       1538 12.81666666667   75.05416   146.49870    4096                -9.998
       1539 12.82500000000   74.82354   146.37050    4096                -9.995
       1540 12.83333333333   74.59262   146.24890    4096                -9.998
       1541 12.84166666667   74.36143   146.13362    4096                -9.985
       1542 12.85000000000   74.12998   146.02438    4096                -9.988
       1543 12.85833333333   73.89827   145.92092    4096                -9.972
       1544 12.86666666667   73.66632   145.82299    4096                -9.961
       1545 12.87500000000   73.43414   145.73037    4096                -9.904
       1546 12.88333333333   73.20173   145.64283    4096                -9.887
       1547 12.89166666667   72.96910   145.56016    4096                -9.869
       1548 12.90000000000   72.73626   145.48217    4096                -9.837
       1549 12.90833333333   72.50322   145.40867    4096                -9.818
       1550 12.91666666667   72.26998   145.33947    4096                -9.805
       1551 12.92500000000   72.03656   145.27441    4096                -9.634
       1552 12.93333333333   71.80295   145.21333    4096                -9.567
       1553 12.94166666667   71.56917   145.15607    4096                -9.562
       1554 12.95000000000   71.33523   145.10249    4096                -9.583
       1555 12.95833333333   71.10111   145.05245    4096                -9.592
       1556 12.96666666667   70.86685   145.00581    4096                -9.558
       1557 12.97500000000   70.63243   144.96244    4096                -9.639
       1558 12.98333333333   70.39786   144.92224    4096                -9.648
       1559 12.99166666667   70.16315   144.88507    4096                -9.629
       1560 13.00000000000   69.92831   144.85084    4096                -9.595
       1561 13.00833333333   69.69334   144.81943    4096                -9.582
       1562 13.01666666667   69.45824   144.79074    4096                -9.577
       1563 13.02500000000   69.22301   144.76468    4096                -9.575
       1564 13.03333333333   68.98767   144.74116    4096                -9.575
       1565 13.04166666667   68.75222   144.72008    4096                -9.550
       1566 13.05000000000   68.51665   144.70137    4096                -9.557
       1567 13.05833333333   68.28098   144.68494    4096                -9.542
       1568 13.06666666667   68.04520   144.67071    4096                -9.532
       1569 13.07500000000   67.80933   144.65861    4096                -9.505
       1570 13.08333333333   67.57336   144.64857    4096                -9.485
       1571 13.09166666667   67.33731   144.64052    4096                -9.492
       1572 13.10000000000   67.10116   144.63439    4096                -9.463
       1573 13.10833333333   66.86493   144.63012    4096                -9.415
       1574 13.11666666667   66.62861   144.62765    4096                -9.398
       1575 13.12500000000   66.39222   144.62692    4096                -9.374
       1576 13.13333333333   66.15575   144.62788    4096                -9.351
       1577 13.14166666667   65.91921   144.63046    4096                -9.327
       1578 13.15000000000   65.68261   144.63462    4096                -9.300
       1579 13.15833333333   65.44593   144.64031    4096                -9.260
       1580 13.16666666667   65.20919   144.64748    4096                -9.228
       1581 13.17500000000   64.97239   144.65608    4096                -9.178
       1582 13.18333333333   64.73553   144.66606    4096                -9.155
       1583 13.19166666667   64.49862   144.67740    4096                -9.148
       1584 13.20000000000   64.26165   144.69003    4096                -9.102
       1585 13.20833333333   64.02463   144.70393    4096                -9.061
       1586 13.21666666667   63.78756   144.71904    4096                -9.045
       1587 13.22500000000   63.55045   144.73535    4096                -9.031
       1588 13.23333333333   63.31329   144.75280    4096                -9.019
       1589 13.24166666667   63.07609   144.77137    4096                -8.979
       1590 13.25000000000   62.83886   144.79102    4096                -8.930
       1591 13.25833333333   62.60158   144.81172    4096                -8.878
       1592 13.26666666667   62.36427   144.83343    4096                -8.838
       1593 13.27500000000   62.12693   144.85613    4096                -8.805
       1594 13.28333333333   61.88956   144.87979    4096                -8.766
       1595 13.29166666667   61.65216   144.90437    4096                -8.752
       1596 13.30000000000   61.41474   144.92985    4096                -8.727
       1597 13.30833333333   61.17729   144.95620    4096                -8.691
       1598 13.31666666667   60.93982   144.98340    4096                -8.647
       1599 13.32500000000   60.70233   145.01143    4096                -8.623
       1600 13.33333333333   60.46482   145.04024    4096                -8.584
       1601 13.34166666667   60.22729   145.06984    4096                -8.544
       1602 13.35000000000   59.98975   145.10018    4096                -8.509
       1603 13.35833333333   59.75220   145.13125    4096                -8.467
       1604 13.36666666667   59.51464   145.16303    4096                -8.438
       1605 13.37500000000   59.27707   145.19549    4096                -8.407
       1606 13.38333333333   59.03949   145.22862    4096                -8.360
       1607 13.39166666667   58.80190   145.26239    4096                -8.324
       1608 13.40000000000   58.56432   145.29679    4096                -8.276
       1609 13.40833333333   58.32673   145.33180    4096                -8.242
       1610 13.41666666667   58.08914   145.36739    4096                -8.203
       1611 13.42500000000   57.85155   145.40356    4096                -8.182
       1612 13.43333333333   57.61397   145.44028    4096                -8.152
       1613 13.44166666667   57.37639   145.47754    4096                -8.103
       1614 13.45000000000   57.13882   145.51533    4096                -8.043
       1615 13.45833333333   56.90125   145.55362    4096                -7.994
       1616 13.46666666667   56.66370   145.59240    4096                -7.957
       1617 13.47500000000   56.42615   145.63165    4096                -7.924
       1618 13.48333333333   56.18862   145.67137    4096                -7.898
       1619 13.49166666667   55.95111   145.71154    4096                -7.883
       1620 13.50000000000   55.71361   145.75214    4096                -7.850
       1621 13.50833333333   55.47613   145.79315    4096                -7.801
       1622 13.51666666667   55.23866   145.83458    4096                -7.755
       1623 13.52500000000   55.00122   145.87640    4096                -7.711
       1624 13.53333333333   54.76380   145.91861    4096                -7.672
       1625 13.54166666667   54.52641   145.96118    4096                -7.629
       1626 13.55000000000   54.28903   146.00411    4096                -7.590
       1627 13.55833333333   54.05169   146.04739    4096                -7.546
       1628 13.56666666667   53.81437   146.09101    4096                -7.503
       1629 13.57500000000   53.57708   146.13495    4096                -7.453
       1630 13.58333333333   53.33983   146.17920    4096                -7.399
       1631 13.59166666667   53.10260   146.22376    4096                -7.374
       1632 13.60000000000   52.86541   146.26862    4096                -7.327
       1633 13.60833333333   52.62825   146.31375    4096                -7.285
       1634 13.61666666667   52.39113   146.35916    4096                -7.245
       1635 13.62500000000   52.15404   146.40484    4096                -7.211
       1636 13.63333333333   51.91700   146.45077    4096                -7.181
       1637 13.64166666667   51.67999   146.49695    4096                -7.145
       1638 13.65000000000   51.44303   146.54336    4096                -7.105
       1639 13.65833333333   51.20611   146.59001    4096                -7.040
       1640 13.66666666667   50.96923   146.63687    4096                -7.002
       1641 13.67500000000   50.73240   146.68395    4096                -6.955
       1642 13.68333333333   50.49561   146.73124    4096                -6.917
       1643 13.69166666667   50.25888   146.77871    4096                -6.875
       1644 13.70000000000   50.02219   146.82638    4096                -6.821
       1645 13.70833333333   49.78555   146.87423    4096                -6.767
       1646 13.71666666667   49.54896   146.92226    4096                -6.729
       1647 13.72500000000   49.31243   146.97045    4096                -6.675
       1648 13.73333333333   49.07595   147.01880    4096                -6.639
       1649 13.74166666667   48.83952   147.06730    4096                -6.598
       1650 13.75000000000   48.60315   147.11596    4096                -6.553
       1651 13.75833333333   48.36684   147.16475    4096                -6.508
       1652 13.76666666667   48.13059   147.21367    4096                -6.450
       1653 13.77500000000   47.89440   147.26272    4096                -6.399
       1654 13.78333333333   47.65826   147.31189    4096                -6.360
       1655 13.79166666667   47.42219   147.36117    4096                -6.316
       1656 13.80000000000   47.18619   147.41057    4096                -6.261
       1657 13.80833333333   46.95024   147.46006    4096                -6.204
       1658 13.81666666667   46.71437   147.50966    4096                -6.150
       1659 13.82500000000   46.47856   147.55934    4096                -6.076
       1660 13.83333333333   46.24281   147.60911    4096                -6.057
       1661 13.84166666667   46.00714   147.65896    4096                -5.897
       1662 13.85000000000   45.77154   147.70889    4096                -5.879
       1663 13.85833333333   45.53600   147.75888    4096                -5.887
       1664 13.86666666667   45.30054   147.80894    4096                -5.865
       1665 13.87500000000   45.06516   147.85906    4096                -5.820
       1666 13.88333333333   44.82984   147.90924    4096                -5.779
       1667 13.89166666667   44.59461   147.95946    4096                -5.738
       1668 13.90000000000   44.35944   148.00973    4096                -5.696
       1669 13.90833333333   44.12436   148.06004    4096                -5.637
       1670 13.91666666667   43.88935   148.11039    4096                -5.568
       1671 13.92500000000   43.65443   148.16076    4096                -5.506
       1672 13.93333333333   43.41958   148.21117    4096                -5.450
       1673 13.94166666667   43.18482   148.26159    4096                -5.395
       1674 13.95000000000   42.95014   148.31204    4096                -5.338
       1675 13.95833333333   42.71554   148.36249    4096                -5.264
       1676 13.96666666667   42.48103   148.41296    4096                -5.199
       1677 13.97500000000   42.24660   148.46343    4096                -5.124
       1678 13.98333333333   42.01226   148.51391    4096                -5.037
       1679 13.99166666667   41.77800   148.56438    4096                -4.990
       1680 14.00000000000   41.54293   148.61650    4096                -4.945
       1681 14.00833333333   41.30976   148.66531    4096                -4.873
       1682 14.01666666667   41.07578   148.71575    4096                -4.807
       1683 14.02500000000   40.84188   148.76618    4096                -4.734
       1684 14.03333333333   40.60808   148.81658    4096                -4.663
       1685 14.04166666667   40.37437   148.86696    4096                -4.607
       1686 14.05000000000   40.14076   148.91731    4096                -4.546
       1687 14.05833333333   39.90724   148.96764    4096                -4.477
       1688 14.06666666667   39.67381   149.01792    4096                -4.431
       1689 14.07500000000   39.44049   149.06817    4096                -4.360
       1690 14.08333333333   39.20726   149.11837    4096                -4.288
       1691 14.09166666667   38.97413   149.16853    4096                -4.224
       1692 14.10000000000   38.74110   149.21865    4096                -4.152
       1693 14.10833333333   38.50817   149.26871    4096                -4.065
       1694 14.11666666667   38.27534   149.31871    4096                -3.981
       1695 14.12500000000   38.04261   149.36866    4096                -3.906
       1696 14.13333333333   37.80999   149.41855    4096                -3.825
       1697 14.14166666667   37.57747   149.46837    4096                -3.740
       1698 14.15000000000   37.34506   149.51813    4096                -3.674
       1699 14.15833333333   37.11275   149.56781    4096                -3.585
       1700 14.16666666667   36.88055   149.61743    4096                -3.480
       1701 14.17500000000   36.64845   149.66697    4096                -3.339
       1702 14.18333333333   36.41647   149.71643    4096                -3.224
       1703 14.19166666667   36.18459   149.76581    4096                -3.152
       1704 14.20000000000   35.95282   149.81510    4096                -3.046
       1705 14.20833333333   35.72117   149.86431    4096                -2.929
       1706 14.21666666667   35.48962   149.91343    4096                -2.830
       1707 14.22500000000   35.25819   149.96246    4096                -2.713
       1708 14.23333333333   35.02687   150.01139    4096                -2.602
       1709 14.24166666667   34.79567   150.06023    4096                -2.488
       1710 14.25000000000   34.56458   150.10896    4096                -2.361
       1711 14.25833333333   34.33360   150.15760    4096                -2.244
       1712 14.26666666667   34.10275   150.20613    4096                -2.123
       1713 14.27500000000   33.87201   150.25455    4096                -2.019
       1714 14.28333333333   33.64138   150.30286    4096                -1.884
       1715 14.29166666667   33.41088   150.35106    4096                -1.764
       1716 14.30000000000   33.18050   150.39914    4096                -1.654
       1717 14.30833333333   32.95023   150.44711    4096                -1.524
       1718 14.31666666667   32.72009   150.49496    4096                -1.382
       1719 14.32500000000   32.49007   150.54269    4096                -1.274
       1720 14.33333333333   32.26017   150.59029    4096                -1.159
       1721 14.34166666667   32.03040   150.63777    4096                -1.018
       1722 14.35000000000   31.80075   150.68512    4096                -0.876
       1723 14.35833333333   31.57122   150.73233    4096                -0.728
       1724 14.36666666667   31.34182   150.77942    4096                -0.585
       1725 14.37500000000   31.11255   150.82637    4096                -0.455
       1726 14.38333333333   30.88340   150.87318    4096                -0.307
       1727 14.39166666667   30.65439   150.91985    4096                -0.155
       1728 14.40000000000   30.42550   150.96639    4096                 0.006
       1729 14.40833333333   30.19674   151.01277    4096                 0.166
       1730 14.41666666667   29.96811   151.05901    4096                 0.293
       1731 14.42500000000   29.73961   151.10511    4096                 0.422
       1732 14.43333333333   29.51124   151.15105    4096                 0.561
       1733 14.44166666667   29.28300   151.19684    4096                 0.691
       1734 14.45000000000   29.05490   151.24248    4096                 0.842
       1735 14.45833333333   28.82693   151.28796    4096                 0.989
       1736 14.46666666667   28.59909   151.33329    4096                 1.147
       1737 14.47500000000   28.37139   151.37845    4096                 1.320
       1738 14.48333333333   28.14383   151.42345    4096                 1.455
       1739 14.49166666667   27.91640   151.46829    4096                 1.623
       1740 14.50000000000   27.68911   151.51296    4096                 1.783
       1741 14.50833333333   27.46195   151.55746    4096                 1.927
       1742 14.51666666667   27.23494   151.60180    4096                 2.066
       1743 14.52500000000   27.00806   151.64596    4096                 2.237
       1744 14.53333333333   26.78133   151.68995    4096                 2.370
       1745 14.54166666667   26.55473   151.73376    4096                 2.536
       1746 14.55000000000   26.32827   151.77740    4096                 2.700
       1747 14.55833333333   26.10196   151.82086    4096                 2.871
       1748 14.56666666667   25.87579   151.86413    4096                 3.027
       1749 14.57500000000   25.64976   151.90722    4096                 3.202
       1750 14.58333333333   25.42387   151.95013    4096                 3.376
       1751 14.59166666667   25.19813   151.99285    4096                 3.550
       1752 14.60000000000   24.97253   152.03539    4096                 3.712
       1753 14.60833333333   24.74708   152.07773    4096                 3.877
       1754 14.61666666667   24.52178   152.11988    4096                 4.071
       1755 14.62500000000   24.29662   152.16184    4096                 4.258
       1756 14.63333333333   24.07161   152.20360    4096                 4.438
       1757 14.64166666667   23.84675   152.24517    4096                 4.597
       1758 14.65000000000   23.62203   152.28654    4096                 4.774
       1759 14.65833333333   23.39747   152.32770    4096                 4.950
       1760 14.66666666667   23.17305   152.36867    4096                 5.137
       1761 14.67500000000   22.94879   152.40943    4096                 5.284
       1762 14.68333333333   22.72467   152.44998    4096                 5.488
       1763 14.69166666667   22.50071   152.49033    4096                 5.660
       1764 14.70000000000   22.27690   152.53046    4096                 5.835
       1765 14.70833333333   22.05325   152.57039    4096                 6.085
       1766 14.71666666667   21.82974   152.61010    4096                 6.259
       1767 14.72500000000   21.60639   152.64960    4096                 6.469
       1768 14.73333333333   21.38320   152.68889    4096                 6.662
       1769 14.74166666667   21.16016   152.72795    4096                 6.831
       1770 14.75000000000   20.93728   152.76680    4096                 7.052
       1771 14.75833333333   20.71455   152.80542    4096                 7.282
       1772 14.76666666667   20.49198   152.84383    4096                 7.498
       1773 14.77500000000   20.26957   152.88201    4096                 7.705
       1774 14.78333333333   20.04732   152.91996    4096                 7.948
       1775 14.79166666667   19.82522   152.95768    4096                 8.184
       1776 14.80000000000   19.60329   152.99518    4096                 8.449
       1777 14.80833333333   19.38151   153.03244    4096                 8.699
       1778 14.81666666667   19.15990   153.06948    4096                 8.926
       1779 14.82500000000   18.93845   153.10628    4096                 9.169
       1780 14.83333333333   18.71716   153.14284    4096                 9.402
       1781 14.84166666667   18.49603   153.17916    4096                 9.680
       1782 14.85000000000   18.27506   153.21525    4096                 9.922
       1783 14.85833333333   18.05426   153.25110    4096                10.186
       1784 14.86666666667   17.83362   153.28670    4096                10.451
       1785 14.87500000000   17.61315   153.32206    4096                10.723
       1786 14.88333333333   17.39284   153.35718    4096                10.986
       1787 14.89166666667   17.17270   153.39204    4096                11.283
       1788 14.90000000000   16.95273   153.42666    4096                11.609
       1789 14.90833333333   16.73292   153.46103    4096                11.921
       1790 14.91666666667   16.51328   153.49515    4096                12.234
       1791 14.92500000000   16.29380   153.52901    4096                12.535
       1792 14.93333333333   16.07450   153.56262    4096                12.815
       1793 14.94166666667   15.85536   153.59597    4096                13.098
       1794 14.95000000000   15.63640   153.62907    4096                13.391
       1795 14.95833333333   15.41761   153.66190    4096                13.740
       1796 14.96666666667   15.19898   153.69448    4096                14.104
       1797 14.97500000000   14.98053   153.72679    4096                14.382
       1798 14.98333333333   14.76225   153.75883    4096                14.668
       1799 14.99166666667   14.54414   153.79061    4096                14.994
       1800 15.00000000000   14.32621   153.82212    4096                15.283
       1801 15.00833333333   14.10845   153.85336    4096                15.584
       1802 15.01666666667   13.89087   153.88433    4096                15.943
       1803 15.02500000000   13.67345   153.91503    4096                16.253
       1804 15.03333333333   13.45622   153.94546    4096                16.608
       1805 15.04166666667   13.23916   153.97561    4096                16.967
       1806 15.05000000000   13.02228   154.00548    4096                17.262
       1807 15.05833333333   12.80557   154.03507    4096                17.529
       1808 15.06666666667   12.58905   154.06438    4096                17.810
       1809 15.07500000000   12.37270   154.09341    4096                18.114
       1810 15.08333333333   12.15653   154.12216    4096                18.432
       1811 15.09166666667   11.94054   154.15062    4096                18.704
       1812 15.10000000000   11.72473   154.17879    4096                19.088
       1813 15.10833333333   11.50910   154.20668    4096                19.502
       1814 15.11666666667   11.29365   154.23427    4096                19.876
       1815 15.12500000000   11.07838   154.26158    4096                20.244
       1816 15.13333333333   10.86330   154.28859    4096                20.693
       1817 15.14166666667   10.64840   154.31530    4096                21.184
       1818 15.15000000000   10.43368   154.34172    4096                21.695
       1819 15.15833333333   10.21915   154.36784    4096                22.213
       1820 15.16666666667   10.00480   154.39366    4096                22.733
       1821 15.17500000000    9.79064   154.41918    4096                23.268
       1822 15.18333333333    9.57666   154.44439    4096                23.800
       1823 15.19166666667    9.36287   154.46930    4096                24.433
       1824 15.20000000000    9.14926   154.49391    4096                25.080
       1825 15.20833333333    8.93585   154.51820    4096                25.703
       1826 15.21666666667    8.72262   154.54219    4096                26.304
       1827 15.22500000000    8.50958   154.56587    4096                26.735
       1828 15.23333333333    8.29673   154.58923    4096                26.894
       1829 15.24166666667    8.08407   154.61228    4096                27.368
       1830 15.25000000000    7.87160   154.63501    4096                28.003
       1831 15.25833333333    7.65932   154.65742    4096                28.634
       1832 15.26666666667    7.44723   154.67952    4096                29.284
       1833 15.27500000000    7.23534   154.70129    4096                29.868
       1834 15.28333333333    7.02363   154.72274    4096                30.360
       1835 15.29166666667    6.81212   154.74386    4096                30.879
       1836 15.30000000000    6.60081   154.76466    4096                31.358
       1837 15.30833333333    6.38969   154.78513    4096                31.937
       1839 15.32500000000    5.96804   154.82509    4096                 5.706
       1840 15.33333333333    5.75750   154.84456    4096                 6.140
       1841 15.34166666667    5.54717   154.86371    4096                 6.533
