# Created on 2018-12-12 16:17:56 
# Sources: d:\gpsother\tec-suite\in\2015\abcd0770.15d.Z, d:\gpsother\tec-suite\in\2015\brdc0770.15n.Z
# Satellite: G29
# Interval: 30.0
# Sampling interval: 0.0 (not used).
# Site: abcd
# Position (L, B, H): 253.601641965, 52.1962622634, 578.574894483
# Position (X, Y, Z): -1106129.71, -3758704.03, 5016675.77
# datetime format: %Y-%m-%dT%H:%M:%S
# Columns: tsn, hour, el, az, validity, tec.l1l2
# (I11,1X,F14.11,1X,F10.5,1X,F11.5,1X,I7,1X,F21.3)
        789  6.57500000000    5.18420   272.41157       0                -3.323
        790  6.58333333333    5.36208   272.52666       0                -3.243
        791  6.59166666667    5.54009   272.64171       0                -3.215
        792  6.60000000000    5.71825   272.75673       0                -3.038
        793  6.60833333333    5.89655   272.87170       0                -2.954
        794  6.61666666667    6.07499   272.98664       0                -2.745
        795  6.62500000000    6.25358   273.10153       0                -2.608
        796  6.63333333333    6.43231   273.21638       0                -2.322
        797  6.64166666667    6.61118   273.33118       0                -2.003
        798  6.65000000000    6.79020   273.44594       0                -1.909
        799  6.65833333333    6.96936   273.56065       0                -1.851
        800  6.66666666667    7.14867   273.67531       0                -1.883
        801  6.67500000000    7.32813   273.78992       0                -1.980
        802  6.68333333333    7.50773   273.90448       0                -1.944
        803  6.69166666667    7.68748   274.01898       0                -1.976
        804  6.70000000000    7.86739   274.13343       0                -1.990
        805  6.70833333333    8.04744   274.24783       0                -2.120
        806  6.71666666667    8.22764   274.36217       0                -2.368
        807  6.72500000000    8.40799   274.47645       0                -2.393
        808  6.73333333333    8.58849   274.59066       0                -2.453
        809  6.74166666667    8.76914   274.70482       0                -2.571
        810  6.75000000000    8.94995   274.81891       0                -2.657
        811  6.75833333333    9.13091   274.93294       0                -2.675
        812  6.76666666667    9.31202   275.04691       0                -2.727
        813  6.77500000000    9.49329   275.16080       0                -2.715
        814  6.78333333333    9.67471   275.27463       0                -2.733
        815  6.79166666667    9.85629   275.38839       0                -2.777
        816  6.80000000000   10.03802   275.50207       0                -2.772
        817  6.80833333333   10.21991   275.61568       0                -2.816
        818  6.81666666667   10.40195   275.72922       0                -2.842
        819  6.82500000000   10.58416   275.84268       0                -2.856
        820  6.83333333333   10.76652   275.95607       0                -2.836
        821  6.84166666667   10.94904   276.06937       0                -2.810
        822  6.85000000000   11.13173   276.18260       0                -2.831
        823  6.85833333333   11.31457   276.29574       0                -2.867
        824  6.86666666667   11.49757   276.40880       0                -2.861
        825  6.87500000000   11.68073   276.52177       0                -2.888
        826  6.88333333333   11.86406   276.63466       0                -2.854
        827  6.89166666667   12.04755   276.74746       0                -2.904
        828  6.90000000000   12.23120   276.86017       0                -2.934
        829  6.90833333333   12.41502   276.97279       0                -2.917
        830  6.91666666667   12.59900   277.08531       0                -2.911
        831  6.92500000000   12.78315   277.19775       0                -2.891
        832  6.93333333333   12.96746   277.31008       0                -2.975
        833  6.94166666667   13.15193   277.42232       0                -2.920
        834  6.95000000000   13.33658   277.53446       0                -2.918
        835  6.95833333333   13.52139   277.64650       0                -3.061
        836  6.96666666667   13.70637   277.75844       0                -3.048
        837  6.97500000000   13.89152   277.87027       0                -3.206
        838  6.98333333333   14.07684   277.98200       0                -3.183
        839  6.99166666667   14.26233   278.09362       0                -3.244
        840  7.00000000000   14.44798   278.20513       0                -3.382
        841  7.00833333333   14.63381   278.31653       0                -3.431
        842  7.01666666667   14.81981   278.42782       0                -3.489
        843  7.02500000000   15.00599   278.53900       0                -3.430
        844  7.03333333333   15.19233   278.65006       0                -3.412
        845  7.04166666667   15.37885   278.76100       0                -3.426
        846  7.05000000000   15.56555   278.87183       0                -3.474
        847  7.05833333333   15.75241   278.98253       0                -3.449
        848  7.06666666667   15.93946   279.09312       0                -3.550
        849  7.07500000000   16.12667   279.20357       0                -3.618
        850  7.08333333333   16.31407   279.31391       0                -3.702
        851  7.09166666667   16.50164   279.42411       0                -3.737
        852  7.10000000000   16.68939   279.53419       0                -3.801
        853  7.10833333333   16.87732   279.64414       0                -3.839
        854  7.11666666667   17.06542   279.75395       0                -3.904
        855  7.12500000000   17.25371   279.86363       0                -3.949
        856  7.13333333333   17.44217   279.97318       0                -4.004
        857  7.14166666667   17.63082   280.08258       0                -4.102
        858  7.15000000000   17.81964   280.19185       0                -4.184
        859  7.15833333333   18.00865   280.30097       0                -4.244
        860  7.16666666667   18.19784   280.40995       0                -4.366
        861  7.17500000000   18.38721   280.51879       0                -4.395
        862  7.18333333333   18.57676   280.62748       0                -4.414
        863  7.19166666667   18.76650   280.73602       0                -4.358
        864  7.20000000000   18.95642   280.84441       0                -4.308
        865  7.20833333333   19.14653   280.95264       0                -4.294
        866  7.21666666667   19.33682   281.06072       0                -4.296
        867  7.22500000000   19.52730   281.16864       0                -4.281
        868  7.23333333333   19.71796   281.27641       0                -4.298
        869  7.24166666667   19.90881   281.38401       0                -4.331
        870  7.25000000000   20.09985   281.49146       0                -4.352
        871  7.25833333333   20.29108   281.59873       0                -4.317
        872  7.26666666667   20.48249   281.70584       0                -4.364
        873  7.27500000000   20.67409   281.81278       0                -4.357
        874  7.28333333333   20.86589   281.91955       0                -4.283
        875  7.29166666667   21.05787   282.02615       0                -4.216
        876  7.30000000000   21.25004   282.13257       0                -4.116
        877  7.30833333333   21.44241   282.23882       0                -3.982
        878  7.31666666667   21.63496   282.34489       0                -3.962
        879  7.32500000000   21.82771   282.45077       0                -3.945
        880  7.33333333333   22.02065   282.55647       0                -3.995
        881  7.34166666667   22.21378   282.66199       0                -4.032
        882  7.35000000000   22.40711   282.76731       0                -4.083
        883  7.35833333333   22.60063   282.87245       0                -4.091
        884  7.36666666667   22.79435   282.97740       0                -4.127
        885  7.37500000000   22.98826   283.08215       0                -4.198
        886  7.38333333333   23.18236   283.18670       0                -4.219
        887  7.39166666667   23.37666   283.29105       0                -4.270
        888  7.40000000000   23.57116   283.39521       0                -4.348
        889  7.40833333333   23.76586   283.49916       0                -4.385
        890  7.41666666667   23.96075   283.60290       0                -4.424
        891  7.42500000000   24.15584   283.70643       0                -4.388
        892  7.43333333333   24.35113   283.80976       0                -4.340
        893  7.44166666667   24.54662   283.91286       0                -4.318
        894  7.45000000000   24.74230   284.01576       0                -4.266
        895  7.45833333333   24.93819   284.11843       0                -4.216
        896  7.46666666667   25.13427   284.22089       0                -4.095
        897  7.47500000000   25.33056   284.32312       0                -3.960
        898  7.48333333333   25.52705   284.42512       0                -3.904
        899  7.49166666667   25.72374   284.52690       0                -3.889
        900  7.50000000000   25.92063   284.62845       0                -3.904
        901  7.50833333333   26.11772   284.72976       0                -3.887
        902  7.51666666667   26.31501   284.83083       0                -3.905
        903  7.52500000000   26.51251   284.93167       0                -3.910
        904  7.53333333333   26.71021   285.03226       0                -3.793
        905  7.54166666667   26.90812   285.13261       0                -3.749
        906  7.55000000000   27.10623   285.23272       0                -3.585
        907  7.55833333333   27.30454   285.33257       0                -3.513
        908  7.56666666667   27.50306   285.43217       0                -3.487
        909  7.57500000000   27.70179   285.53151       0                -3.278
        910  7.58333333333   27.90072   285.63060       0                -3.203
        911  7.59166666667   28.09985   285.72942       0                -3.065
        912  7.60000000000   28.29920   285.82798       0                -2.983
        913  7.60833333333   28.49874   285.92627       0                -2.900
        914  7.61666666667   28.69850   286.02429       0                -2.749
        915  7.62500000000   28.89847   286.12204       0                -2.254
        916  7.63333333333   29.09864   286.21951       0                -1.968
        917  7.64166666667   29.29902   286.31670       0                -1.880
        918  7.65000000000   29.49960   286.41360       0                -1.789
        919  7.65833333333   29.70040   286.51023       0                -1.750
        920  7.66666666667   29.90141   286.60656       0                -1.613
        921  7.67500000000   30.10262   286.70260       0                -1.883
        922  7.68333333333   30.30405   286.79834       0                -2.476
        923  7.69166666667   30.50568   286.89378       0                -1.739
        924  7.70000000000   30.70753   286.98892       0                -1.304
        925  7.70833333333   30.90958   287.08376       0                -1.637
        926  7.71666666667   31.11185   287.17828       0                -1.708
        927  7.72500000000   31.31433   287.27249       0                -0.927
        928  7.73333333333   31.51702   287.36639       0                -1.226
        929  7.74166666667   31.71992   287.45996       0                -1.118
        930  7.75000000000   31.92303   287.55321       0                -1.660
        931  7.75833333333   32.12635   287.64613       0                -2.078
        932  7.76666666667   32.32989   287.73872       0                -2.273
        933  7.77500000000   32.53364   287.83097       0                -2.333
        934  7.78333333333   32.73760   287.92289       0                -2.722
        935  7.79166666667   32.94177   288.01446       0                -3.013
        936  7.80000000000   33.14616   288.10569       0                -3.015
        937  7.80833333333   33.35076   288.19656       0                -2.676
        938  7.81666666667   33.55557   288.28708       0                -3.020
        939  7.82500000000   33.76059   288.37724       0                -2.820
        940  7.83333333333   33.96583   288.46703       0                -3.036
        941  7.84166666667   34.17129   288.55646       0                -3.078
        942  7.85000000000   34.37696   288.64551       0                -2.797
        943  7.85833333333   34.58284   288.73419       0                -2.986
        944  7.86666666667   34.78893   288.82249       0                -3.117
        945  7.87500000000   34.99524   288.91040       0                -3.209
        946  7.88333333333   35.20176   288.99792       0                -3.434
        947  7.89166666667   35.40850   289.08505       0                -3.472
        948  7.90000000000   35.61546   289.17177       0                -3.552
        949  7.90833333333   35.82262   289.25810       0                -3.629
        950  7.91666666667   36.03000   289.34401       0                -3.628
        951  7.92500000000   36.23760   289.42951       0                -3.816
        952  7.93333333333   36.44541   289.51459       0                -3.762
        953  7.94166666667   36.65343   289.59925       0                -3.719
        954  7.95000000000   36.86167   289.68348       0                -3.564
        955  7.95833333333   37.07013   289.76727       0                -3.470
        956  7.96666666667   37.27880   289.85063       0                -3.642
        957  7.97500000000   37.48768   289.93354       0                -3.743
        958  7.98333333333   37.69678   290.01600       0                -3.590
        959  7.99166666667   37.90609   290.09800       0                -3.549
        960  8.00000000000   38.11624   290.17989       0                -3.934
        961  8.00833333333   38.32535   290.26062       0                -4.281
        962  8.01666666667   38.53531   290.34122       0                -4.227
        963  8.02500000000   38.74548   290.42134       0                -4.212
        964  8.03333333333   38.95586   290.50098       0                -4.238
        965  8.04166666667   39.16645   290.58013       0                -4.075
        966  8.05000000000   39.37726   290.65878       0                -4.092
        967  8.05833333333   39.58829   290.73692       0                -4.107
        968  8.06666666667   39.79952   290.81456       0                -3.953
        969  8.07500000000   40.01097   290.89168       0                -3.772
        970  8.08333333333   40.22263   290.96827       0                -3.960
        971  8.09166666667   40.43451   291.04434       0                -3.849
        972  8.10000000000   40.64659   291.11987       0                -4.230
        973  8.10833333333   40.85889   291.19486       0                -4.243
        974  8.11666666667   41.07140   291.26929       0                -4.168
        975  8.12500000000   41.28412   291.34317       0                -4.189
        976  8.13333333333   41.49705   291.41648       0                -4.518
        977  8.14166666667   41.71020   291.48922       0                -4.543
        978  8.15000000000   41.92355   291.56138       0                -4.542
        979  8.15833333333   42.13711   291.63295       0                -4.640
        980  8.16666666667   42.35088   291.70392       0                -4.566
        981  8.17500000000   42.56487   291.77429       0                -4.528
        982  8.18333333333   42.77906   291.84405       0                -4.461
        983  8.19166666667   42.99346   291.91319       0                -4.712
        984  8.20000000000   43.20806   291.98169       0                -4.502
        985  8.20833333333   43.42288   292.04957       0                -4.764
        986  8.21666666667   43.63790   292.11679       0                -4.574
        987  8.22500000000   43.85312   292.18336       0                -4.531
        988  8.23333333333   44.06856   292.24926       0                -4.599
        989  8.24166666667   44.28420   292.31449       0                -4.744
        990  8.25000000000   44.50004   292.37904       0                -4.457
        991  8.25833333333   44.71608   292.44289       0                -4.276
        992  8.26666666667   44.93233   292.50605       0                -4.653
        993  8.27500000000   45.14879   292.56848       0                -4.634
        994  8.28333333333   45.36544   292.63020       0                -4.755
        995  8.29166666667   45.58230   292.69118       0                -4.611
        996  8.30000000000   45.79935   292.75142       0                -4.633
        997  8.30833333333   46.01661   292.81090       0                -4.577
        998  8.31666666667   46.23406   292.86962       0                -4.631
        999  8.32500000000   46.45172   292.92756       0                -4.758
       1000  8.33333333333   46.66957   292.98471       0                -4.621
       1001  8.34166666667   46.88761   293.04106       0                -4.420
       1002  8.35000000000   47.10586   293.09659       0                -4.271
       1003  8.35833333333   47.32429   293.15130       0                -4.390
       1004  8.36666666667   47.54292   293.20518       0                -4.371
       1005  8.37500000000   47.76174   293.25820       0                -4.110
       1006  8.38333333333   47.98076   293.31036       0                -4.070
       1007  8.39166666667   48.19996   293.36164       0                -4.084
       1008  8.40000000000   48.41936   293.41203       0                -4.033
       1009  8.40833333333   48.63894   293.46152       0                -4.473
       1010  8.41666666667   48.85871   293.51009       0                -4.080
       1011  8.42500000000   49.07866   293.55773       0                -4.410
       1012  8.43333333333   49.29880   293.60442       0                -4.408
       1013  8.44166666667   49.51913   293.65014       0                -4.331
       1014  8.45000000000   49.73963   293.69489       0                -4.336
       1015  8.45833333333   49.96032   293.73864       0                -4.257
       1016  8.46666666667   50.18118   293.78139       0                -4.373
       1017  8.47500000000   50.40223   293.82310       0                -4.552
       1018  8.48333333333   50.62344   293.86377       0                -4.357
       1019  8.49166666667   50.84484   293.90338       0                -4.214
       1020  8.50000000000   51.06641   293.94191       0                -3.842
       1021  8.50833333333   51.28815   293.97934       0                -4.164
       1022  8.51666666667   51.51006   294.01566       0                -4.385
       1023  8.52500000000   51.73213   294.05084       0                -4.213
       1024  8.53333333333   51.95438   294.08486       0                -4.241
       1025  8.54166666667   52.17679   294.11772       0                -3.823
       1026  8.55000000000   52.39936   294.14937       0                -4.033
       1027  8.55833333333   52.62210   294.17981       0                -4.034
       1028  8.56666666667   52.84499   294.20902       0                -3.736
       1029  8.57500000000   53.06804   294.23696       0                -2.954
       1030  8.58333333333   53.29125   294.26363       0                -2.703
       1031  8.59166666667   53.51461   294.28898       0                -2.967
       1032  8.60000000000   53.73812   294.31301       0                -2.375
       1033  8.60833333333   53.96177   294.33569       0                -2.790
       1034  8.61666666667   54.18558   294.35699       0                -2.609
       1035  8.62500000000   54.40953   294.37689       0                -3.220
       1036  8.63333333333   54.63362   294.39536       0                -3.095
       1037  8.64166666667   54.85785   294.41237       0                -3.076
       1038  8.65000000000   55.08222   294.42790       0                -3.497
       1039  8.65833333333   55.30672   294.44192       0                -3.813
       1040  8.66666666667   55.53135   294.45440       0                -3.881
       1041  8.67500000000   55.75611   294.46531       0                -4.104
       1042  8.68333333333   55.98099   294.47462       0                -4.193
       1043  8.69166666667   56.20600   294.48230       0                -4.352
       1044  8.70000000000   56.43113   294.48832       0                -4.512
       1045  8.70833333333   56.65638   294.49264       0                -4.901
       1046  8.71666666667   56.88173   294.49523       0                -4.931
       1047  8.72500000000   57.10720   294.49605       0                -5.369
       1048  8.73333333333   57.33278   294.49507       0                -5.707
       1049  8.74166666667   57.55845   294.49226       0                -5.873
       1050  8.75000000000   57.78423   294.48757       0                -5.859
       1051  8.75833333333   58.01010   294.48097       0                -5.996
       1052  8.76666666667   58.23607   294.47241       0                -5.879
       1053  8.77500000000   58.46212   294.46186       0                -5.673
       1054  8.78333333333   58.68826   294.44928       0                -5.561
       1055  8.79166666667   58.91448   294.43461       0                -5.557
       1056  8.80000000000   59.14077   294.41782       0                -4.858
       1057  8.80833333333   59.36713   294.39886       0                -4.806
       1058  8.81666666667   59.59356   294.37768       0                -4.826
       1059  8.82500000000   59.82006   294.35423       0                -3.834
       1060  8.83333333333   60.04661   294.32847       0                -4.575
       1061  8.84166666667   60.27321   294.30034       0                -5.533
       1062  8.85000000000   60.49986   294.26978       0                -5.970
       1063  8.85833333333   60.72655   294.23675       0                -6.011
       1064  8.86666666667   60.95328   294.20119       0                -5.646
       1065  8.87500000000   61.18004   294.16304       0                -5.567
       1066  8.88333333333   61.40683   294.12224       0                -5.683
       1067  8.89166666667   61.63363   294.07872       0                -5.206
       1068  8.90000000000   61.86045   294.03243       0                -4.596
       1069  8.90833333333   62.08727   293.98330       0                -5.136
       1070  8.91666666667   62.31410   293.93125       0                -5.420
       1071  8.92500000000   62.54092   293.87623       0                -5.090
       1072  8.93333333333   62.76772   293.81815       0                -5.512
       1073  8.94166666667   62.99451   293.75695       0                -4.989
       1074  8.95000000000   63.22127   293.69255       0                -4.962
       1075  8.95833333333   63.44799   293.62486       0                -5.632
       1076  8.96666666667   63.67466   293.55381       0                -6.069
       1077  8.97500000000   63.90129   293.47931       0                -5.996
       1078  8.98333333333   64.12786   293.40127       0                -6.084
       1079  8.99166666667   64.35435   293.31961       0                -6.042
       1080  9.00000000000   64.58077   293.23422       0                -6.132
       1081  9.00833333333   64.80711   293.14502       0                -6.008
       1082  9.01666666667   65.03334   293.05190       0                -6.177
       1083  9.02500000000   65.25947   292.95475       0                -6.128
       1084  9.03333333333   65.48548   292.85348       0                -6.275
       1085  9.04166666667   65.71136   292.74797       0                -6.477
       1086  9.05000000000   65.93711   292.63811       0                -6.501
       1087  9.05833333333   66.16270   292.52378       0                -6.599
       1088  9.06666666667   66.38813   292.40485       0                -6.678
       1089  9.07500000000   66.61338   292.28120       0                -6.839
       1090  9.08333333333   66.83845   292.15270       0                -6.845
       1091  9.09166666667   67.06332   292.01922       0                -5.980
       1092  9.10000000000   67.28797   291.88060       0                -6.004
       1093  9.10833333333   67.51239   291.73670       0                -5.953
       1094  9.11666666667   67.73657   291.58738       0                -5.843
       1095  9.12500000000   67.96048   291.43247       0                -6.138
       1096  9.13333333333   68.18412   291.27182       0                -6.637
       1097  9.14166666667   68.40747   291.10525       0                -6.849
       1098  9.15000000000   68.63051   290.93259       0                -6.218
       1099  9.15833333333   68.85322   290.75366       0                -6.728
       1100  9.16666666667   69.07558   290.56827       0                -6.983
       1101  9.17500000000   69.29758   290.37622       0                -6.971
       1102  9.18333333333   69.51919   290.17731       0                -6.997
       1103  9.19166666667   69.74039   289.97134       0                -7.042
       1104  9.20000000000   69.96116   289.75808       0                -7.085
       1105  9.20833333333   70.18148   289.53731       0                -7.080
       1106  9.21666666667   70.40132   289.30879       0                -6.999
       1107  9.22500000000   70.62066   289.07228       0                -7.009
       1108  9.23333333333   70.83947   288.82753       0                -7.042
       1109  9.24166666667   71.05773   288.57427       0                -7.062
       1110  9.25000000000   71.27540   288.31224       0                -7.093
       1111  9.25833333333   71.49246   288.04114       0                -7.153
       1112  9.26666666667   71.70887   287.76068       0                -7.204
       1113  9.27500000000   71.92461   287.47057       0                -7.350
       1114  9.28333333333   72.13964   287.17048       0                -7.374
       1115  9.29166666667   72.35392   286.86009       0                -7.473
       1116  9.30000000000   72.56742   286.53906       0                -7.480
       1117  9.30833333333   72.78010   286.20702       0                -7.453
       1118  9.31666666667   72.99192   285.86363       0                -7.346
       1119  9.32500000000   73.20284   285.50849       0                -7.356
       1120  9.33333333333   73.41281   285.14121       0                -7.362
       1121  9.34166666667   73.62179   284.76140       0                -7.070
       1122  9.35000000000   73.82972   284.36861       0                -7.147
       1123  9.35833333333   74.03657   283.96243       0                -7.279
       1124  9.36666666667   74.24227   283.54239       0                -7.315
       1125  9.37500000000   74.44677   283.10802       0                -7.311
       1126  9.38333333333   74.65001   282.65885       0                -7.200
       1127  9.39166666667   74.85194   282.19438       0                -7.114
       1128  9.40000000000   75.05248   281.71409       0                -7.078
       1129  9.40833333333   75.25158   281.21745       0                -6.570
       1130  9.41666666667   75.44916   280.70392       0                -6.620
       1131  9.42500000000   75.64514   280.17293       0                -6.916
       1132  9.43333333333   75.83946   279.62392       0                -7.133
       1133  9.44166666667   76.03204   279.05628       0                -7.135
       1134  9.45000000000   76.22278   278.46942       0                -7.160
       1135  9.45833333333   76.41161   277.86272       0                -7.051
       1136  9.46666666667   76.59842   277.23556       0                -7.085
       1137  9.47500000000   76.78313   276.58729       0                -7.072
       1138  9.48333333333   76.96563   275.91727       0                -7.037
       1139  9.49166666667   77.14583   275.22485       0                -7.109
       1140  9.50000000000   77.32360   274.50937       0                -7.152
       1141  9.50833333333   77.49884   273.77017       0                -7.115
       1142  9.51666666667   77.67143   273.00660       0                -7.132
       1143  9.52500000000   77.84124   272.21802       0                -7.118
       1144  9.53333333333   78.00814   271.40378       0                -7.126
       1145  9.54166666667   78.17200   270.56326       0                -7.096
       1146  9.55000000000   78.33269   269.69586       0                -7.166
       1147  9.55833333333   78.49005   268.80100       0                -7.242
       1148  9.56666666667   78.64394   267.87814       0                -7.309
       1149  9.57500000000   78.79421   266.92677       0                -7.323
       1150  9.58333333333   78.94068   265.94644       0                -7.126
       1151  9.59166666667   79.08321   264.93676       0                -7.048
       1152  9.60000000000   79.22163   263.89739       0                -7.122
       1153  9.60833333333   79.35575   262.82808       0                -7.277
       1154  9.61666666667   79.48541   261.72865       0                -7.424
       1155  9.62500000000   79.61043   260.59903       0                -7.695
       1156  9.63333333333   79.73062   259.43926       0                -7.731
       1157  9.64166666667   79.84581   258.24948       0                -7.644
       1158  9.65000000000   79.95582   257.02997       0                -7.447
       1159  9.65833333333   80.06044   255.78115       0                -7.011
       1160  9.66666666667   80.15952   254.50358       0                -7.167
       1161  9.67500000000   80.25286   253.19799       0                -7.059
       1162  9.68333333333   80.34029   251.86525       0                -7.259
       1163  9.69166666667   80.42163   250.50641       0                -7.415
       1164  9.70000000000   80.49673   249.12271       0                -7.618
       1165  9.70833333333   80.56541   247.71553       0                -7.343
       1166  9.71666666667   80.62753   246.28645       0                -7.182
       1167  9.72500000000   80.68294   244.83722       0                -7.459
       1168  9.73333333333   80.73152   243.36972       0                -7.296
       1169  9.74166666667   80.77314   241.88602       0                -7.143
       1170  9.75000000000   80.80771   240.38830       0                -7.331
       1171  9.75833333333   80.83513   238.87890       0                -7.160
       1172  9.76666666667   80.85532   237.36022       0                -7.029
       1173  9.77500000000   80.86824   235.83479       0                -7.013
       1174  9.78333333333   80.87384   234.30517       0                -7.068
       1175  9.79166666667   80.87209   232.77397       0                -7.180
       1176  9.80000000000   80.86300   231.24383       0                -7.318
       1177  9.80833333333   80.84657   229.71734       0                -7.257
       1178  9.81666666667   80.82284   228.19709       0                -7.047
       1179  9.82500000000   80.79186   226.68559       0                -7.258
       1180  9.83333333333   80.75368   225.18527       0                -7.173
       1181  9.84166666667   80.70840   223.69846       0                -7.039
       1182  9.85000000000   80.65610   222.22736       0                -6.966
       1183  9.85833333333   80.59689   220.77404       0                -6.983
       1184  9.86666666667   80.53091   219.34041       0                -7.196
       1185  9.87500000000   80.45827   217.92822       0                -7.228
       1186  9.88333333333   80.37913   216.53906       0                -7.258
       1187  9.89166666667   80.29364   215.17433       0                -7.310
       1188  9.90000000000   80.20196   213.83528       0                -7.258
       1189  9.90833333333   80.10425   212.52296       0                -7.216
       1190  9.91666666667   80.00068   211.23828       0                -7.190
       1191  9.92500000000   79.89144   209.98196       0                -7.201
       1192  9.93333333333   79.77669   208.75457       0                -7.207
       1193  9.94166666667   79.65662   207.55655       0                -7.145
       1194  9.95000000000   79.53140   206.38818       0                -7.134
       1195  9.95833333333   79.40121   205.24963       0                -7.084
       1196  9.96666666667   79.26622   204.14092       0                -7.036
       1197  9.97500000000   79.12662   203.06200       0                -7.005
       1198  9.98333333333   78.98257   202.01271       0                -7.006
       1199  9.99166666667   78.83425   200.99278       0                -7.047
       1200 10.00000000000   78.68165   199.99732       0                -7.022
       1201 10.00833333333   78.52542   199.03967       0                -7.048
       1202 10.01666666667   78.36523   198.10563       0                -7.101
       1203 10.02500000000   78.20140   197.19931       0                -7.080
       1204 10.03333333333   78.03407   196.32014       0                -7.133
       1205 10.04166666667   77.86338   195.46756       0                -7.080
       1206 10.05000000000   77.68948   194.64096       0                -7.083
       1207 10.05833333333   77.51249   193.83973       0                -7.078
       1208 10.06666666667   77.33254   193.06323       0                -6.991
       1209 10.07500000000   77.14976   192.31080       0                -6.968
       1210 10.08333333333   76.96427   191.58180       0                -6.858
       1211 10.09166666667   76.77616   190.87556       0                -7.005
       1212 10.10000000000   76.58556   190.19144       0                -7.078
       1213 10.10833333333   76.39257   189.52878       0                -7.033
       1214 10.11666666667   76.19729   188.88693       0                -6.932
       1215 10.12500000000   75.99981   188.26525       0                -6.946
       1216 10.13333333333   75.80022   187.66313       0                -6.898
       1217 10.14166666667   75.59861   187.07993       0                -6.845
       1218 10.15000000000   75.39507   186.51505       0                -6.904
       1219 10.15833333333   75.18967   185.96791       0                -6.901
       1220 10.16666666667   74.98250   185.43793       0                -6.858
       1221 10.17500000000   74.77361   184.92454       0                -6.923
       1222 10.18333333333   74.56309   184.42720       0                -6.967
       1223 10.19166666667   74.35099   183.94538       0                -6.926
       1224 10.20000000000   74.13739   183.47857       0                -6.929
       1225 10.20833333333   73.92234   183.02625       0                -6.928
       1226 10.21666666667   73.70590   182.58795       0                -7.003
       1227 10.22500000000   73.48813   182.16321       0                -6.996
       1228 10.23333333333   73.26908   181.75156       0                -6.999
       1229 10.24166666667   73.04880   181.35257       0                -7.083
       1230 10.25000000000   72.82734   180.96581       0                -7.071
       1231 10.25833333333   72.60474   180.59088       0                -7.078
       1232 10.26666666667   72.38105   180.22739       0                -7.100
       1233 10.27500000000   72.15631   179.87495       0                -7.087
       1234 10.28333333333   71.93057   179.53319       0                -7.148
       1235 10.29166666667   71.70386   179.20176       0                -7.197
       1236 10.30000000000   71.47621   178.88032       0                -7.124
       1237 10.30833333333   71.24767   178.56855       0                -7.142
       1238 10.31666666667   71.01827   178.26612       0                -7.170
       1239 10.32500000000   70.78804   177.97272       0                -7.136
       1240 10.33333333333   70.55701   177.68807       0                -7.029
       1241 10.34166666667   70.32521   177.41189       0                -7.037
       1242 10.35000000000   70.09268   177.14389       0                -7.058
       1243 10.35833333333   69.85943   176.88381       0                -6.972
       1244 10.36666666667   69.62551   176.63140       0                -7.099
       1245 10.37500000000   69.39092   176.38642       0                -7.094
       1246 10.38333333333   69.15570   176.14864       0                -7.046
       1247 10.39166666667   68.91987   175.91781       0                -7.108
       1248 10.40000000000   68.68345   175.69373       0                -7.124
       1249 10.40833333333   68.44647   175.47619       0                -7.158
       1250 10.41666666667   68.20894   175.26498       0                -7.184
       1251 10.42500000000   67.97089   175.05991       0                -7.194
       1252 10.43333333333   67.73233   174.86078       0                -7.185
       1253 10.44166666667   67.49329   174.66742       0                -7.224
       1254 10.45000000000   67.25378   174.47965       0                -7.261
       1255 10.45833333333   67.01382   174.29730       0                -7.084
       1256 10.46666666667   66.77343   174.12020       0                -7.179
       1257 10.47500000000   66.53262   173.94821       0                -7.272
       1258 10.48333333333   66.29142   173.78117       0                -7.319
       1259 10.49166666667   66.04982   173.61893       0                -7.313
       1260 10.50000000000   65.80785   173.46135       0                -7.301
       1261 10.50833333333   65.56553   173.30830       0                -7.337
       1262 10.51666666667   65.32286   173.15964       0                -7.413
       1263 10.52500000000   65.07987   173.01524       0                -7.460
       1264 10.53333333333   64.83655   172.87499       0                -7.446
       1265 10.54166666667   64.59294   172.73876       0                -7.463
       1266 10.55000000000   64.34903   172.60643       0                -7.464
       1267 10.55833333333   64.10483   172.47791       0                -7.499
       1268 10.56666666667   63.86037   172.35308       0                -7.518
       1269 10.57500000000   63.61565   172.23183       0                -7.524
       1270 10.58333333333   63.37068   172.11407       0                -7.516
       1271 10.59166666667   63.12548   171.99971       0                -7.571
       1272 10.60000000000   62.88004   171.88863       0                -7.568
       1273 10.60833333333   62.63439   171.78077       0                -7.593
       1274 10.61666666667   62.38853   171.67602       0                -7.608
       1275 10.62500000000   62.14247   171.57431       0                -7.640
       1276 10.63333333333   61.89621   171.47554       0                -7.796
       1277 10.64166666667   61.64978   171.37965       0                -7.758
       1278 10.65000000000   61.40317   171.28655       0                -7.754
       1279 10.65833333333   61.15640   171.19617       0                -7.683
       1280 10.66666666667   60.90947   171.10844       0                -7.722
       1281 10.67500000000   60.66239   171.02328       0                -7.665
       1282 10.68333333333   60.41517   170.94064       0                -7.748
       1283 10.69166666667   60.16781   170.86043       0                -7.746
       1284 10.70000000000   59.92032   170.78261       0                -7.773
       1285 10.70833333333   59.67272   170.70711       0                -7.847
       1286 10.71666666667   59.42500   170.63386       0                -7.794
       1287 10.72500000000   59.17717   170.56281       0                -7.718
       1288 10.73333333333   58.92924   170.49390       0                -7.714
       1289 10.74166666667   58.68122   170.42708       0                -7.669
       1290 10.75000000000   58.43311   170.36230       0                -7.675
       1291 10.75833333333   58.18491   170.29949       0                -7.630
       1292 10.76666666667   57.93664   170.23862       0                -7.627
       1293 10.77500000000   57.68830   170.17964       0                -7.722
       1294 10.78333333333   57.43990   170.12249       0                -7.716
       1295 10.79166666667   57.19143   170.06713       0                -7.726
       1296 10.80000000000   56.94291   170.01351       0                -7.781
       1297 10.80833333333   56.69434   169.96160       0                -7.748
       1298 10.81666666667   56.44573   169.91135       0                -7.804
       1299 10.82500000000   56.19707   169.86272       0                -7.793
       1300 10.83333333333   55.94839   169.81566       0                -7.703
       1301 10.84166666667   55.69967   169.77015       0                -7.626
       1302 10.85000000000   55.45093   169.72614       0                -7.623
       1303 10.85833333333   55.20217   169.68359       0                -7.715
       1304 10.86666666667   54.95339   169.64247       0                -7.670
       1305 10.87500000000   54.70460   169.60275       0                -7.676
       1306 10.88333333333   54.45581   169.56439       0                -7.619
       1307 10.89166666667   54.20701   169.52736       0                -7.636
       1308 10.90000000000   53.95821   169.49162       0                -7.650
       1309 10.90833333333   53.70942   169.45715       0                -7.636
       1310 10.91666666667   53.46064   169.42391       0                -7.630
       1311 10.92500000000   53.21188   169.39187       0                -7.630
       1312 10.93333333333   52.96313   169.36102       0                -7.488
       1313 10.94166666667   52.71440   169.33130       0                -7.429
       1314 10.95000000000   52.46570   169.30271       0                -7.406
       1315 10.95833333333   52.21702   169.27521       0                -7.535
       1316 10.96666666667   51.96838   169.24878       0                -7.449
       1317 10.97500000000   51.71977   169.22339       0                -7.425
       1318 10.98333333333   51.47120   169.19901       0                -7.437
       1319 10.99166666667   51.22268   169.17563       0                -7.365
       1320 11.00000000000   50.97420   169.15321       0                -7.435
       1321 11.00833333333   50.72576   169.13174       0                -7.367
       1322 11.01666666667   50.47739   169.11120       0                -7.507
       1323 11.02500000000   50.22906   169.09155       0                -7.426
       1324 11.03333333333   49.98080   169.07278       0                -7.604
       1325 11.04166666667   49.73259   169.05488       0                -7.838
       1326 11.05000000000   49.48445   169.03781       0                -7.876
       1327 11.05833333333   49.23638   169.02155       0                -7.970
       1328 11.06666666667   48.98838   169.00610       0                -7.988
       1329 11.07500000000   48.74045   168.99142       0                -8.034
       1330 11.08333333333   48.49260   168.97751       0                -8.059
       1331 11.09166666667   48.24483   168.96434       0                -8.020
       1332 11.10000000000   47.99714   168.95189       0                -7.881
       1333 11.10833333333   47.74953   168.94015       0                -7.863
       1334 11.11666666667   47.50201   168.92910       0                -7.762
       1335 11.12500000000   47.25458   168.91872       0                -7.467
       1336 11.13333333333   47.00724   168.90901       0                -7.316
       1337 11.14166666667   46.75999   168.89993       0                -7.384
       1338 11.15000000000   46.51284   168.89148       0                -7.436
       1339 11.15833333333   46.26580   168.88363       0                -7.158
       1340 11.16666666667   46.01885   168.87639       0                -7.054
       1341 11.17500000000   45.77201   168.86972       0                -7.119
       1342 11.18333333333   45.52527   168.86363       0                -7.043
       1343 11.19166666667   45.27864   168.85808       0                -7.084
       1344 11.20000000000   45.03213   168.85307       0                -7.006
       1345 11.20833333333   44.78572   168.84859       0                -7.055
       1346 11.21666666667   44.53944   168.84463       0                -6.966
       1347 11.22500000000   44.29327   168.84116       0                -6.917
       1348 11.23333333333   44.04722   168.83818       0                -7.009
       1349 11.24166666667   43.80129   168.83567       0                -7.094
       1350 11.25000000000   43.55549   168.83363       0                -6.792
       1351 11.25833333333   43.30981   168.83203       0                -6.707
       1352 11.26666666667   43.06426   168.83088       0                -6.607
       1353 11.27500000000   42.81884   168.83015       0                -6.560
       1354 11.28333333333   42.57355   168.82984       0                -6.671
       1355 11.29166666667   42.32840   168.82994       0                -6.197
       1356 11.30000000000   42.08338   168.83043       0                -6.455
       1357 11.30833333333   41.83850   168.83131       0                -6.140
       1358 11.31666666667   41.59376   168.83256       0                -6.369
       1359 11.32500000000   41.34916   168.83417       0                -6.390
       1360 11.33333333333   41.10471   168.83614       0                -6.216
       1361 11.34166666667   40.86039   168.83845       0                -6.460
       1362 11.35000000000   40.61623   168.84110       0                -6.486
       1363 11.35833333333   40.37222   168.84407       0                -6.326
       1364 11.36666666667   40.12835   168.84736       0                -6.478
       1365 11.37500000000   39.88464   168.85096       0                -6.728
       1366 11.38333333333   39.64108   168.85485       0                -6.366
       1367 11.39166666667   39.39768   168.85904       0                -6.443
       1368 11.40000000000   39.15443   168.86350       0                -6.523
       1369 11.40833333333   38.91134   168.86824       0                -6.994
       1370 11.41666666667   38.66842   168.87324       0                -7.019
       1371 11.42500000000   38.42565   168.87850       0                -6.867
       1372 11.43333333333   38.18305   168.88401       0                -6.948
       1373 11.44166666667   37.94061   168.88976       0                -6.722
       1374 11.45000000000   37.69834   168.89574       0                -6.657
       1375 11.45833333333   37.45623   168.90194       0                -6.341
       1376 11.46666666667   37.21430   168.90837       0                -6.276
       1377 11.47500000000   36.97254   168.91500       0                -5.854
       1378 11.48333333333   36.73094   168.92184       0                -5.953
       1379 11.49166666667   36.48953   168.92887       0                -5.757
       1380 11.50000000000   36.24828   168.93609       0                -5.558
       1381 11.50833333333   36.00722   168.94349       0                -5.371
       1382 11.51666666667   35.76633   168.95107       0                -5.293
       1383 11.52500000000   35.52562   168.95882       0                -5.672
       1384 11.53333333333   35.28509   168.96673       0                -5.214
       1385 11.54166666667   35.04474   168.97480       0                -5.355
       1386 11.55000000000   34.80458   168.98301       0                -5.715
       1387 11.55833333333   34.56460   168.99137       0                -5.756
       1388 11.56666666667   34.32481   168.99987       0                -5.719
       1389 11.57500000000   34.08520   169.00850       0                -5.581
       1390 11.58333333333   33.84578   169.01725       0                -5.722
       1391 11.59166666667   33.60655   169.02613       0                -5.679
       1392 11.60000000000   33.36751   169.03511       0                -5.657
       1393 11.60833333333   33.12866   169.04421       0                -5.497
       1394 11.61666666667   32.89001   169.05341       0                -5.351
       1395 11.62500000000   32.65155   169.06270       0                -5.346
       1396 11.63333333333   32.41328   169.07209       0                -5.340
       1397 11.64166666667   32.17521   169.08156       0                -5.231
       1398 11.65000000000   31.93734   169.09111       0                -5.103
       1399 11.65833333333   31.69967   169.10074       0                -5.341
       1400 11.66666666667   31.46220   169.11044       0                -5.260
       1401 11.67500000000   31.22493   169.12021       0                -5.480
       1402 11.68333333333   30.98786   169.13003       0                -5.573
       1403 11.69166666667   30.75099   169.13991       0                -5.570
       1404 11.70000000000   30.51433   169.14984       0                -5.479
       1405 11.70833333333   30.27787   169.15982       0                -5.657
       1406 11.71666666667   30.04162   169.16984       0                -5.725
       1407 11.72500000000   29.80557   169.17989       0                -5.762
       1408 11.73333333333   29.56973   169.18998       0                -5.681
       1409 11.74166666667   29.33411   169.20010       0                -5.581
       1410 11.75000000000   29.09869   169.21023       0                -5.547
       1411 11.75833333333   28.86348   169.22039       0                -5.471
       1412 11.76666666667   28.62849   169.23056       0                -5.408
       1413 11.77500000000   28.39371   169.24074       0                -5.295
       1414 11.78333333333   28.15914   169.25093       0                -5.293
       1415 11.79166666667   27.92479   169.26111       0                -5.275
       1416 11.80000000000   27.69065   169.27130       0                -5.171
       1417 11.80833333333   27.45673   169.28148       0                -5.043
       1418 11.81666666667   27.22303   169.29164       0                -4.885
       1419 11.82500000000   26.98955   169.30179       0                -4.877
       1420 11.83333333333   26.75628   169.31193       0                -4.907
       1421 11.84166666667   26.52324   169.32204       0                -4.807
       1422 11.85000000000   26.29041   169.33212       0                -4.775
       1423 11.85833333333   26.05781   169.34217       0                -4.684
       1424 11.86666666667   25.82543   169.35219       0                -4.685
       1425 11.87500000000   25.59328   169.36217       0                -4.579
       1426 11.88333333333   25.36135   169.37210       0                -4.516
       1427 11.89166666667   25.12964   169.38200       0                -4.354
       1428 11.90000000000   24.89816   169.39184       0                -4.369
       1429 11.90833333333   24.66691   169.40163       0                -4.397
       1430 11.91666666667   24.43589   169.41136       0                -4.434
       1431 11.92500000000   24.20509   169.42104       0                -4.403
       1432 11.93333333333   23.97453   169.43065       0                -4.395
       1433 11.94166666667   23.74419   169.44019       0                -4.330
       1434 11.95000000000   23.51408   169.44967       0                -4.276
       1435 11.95833333333   23.28421   169.45907       0                -4.230
       1436 11.96666666667   23.05457   169.46839       0                -4.158
       1437 11.97500000000   22.82516   169.47763       0                -4.096
       1438 11.98333333333   22.59598   169.48679       0                -4.049
       1439 11.99166666667   22.36704   169.49586       0                -4.023
       1440 12.00000000000   22.13834   169.50485       0                -4.008
       1441 12.00833333333   21.90987   169.51374       0                -4.048
       1442 12.01666666667   21.68164   169.52253       0                -3.989
       1443 12.02500000000   21.45364   169.53122       0                -3.946
       1444 12.03333333333   21.22588   169.53981       0                -3.895
       1445 12.04166666667   20.99837   169.54830       0                -3.828
       1446 12.05000000000   20.77109   169.55668       0                -3.724
       1447 12.05833333333   20.54405   169.56494       0                -3.614
       1448 12.06666666667   20.31725   169.57309       0                -3.510
       1449 12.07500000000   20.09069   169.58112       0                -3.393
       1450 12.08333333333   19.86438   169.58903       0                -3.309
       1451 12.09166666667   19.63831   169.59682       0                -3.242
       1452 12.10000000000   19.41248   169.60448       0                -3.164
       1453 12.10833333333   19.18689   169.61201       0                -3.143
       1454 12.11666666667   18.96155   169.61941       0                -3.176
       1455 12.12500000000   18.73646   169.62667       0                -3.143
       1456 12.13333333333   18.51161   169.63380       0                -3.069
       1457 12.14166666667   18.28701   169.64078       0                -3.183
       1458 12.15000000000   18.06266   169.64762       0                -3.254
       1459 12.15833333333   17.83855   169.65432       0                -3.184
       1460 12.16666666667   17.61469   169.66086       0                -3.092
       1461 12.17500000000   17.39108   169.66726       0                -3.111
       1462 12.18333333333   17.16773   169.67350       0                -3.234
       1463 12.19166666667   16.94462   169.67958       0                -3.347
       1464 12.20000000000   16.72176   169.68550       0                -3.151
       1465 12.20833333333   16.49915   169.69126       0                -3.102
       1466 12.21666666667   16.27680   169.69685       0                -3.134
       1467 12.22500000000   16.05470   169.70227       0                -2.983
       1468 12.23333333333   15.83285   169.70753       0                -3.010
       1469 12.24166666667   15.61126   169.71261       0                -3.039
       1470 12.25000000000   15.38992   169.71751       0                -3.022
       1471 12.25833333333   15.16883   169.72224       0                -2.953
       1472 12.26666666667   14.94800   169.72678       0                -2.857
       1473 12.27500000000   14.72743   169.73115       0                -2.852
       1474 12.28333333333   14.50712   169.73532       0                -2.818
       1475 12.29166666667   14.28706   169.73931       0                -2.723
       1476 12.30000000000   14.06726   169.74310       0                -2.672
       1477 12.30833333333   13.84771   169.74671       0                -2.676
       1478 12.31666666667   13.62843   169.75011       0                -2.614
       1479 12.32500000000   13.40941   169.75332       0                -2.543
       1480 12.33333333333   13.19064   169.75633       0                -2.478
       1481 12.34166666667   12.97214   169.75913       0                -2.356
       1482 12.35000000000   12.75390   169.76173       0                -2.265
       1483 12.35833333333   12.53592   169.76411       0                -2.117
       1484 12.36666666667   12.31820   169.76629       0                -1.993
       1485 12.37500000000   12.10075   169.76826       0                -1.927
       1486 12.38333333333   11.88356   169.77000       0                -1.965
       1487 12.39166666667   11.66663   169.77153       0                -1.798
       1488 12.40000000000   11.44997   169.77284       0                -1.688
       1489 12.40833333333   11.23357   169.77393       0                -1.631
       1490 12.41666666667   11.01744   169.77479       0                -1.508
       1491 12.42500000000   10.80157   169.77543       0                -1.432
       1492 12.43333333333   10.58597   169.77583       0                -1.327
       1493 12.44166666667   10.37064   169.77600       0                -1.226
       1494 12.45000000000   10.15558   169.77594       0                -1.013
       1495 12.45833333333    9.94078   169.77564       0                -0.866
       1496 12.46666666667    9.72626   169.77510       0                -0.593
       1497 12.47500000000    9.51200   169.77432       0                -0.333
       1498 12.48333333333    9.29801   169.77330       0                -0.027
       1499 12.49166666667    9.08429   169.77203       0                 0.352
       1500 12.50000000000    8.87085   169.77051       0                 0.620
       1501 12.50833333333    8.65767   169.76874       0                 0.837
       1502 12.51666666667    8.44477   169.76671       0                 1.101
       1503 12.52500000000    8.23214   169.76444       0                 1.279
       1504 12.53333333333    8.01979   169.76190       0                 1.409
       1505 12.54166666667    7.80770   169.75910       0                 1.451
       1506 12.55000000000    7.59589   169.75604       0                 1.537
       1507 12.55833333333    7.38436   169.75272       0                 1.739
       1508 12.56666666667    7.17310   169.74913       0                 1.991
       1509 12.57500000000    6.96212   169.74527       0                 2.326
       1510 12.58333333333    6.75141   169.74114       0                 2.651
       1511 12.59166666667    6.54099   169.73673       0                 2.944
       1512 12.60000000000    6.33083   169.73205       0                 3.409
       1513 12.60833333333    6.12096   169.72709       0                 3.765
       1514 12.61666666667    5.91137   169.72185       0                 4.079
       1515 12.62500000000    5.70205   169.71633       0                 4.442
       1516 12.63333333333    5.49301   169.71052       0                 4.752
       1517 12.64166666667    5.28426   169.70443       0                 5.062
       1518 12.65000000000    5.07578   169.69805       0                 5.374
       2322 19.35000000000    5.12466    56.47598       0                -6.612
       2323 19.35833333333    5.22421    56.29773       0                -6.845
       2324 19.36666666667    5.32310    56.11910       0                -7.028
       2325 19.37500000000    5.42131    55.94009       0                -7.265
       2326 19.38333333333    5.51883    55.76071       0                -7.214
       2327 19.39166666667    5.61566    55.58095       0                -7.237
       2328 19.40000000000    5.71179    55.40081       0                -7.627
       2329 19.40833333333    5.80723    55.22030       0                -7.716
       2330 19.41666666667    5.90196    55.03942       0                -7.726
       2331 19.42500000000    5.99598    54.85816       0                -8.134
       2332 19.43333333333    6.08929    54.67654       0                -8.055
       2333 19.44166666667    6.18187    54.49455       0                -8.167
       2334 19.45000000000    6.27373    54.31218       0                -8.365
       2335 19.45833333333    6.36486    54.12946       0                -8.216
       2336 19.46666666667    6.45525    53.94636       0                -8.342
       2337 19.47500000000    6.54490    53.76291       0                -8.510
       2338 19.48333333333    6.63380    53.57909       0                -8.672
       2339 19.49166666667    6.72196    53.39491       0                -8.594
       2340 19.50000000000    6.80935    53.21038       0                -8.712
       2341 19.50833333333    6.89599    53.02548       0                -8.769
       2342 19.51666666667    6.98186    52.84024       0                -8.702
       2343 19.52500000000    7.06696    52.65464       0                -8.888
       2344 19.53333333333    7.15128    52.46869       0                -8.865
       2345 19.54166666667    7.23482    52.28239       0                -8.927
       2346 19.55000000000    7.31757    52.09575       0                -9.108
       2347 19.55833333333    7.39954    51.90877       0                -9.238
       2348 19.56666666667    7.48070    51.72144       0                -9.296
       2349 19.57500000000    7.56107    51.53377       0                -9.798
       2350 19.58333333333    7.64063    51.34577       0                -9.081
       2351 19.59166666667    7.71938    51.15743       0                -9.307
       2352 19.60000000000    7.79732    50.96876       0                -9.356
       2353 19.60833333333    7.87444    50.77977       0                -9.388
       2354 19.61666666667    7.95073    50.59045       0                -9.420
       2355 19.62500000000    8.02619    50.40080       0                -9.482
       2356 19.63333333333    8.10082    50.21084       0                -9.378
       2357 19.64166666667    8.17461    50.02056       0                -9.497
       2358 19.65000000000    8.24756    49.82996       0                -9.606
       2359 19.65833333333    8.31966    49.63906       0                -9.822
       2360 19.66666666667    8.39091    49.44784       0                -9.814
       2361 19.67500000000    8.46130    49.25632       0                -9.838
       2362 19.68333333333    8.53083    49.06451       0                -9.900
       2363 19.69166666667    8.59949    48.87239       0                -9.698
       2364 19.70000000000    8.66729    48.67998       0                -9.487
       2365 19.70833333333    8.73421    48.48728       0                -9.540
       2366 19.71666666667    8.80025    48.29429       0                -9.503
       2367 19.72500000000    8.86541    48.10102       0                -9.344
       2368 19.73333333333    8.92968    47.90747       0                -9.248
       2369 19.74166666667    8.99305    47.71365       0                -9.205
       2370 19.75000000000    9.05554    47.51955       0                -9.213
       2371 19.75833333333    9.11712    47.32519       0                -9.273
       2372 19.76666666667    9.17780    47.13056       0                -8.993
       2373 19.77500000000    9.23757    46.93568       0                -8.970
       2374 19.78333333333    9.29643    46.74053       0                -8.988
       2375 19.79166666667    9.35437    46.54514       0                -9.036
       2376 19.80000000000    9.41140    46.34950       0                -9.143
       2377 19.80833333333    9.46750    46.15362       0                -9.211
       2378 19.81666666667    9.52267    45.95750       0                -9.202
       2379 19.82500000000    9.57691    45.76115       0                -8.945
       2380 19.83333333333    9.63021    45.56457       0                -8.993
       2381 19.84166666667    9.68258    45.36776       0                -8.530
       2382 19.85000000000    9.73400    45.17074       0                -8.513
       2383 19.85833333333    9.78448    44.97350       0                -8.584
       2384 19.86666666667    9.83400    44.77605       0                -8.645
       2385 19.87500000000    9.88258    44.57839       0                -8.739
       2386 19.88333333333    9.93019    44.38054       0                -8.750
       2387 19.89166666667    9.97685    44.18249       0                -8.818
       2388 19.90000000000   10.02254    43.98425       0                -8.659
       2389 19.90833333333   10.06727    43.78583       0                -8.626
       2390 19.91666666667   10.11102    43.58722       0                -8.698
       2391 19.92500000000   10.15380    43.38844       0                -8.801
       2392 19.93333333333   10.19561    43.18950       0                -8.710
       2393 19.94166666667   10.23643    42.99039       0                -8.507
       2394 19.95000000000   10.27628    42.79112       0                -8.276
       2395 19.95833333333   10.31513    42.59170       0                -8.121
       2396 19.96666666667   10.35300    42.39213       0                -8.082
       2397 19.97500000000   10.38988    42.19242       0                -8.150
       2398 19.98333333333   10.42576    41.99257       0                -7.705
       2399 19.99166666667   10.46065    41.79260       0                -7.116
       2400 20.00000000000   10.49532    41.59084       0                -6.543
       2401 20.00833333333   10.52742    41.39228       0                -6.372
       2402 20.01666666667   10.55929    41.19194       0                -6.297
       2403 20.02500000000   10.59017    40.99150       0                -5.946
       2404 20.03333333333   10.62003    40.79096       0                -5.879
       2405 20.04166666667   10.64888    40.59032       0                -5.914
       2406 20.05000000000   10.67671    40.38960       0                -6.053
       2407 20.05833333333   10.70353    40.18879       0                -5.997
       2408 20.06666666667   10.72933    39.98790       0                -6.123
       2409 20.07500000000   10.75410    39.78695       0                -6.004
       2410 20.08333333333   10.77786    39.58592       0                -6.085
       2411 20.09166666667   10.80058    39.38484       0                -5.967
       2412 20.10000000000   10.82229    39.18371       0                -5.633
       2413 20.10833333333   10.84296    38.98253       0                -5.396
       2414 20.11666666667   10.86260    38.78131       0                -5.229
       2415 20.12500000000   10.88121    38.58005       0                -5.363
       2416 20.13333333333   10.89878    38.37877       0                -5.683
       2417 20.14166666667   10.91532    38.17747       0                -5.658
       2418 20.15000000000   10.93082    37.97616       0                -5.807
       2419 20.15833333333   10.94528    37.77483       0                -5.907
       2420 20.16666666667   10.95870    37.57351       0                -6.184
       2421 20.17500000000   10.97108    37.37219       0                -6.255
       2422 20.18333333333   10.98242    37.17088       0                -6.140
       2423 20.19166666667   10.99271    36.96959       0                -6.163
       2424 20.20000000000   11.00196    36.76832       0                -6.203
       2425 20.20833333333   11.01016    36.56709       0                -6.186
       2426 20.21666666667   11.01731    36.36589       0                -6.367
       2427 20.22500000000   11.02342    36.16474       0                -6.584
       2428 20.23333333333   11.02848    35.96364       0                -6.815
       2429 20.24166666667   11.03248    35.76260       0                -6.990
       2430 20.25000000000   11.03544    35.56162       0                -7.356
       2431 20.25833333333   11.03734    35.36071       0                -7.512
       2432 20.26666666667   11.03819    35.15988       0                -7.448
       2433 20.27500000000   11.03799    34.95914       0                -7.693
       2434 20.28333333333   11.03674    34.75848       0                -7.816
       2435 20.29166666667   11.03443    34.55793       0                -7.970
       2436 20.30000000000   11.03107    34.35747       0                -8.413
       2437 20.30833333333   11.02666    34.15713       0                -8.751
       2438 20.31666666667   11.02119    33.95691       0                -8.721
       2439 20.32500000000   11.01467    33.75681       0                -8.938
       2440 20.33333333333   11.00710    33.55685       0                -9.418
       2441 20.34166666667   10.99847    33.35702       0                -9.861
       2442 20.35000000000   10.98878    33.15734       0               -10.142
       2443 20.35833333333   10.97805    32.95781       0               -10.399
       2444 20.36666666667   10.96626    32.75844       0               -10.713
       2445 20.37500000000   10.95342    32.55923       0               -10.981
       2446 20.38333333333   10.93952    32.36019       0               -10.978
       2447 20.39166666667   10.92457    32.16133       0               -10.929
       2448 20.40000000000   10.90857    31.96266       0               -10.642
       2449 20.40833333333   10.89152    31.76418       0               -10.343
       2450 20.41666666667   10.87342    31.56590       0               -10.579
       2451 20.42500000000   10.85427    31.36782       0               -10.660
       2452 20.43333333333   10.83408    31.16996       0               -10.287
       2453 20.44166666667   10.81283    30.97231       0                -9.995
       2454 20.45000000000   10.79054    30.77488       0                -9.949
       2455 20.45833333333   10.76720    30.57769       0               -10.049
       2456 20.46666666667   10.74282    30.38074       0                -9.849
       2457 20.47500000000   10.71739    30.18403       0               -10.356
       2458 20.48333333333   10.69092    29.98757       0               -10.544
       2459 20.49166666667   10.66341    29.79136       0               -10.221
       2460 20.50000000000   10.63486    29.59543       0               -10.074
       2461 20.50833333333   10.60527    29.39976       0                -9.866
       2462 20.51666666667   10.57465    29.20436       0                -9.782
       2463 20.52500000000   10.54299    29.00925       0                -9.554
       2464 20.53333333333   10.51030    28.81443       0                -9.379
       2465 20.54166666667   10.47657    28.61990       0                -9.423
       2466 20.55000000000   10.44182    28.42568       0                -9.247
       2467 20.55833333333   10.40604    28.23176       0                -9.131
       2468 20.56666666667   10.36923    28.03815       0                -9.089
       2469 20.57500000000   10.33139    27.84487       0                -9.189
       2470 20.58333333333   10.29254    27.65191       0                -9.166
       2471 20.59166666667   10.25266    27.45928       0                -9.364
       2472 20.60000000000   10.21177    27.26699       0                -9.393
       2473 20.60833333333   10.16985    27.07504       0                -9.233
       2474 20.61666666667   10.12693    26.88345       0                -9.357
       2475 20.62500000000   10.08299    26.69220       0                -9.069
       2476 20.63333333333   10.03805    26.50132       0                -9.087
       2477 20.64166666667    9.99210    26.31081       0                -9.133
       2478 20.65000000000    9.94514    26.12067       0                -9.207
       2479 20.65833333333    9.89718    25.93090       0                -9.528
       2480 20.66666666667    9.84823    25.74153       0                -9.143
       2481 20.67500000000    9.79827    25.55254       0                -9.017
       2482 20.68333333333    9.74732    25.36394       0                -9.109
       2483 20.69166666667    9.69539    25.17575       0                -9.603
       2484 20.70000000000    9.64246    24.98796       0                -9.563
       2485 20.70833333333    9.58855    24.80058       0                -9.667
       2486 20.71666666667    9.53365    24.61362       0                -9.587
       2487 20.72500000000    9.47778    24.42708       0                -9.512
       2488 20.73333333333    9.42093    24.24096       0                -9.714
       2489 20.74166666667    9.36311    24.05528       0               -10.067
       2490 20.75000000000    9.30431    23.87004       0               -10.472
       2491 20.75833333333    9.24455    23.68524       0               -10.530
       2492 20.76666666667    9.18383    23.50088       0               -10.559
       2493 20.77500000000    9.12214    23.31698       0               -10.585
       2494 20.78333333333    9.05950    23.13353       0               -10.484
       2495 20.79166666667    8.99590    22.95054       0               -10.569
       2496 20.80000000000    8.93136    22.76802       0               -10.417
       2497 20.80833333333    8.86586    22.58598       0               -10.494
       2498 20.81666666667    8.79942    22.40440       0               -10.786
       2499 20.82500000000    8.73205    22.22331       0               -10.949
       2500 20.83333333333    8.66373    22.04270       0               -11.446
       2501 20.84166666667    8.59448    21.86258       0               -12.610
       2502 20.85000000000    8.52431    21.68295       0               -13.257
       2503 20.85833333333    8.45321    21.50382       0               -13.057
       2504 20.86666666667    8.38118    21.32519       0               -13.811
       2505 20.87500000000    8.30824    21.14707       0               -13.839
       2506 20.88333333333    8.23438    20.96946       0               -13.778
       2507 20.89166666667    8.15962    20.79236       0               -13.615
       2508 20.90000000000    8.08394    20.61577       0               -13.496
       2509 20.90833333333    8.00737    20.43971       0               -13.283
       2510 20.91666666667    7.92989    20.26418       0               -13.290
       2511 20.92500000000    7.85152    20.08917       0               -13.425
       2512 20.93333333333    7.77226    19.91470       0               -13.319
       2513 20.94166666667    7.69212    19.74076       0               -13.649
       2514 20.95000000000    7.61109    19.56737       0               -13.826
       2515 20.95833333333    7.52918    19.39451       0               -13.759
       2516 20.96666666667    7.44640    19.22220       0               -13.683
       2517 20.97500000000    7.36275    19.05045       0               -13.687
       2518 20.98333333333    7.27823    18.87925       0               -13.935
       2519 20.99166666667    7.19285    18.70860       0               -13.593
       2520 21.00000000000    7.10661    18.53851       0               -13.709
       2521 21.00833333333    7.01953    18.36899       0               -13.140
       2522 21.01666666667    6.93159    18.20003       0               -12.878
       2523 21.02500000000    6.84280    18.03164       0               -12.512
       2524 21.03333333333    6.75318    17.86382       0               -12.748
       2525 21.04166666667    6.66272    17.69658       0               -12.891
       2526 21.05000000000    6.57143    17.52992       0               -12.844
       2527 21.05833333333    6.47931    17.36383       0               -13.041
       2528 21.06666666667    6.38637    17.19833       0               -12.578
       2529 21.07500000000    6.29262    17.03341       0               -12.005
       2530 21.08333333333    6.19805    16.86908       0               -12.116
       2531 21.09166666667    6.10266    16.70534       0               -12.286
       2532 21.10000000000    6.00648    16.54219       0               -12.557
       2533 21.10833333333    5.90950    16.37964       0               -12.330
       2534 21.11666666667    5.81171    16.21768       0               -12.147
       2535 21.12500000000    5.71314    16.05632       0               -12.470
       2536 21.13333333333    5.61379    15.89556       0               -12.513
       2537 21.14166666667    5.51365    15.73541       0               -12.674
       2538 21.15000000000    5.41273    15.57586       0               -12.100
       2539 21.15833333333    5.31104    15.41692       0               -11.929
       2540 21.16666666667    5.20858    15.25859       0               -11.628
       2541 21.17500000000    5.10536    15.10086       0               -11.160
