# Created on 2018-12-12 16:17:49 
# Sources: d:\gpsother\tec-suite\in\2015\abcd0770.15d.Z, d:\gpsother\tec-suite\in\2015\brdc0770.15g.Z
# Satellite: R17 (k = 4.0)
# Interval: 30.0
# Sampling interval: 0.0 (not used).
# Site: abcd
# Position (L, B, H): 253.601641965, 52.1962622634, 578.574894483
# Position (X, Y, Z): -1106129.71, -3758704.03, 5016675.77
# datetime format: %Y-%m-%dT%H:%M:%S
# Columns: tsn, hour, el, az, validity, tec.l1l2
# (I11,1X,F14.11,1X,F10.5,1X,F11.5,1X,I7,1X,F21.3)
          0  0.00000000000   34.82190   132.39064       0               -51.949
          1  0.00833333333   35.07070   132.23080       0               -51.727
          2  0.01666666667   35.31918   132.06921       0               -51.637
          3  0.02500000000   35.56733   131.90584       0               -51.744
          4  0.03333333333   35.81515   131.74069       0               -51.907
          5  0.04166666667   36.06262   131.57372       0               -51.862
          6  0.05000000000   36.30974   131.40492       0               -51.733
          7  0.05833333333   36.55649   131.23427       0               -51.619
          8  0.06666666667   36.80285   131.06174       0               -51.495
          9  0.07500000000   37.04883   130.88731       0               -51.584
         10  0.08333333333   37.29440   130.71096       0               -51.626
         11  0.09166666667   37.53956   130.53267       0               -51.687
         12  0.10000000000   37.78430   130.35241       0               -51.432
         13  0.10833333333   38.02860   130.17016       0               -51.119
         14  0.11666666667   38.27245   129.98590       0               -50.716
         15  0.12500000000   38.51584   129.79961       0               -50.403
         16  0.13333333333   38.75876   129.61125       0               -50.209
         17  0.14166666667   39.00119   129.42081       0               -49.988
         18  0.15000000000   39.24313   129.22826       0               -50.166
         19  0.15833333333   39.48455   129.03358       0               -50.159
         20  0.16666666667   39.72545   128.83674       0               -50.049
         21  0.17500000000   39.96581   128.63771       0               -50.134
         22  0.18333333333   40.20562   128.43647       0               -50.190
         23  0.19166666667   40.44487   128.23300       0               -50.265
         24  0.20000000000   40.68354   128.02727       0               -50.288
         25  0.20833333333   40.92163   127.81925       0               -50.235
         26  0.21666666667   41.15910   127.60891       0               -50.355
         27  0.22500000000   41.39596   127.39624       0               -50.515
         28  0.23333333333   41.63218   127.18119       0               -50.847
         29  0.24166666667   41.86775   126.96375       0               -51.292
         30  0.25000000000   42.09485   126.75125       0               -51.552
         31  0.25833333333   42.33690   126.52157       0               -51.838
         32  0.26666666667   42.57044   126.29677       0               -52.069
         33  0.27500000000   42.80327   126.06947       0               -52.280
         34  0.28333333333   43.03538   125.83963       0               -52.570
         35  0.29166666667   43.26674   125.60722       0               -53.034
         36  0.30000000000   43.49735   125.37222       0               -53.306
         37  0.30833333333   43.72719   125.13460       0               -53.536
         38  0.31666666667   43.95624   124.89432       0               -53.653
         39  0.32500000000   44.18448   124.65137       0               -53.698
         40  0.33333333333   44.41190   124.40569       0               -53.931
         41  0.34166666667   44.63848   124.15728       0               -53.982
         42  0.35000000000   44.86420   123.90609       0               -53.968
         43  0.35833333333   45.08905   123.65211       0               -53.873
         44  0.36666666667   45.31301   123.39528       0               -53.972
         45  0.37500000000   45.53605   123.13560       0               -53.936
         46  0.38333333333   45.75816   122.87302       0               -54.010
         47  0.39166666667   45.97933   122.60752       0               -54.238
         48  0.40000000000   46.19953   122.33906       0               -54.507
         49  0.40833333333   46.41874   122.06761       0               -54.732
         50  0.41666666667   46.63695   121.79314       0               -54.880
         51  0.42500000000   46.85414   121.51563       0               -55.147
         52  0.43333333333   47.07028   121.23504       0               -55.163
         53  0.44166666667   47.28535   120.95134       0               -55.414
         54  0.45000000000   47.49934   120.66449       0               -55.665
         55  0.45833333333   47.71222   120.37448       0               -55.827
         56  0.46666666667   47.92397   120.08126       0               -56.019
         57  0.47500000000   48.13458   119.78480       0               -56.238
         58  0.48333333333   48.34402   119.48509       0               -56.382
         59  0.49166666667   48.55226   119.18207       0               -56.413
         60  0.50000000000   48.75242   118.88600       0               -56.402
         61  0.50833333333   48.92960   118.54671       0               -56.383
         62  0.51666666667   49.13351   118.23301       0               -56.386
         63  0.52500000000   49.33594   117.91571       0               -56.428
         64  0.53333333333   49.53686   117.59479       0               -56.444
         65  0.54166666667   49.73625   117.27022       0               -56.486
         66  0.55000000000   49.93409   116.94198       0               -56.503
         67  0.55833333333   50.13033   116.61005       0               -56.552
         68  0.56666666667   50.32496   116.27440       0               -56.485
         69  0.57500000000   50.51795   115.93502       0               -56.622
         70  0.58333333333   50.70926   115.59187       0               -56.717
         71  0.59166666667   50.89887   115.24495       0               -56.843
         72  0.60000000000   51.08675   114.89424       0               -56.987
         73  0.60833333333   51.27288   114.53972       0               -57.099
         74  0.61666666667   51.45721   114.18137       0               -57.054
         75  0.62500000000   51.63973   113.81918       0               -56.995
         76  0.63333333333   51.82040   113.45313       0               -57.057
         77  0.64166666667   51.99920   113.08321       0               -57.108
         78  0.65000000000   52.17609   112.70942       0               -57.265
         79  0.65833333333   52.35104   112.33173       0               -57.144
         80  0.66666666667   52.52402   111.95015       0               -57.061
         81  0.67500000000   52.69501   111.56467       0               -56.976
         82  0.68333333333   52.86397   111.17527       0               -56.868
         83  0.69166666667   53.03087   110.78197       0               -56.772
         84  0.70000000000   53.19568   110.38475       0               -56.773
         85  0.70833333333   53.35837   109.98362       0               -56.778
         86  0.71666666667   53.51890   109.57858       0               -56.827
         87  0.72500000000   53.67726   109.16963       0               -56.940
         88  0.73333333333   53.83340   108.75678       0               -56.909
         89  0.74166666667   53.98730   108.34004       0               -56.945
         90  0.75000000000   54.13892   107.91942       0               -56.936
         91  0.75833333333   54.28824   107.49492       0               -57.024
         92  0.76666666667   54.43522   107.06657       0               -57.217
         93  0.77500000000   54.57983   106.63438       0               -57.210
         94  0.78333333333   54.72204   106.19836       0               -57.344
         95  0.79166666667   54.86182   105.75855       0               -57.166
         96  0.80000000000   54.99914   105.31497       0               -57.117
         97  0.80833333333   55.13397   104.86764       0               -57.168
         98  0.81666666667   55.26628   104.41659       0               -57.247
         99  0.82500000000   55.39603   103.96185       0               -57.211
        100  0.83333333333   55.52320   103.50346       0               -57.042
        101  0.84166666667   55.64776   103.04145       0               -57.132
        102  0.85000000000   55.76968   102.57587       0               -57.120
        103  0.85833333333   55.88893   102.10676       0               -57.178
        104  0.86666666667   56.00547   101.63416       0               -57.220
        105  0.87500000000   56.11929   101.15812       0               -57.337
        106  0.88333333333   56.23035   100.67870       0               -57.401
        107  0.89166666667   56.33862   100.19594       0               -57.504
        108  0.90000000000   56.44408    99.70991       0               -57.477
        109  0.90833333333   56.54671    99.22066       0               -57.540
        110  0.91666666667   56.64646    98.72825       0               -57.601
        111  0.92500000000   56.74332    98.23276       0               -57.616
        112  0.93333333333   56.83727    97.73425       0               -57.711
        113  0.94166666667   56.92827    97.23280       0               -57.694
        114  0.95000000000   57.01630    96.72847       0               -57.803
        115  0.95833333333   57.10134    96.22135       0               -57.757
        116  0.96666666667   57.18336    95.71152       0               -57.766
        117  0.97500000000   57.26235    95.19905       0               -57.788
        118  0.98333333333   57.33828    94.68404       0               -57.761
        119  0.99166666667   57.41112    94.16657       0               -57.804
        120  1.00000000000   57.48086    93.64674       0               -57.692
        121  1.00833333333   57.52189    93.14252       0               -57.662
        122  1.01666666667   57.58471    92.61850       0               -57.520
        123  1.02500000000   57.64421    92.09258       0               -57.540
        124  1.03333333333   57.70037    91.56484       0               -57.451
        125  1.04166666667   57.75317    91.03542       0               -57.481
        126  1.05000000000   57.80260    90.50443       0               -57.525
        127  1.05833333333   57.84865    89.97198       0               -57.558
        128  1.06666666667   57.89130    89.43821       0               -57.655
        129  1.07500000000   57.93055    88.90324       0               -57.823
        130  1.08333333333   57.96639    88.36719       0               -57.787
        131  1.09166666667   57.99880    87.83018       0               -57.831
        132  1.10000000000   58.02778    87.29236       0               -57.748
        133  1.10833333333   58.05333    86.75384       0               -57.646
        134  1.11666666667   58.07544    86.21476       0               -57.944
        135  1.12500000000   58.09410    85.67524       0               -58.110
        136  1.13333333333   58.10932    85.13542       0               -58.063
        137  1.14166666667   58.12109    84.59544       0               -58.000
        138  1.15000000000   58.12942    84.05542       0               -57.907
        139  1.15833333333   58.13430    83.51549       0               -57.994
        140  1.16666666667   58.13573    82.97579       0               -58.133
        141  1.17500000000   58.13372    82.43645       0               -58.167
        142  1.18333333333   58.12829    81.89761       0               -58.316
        143  1.19166666667   58.11942    81.35938       0               -58.376
        144  1.20000000000   58.10713    80.82191       0               -58.580
        145  1.20833333333   58.09142    80.28532       0               -58.628
        146  1.21666666667   58.07232    79.74974       0               -58.630
        147  1.22500000000   58.04982    79.21530       0               -58.779
        148  1.23333333333   58.02394    78.68212       0               -58.800
        149  1.24166666667   57.99469    78.15033       0               -58.966
        150  1.25000000000   57.96208    77.62004       0               -59.040
        151  1.25833333333   57.92614    77.09138       0               -59.174
        152  1.26666666667   57.88687    76.56448       0               -59.267
        153  1.27500000000   57.84430    76.03943       0               -59.241
        154  1.28333333333   57.79844    75.51636       0               -59.224
        155  1.29166666667   57.74930    74.99538       0               -59.205
        156  1.30000000000   57.69692    74.47660       0               -59.259
        157  1.30833333333   57.64131    73.96012       0               -59.391
        158  1.31666666667   57.58249    73.44605       0               -59.357
        159  1.32500000000   57.52049    72.93449       0               -59.280
        160  1.33333333333   57.45532    72.42553       0               -58.937
        161  1.34166666667   57.38702    71.91928       0               -58.868
        162  1.35000000000   57.31560    71.41583       0               -58.975
        163  1.35833333333   57.24109    70.91525       0               -59.124
        164  1.36666666667   57.16352    70.41765       0               -59.211
        165  1.37500000000   57.08292    69.92311       0               -59.199
        166  1.38333333333   56.99931    69.43169       0               -59.238
        167  1.39166666667   56.91271    68.94349       0               -59.323
        168  1.40000000000   56.82317    68.45857       0               -59.263
        169  1.40833333333   56.73070    67.97700       0               -59.362
        170  1.41666666667   56.63534    67.49886       0               -59.475
        171  1.42500000000   56.53711    67.02420       0               -59.368
        172  1.43333333333   56.43605    66.55309       0               -59.165
        173  1.44166666667   56.33218    66.08558       0               -59.084
        174  1.45000000000   56.22555    65.62173       0               -59.075
        175  1.45833333333   56.11616    65.16159       0               -59.098
        176  1.46666666667   56.00407    64.70520       0               -59.210
        177  1.47500000000   55.88930    64.25262       0               -59.236
        178  1.48333333333   55.77188    63.80388       0               -59.213
        179  1.49166666667   55.65185    63.35902       0               -59.138
        180  1.50000000000   55.52923    62.91808       0               -58.970
        181  1.50833333333   55.40357    62.52700       0               -58.856
        182  1.51666666667   55.27557    62.09462       0               -58.766
        183  1.52500000000   55.14510    61.66656       0               -58.668
        184  1.53333333333   55.01218    61.24284       0               -58.786
        185  1.54166666667   54.87685    60.82348       0               -58.572
        186  1.55000000000   54.73916    60.40850       0               -58.839
        187  1.55833333333   54.59914    59.99792       0               -59.496
        188  1.56666666667   54.45682    59.59174       0               -59.377
        189  1.57500000000   54.31224    59.18997       0               -59.521
        190  1.58333333333   54.16543    58.79263       0               -59.444
        191  1.59166666667   54.01643    58.39971       0               -59.243
        192  1.60000000000   53.86528    58.01122       0               -59.280
        193  1.60833333333   53.71201    57.62716       0               -58.906
        194  1.61666666667   53.55666    57.24752       0               -58.797
        195  1.62500000000   53.39926    56.87231       0               -58.833
        196  1.63333333333   53.23984    56.50150       0               -58.638
        197  1.64166666667   53.07845    56.13510       0               -58.586
        198  1.65000000000   52.91510    55.77310       0               -58.455
        199  1.65833333333   52.74984    55.41547       0               -58.307
        200  1.66666666667   52.58271    55.06222       0               -58.160
        201  1.67500000000   52.41372    54.71331       0               -58.077
        202  1.68333333333   52.24292    54.36874       0               -58.055
        203  1.69166666667   52.07034    54.02849       0               -57.512
        204  1.70000000000   51.89600    53.69253       0               -58.303
        205  1.70833333333   51.71995    53.36085       0               -58.108
        206  1.71666666667   51.54221    53.03343       0               -58.386
        207  1.72500000000   51.36281    52.71023       0               -58.381
        208  1.73333333333   51.18178    52.39123       0               -58.762
        209  1.74166666667   50.99915    52.07642       0               -58.587
        210  1.75000000000   50.81496    51.76575       0               -59.037
        211  1.75833333333   50.62922    51.45921       0               -58.895
        212  1.76666666667   50.44198    51.15677       0               -59.019
        213  1.77500000000   50.25325    50.85839       0               -58.831
        214  1.78333333333   50.06307    50.56405       0               -58.355
        215  1.79166666667   49.87146    50.27371       0               -58.667
        216  1.80000000000   49.67845    49.98735       0               -58.663
        217  1.80833333333   49.48407    49.70493       0               -57.887
        218  1.81666666667   49.28834    49.42642       0               -57.189
        219  1.82500000000   49.09129    49.15179       0               -56.435
        220  1.83333333333   48.89294    48.88100       0               -57.195
        221  1.84166666667   48.69332    48.61402       0               -57.831
        222  1.85000000000   48.49246    48.35082       0               -57.429
        223  1.85833333333   48.29037    48.09135       0               -58.400
        224  1.86666666667   48.08708    47.83560       0               -57.845
        225  1.87500000000   47.88262    47.58352       0               -57.852
        226  1.88333333333   47.67700    47.33508       0               -56.873
        227  1.89166666667   47.47025    47.09024       0               -56.094
        228  1.90000000000   47.26240    46.84896       0               -57.799
        229  1.90833333333   47.05346    46.61122       0               -57.825
        230  1.91666666667   46.84345    46.37697       0               -58.035
        231  1.92500000000   46.63241    46.14619       0               -59.690
        232  1.93333333333   46.42033    45.91883       0               -59.962
        233  1.94166666667   46.20726    45.69487       0               -59.728
        234  1.95000000000   45.99320    45.47425       0               -59.645
        235  1.95833333333   45.77818    45.25696       0               -59.814
        236  1.96666666667   45.56222    45.04295       0               -59.922
        237  1.97500000000   45.34533    44.83219       0               -59.974
        238  1.98333333333   45.12753    44.62465       0               -59.295
        239  1.99166666667   44.90885    44.42029       0               -58.917
        240  2.00000000000   44.68929    44.21907       0               -58.962
        241  2.00833333333   44.48813    44.04495       0               -58.204
        242  2.01666666667   44.26684    43.85056       0               -57.679
        243  2.02500000000   44.04488    43.65936       0               -56.767
        244  2.03333333333   43.82224    43.47132       0               -56.750
        245  2.04166666667   43.59896    43.28640       0               -57.908
        246  2.05000000000   43.37504    43.10457       0               -58.127
        247  2.05833333333   43.15051    42.92578       0               -58.357
        248  2.06666666667   42.92537    42.75000       0               -58.624
        249  2.07500000000   42.69964    42.57720       0               -58.901
        250  2.08333333333   42.47335    42.40734       0               -57.390
        251  2.09166666667   42.24649    42.24039       0               -58.979
        252  2.10000000000   42.01910    42.07630       0               -58.959
        253  2.10833333333   41.79117    41.91506       0               -59.978
        254  2.11666666667   41.56273    41.75662       0               -55.806
        255  2.12500000000   41.33379    41.60095       0               -56.299
        256  2.13333333333   41.10436    41.44801       0               -55.351
        257  2.14166666667   40.87446    41.29779       0               -56.545
        258  2.15000000000   40.64409    41.15023       0               -57.627
        259  2.15833333333   40.41327    41.00532       0               -58.130
        260  2.16666666667   40.18201    40.86301       0               -58.584
        261  2.17500000000   39.95033    40.72329       0               -58.582
        262  2.18333333333   39.71823    40.58611       0               -58.521
        263  2.19166666667   39.48573    40.45145       0               -56.864
        264  2.20000000000   39.25283    40.31928       0               -57.773
        265  2.20833333333   39.01955    40.18957       0               -58.435
        266  2.21666666667   38.78590    40.06228       0               -57.152
        267  2.22500000000   38.55189    39.93740       0               -57.301
        268  2.23333333333   38.31753    39.81489       0               -58.016
        269  2.24166666667   38.08283    39.69472       0               -57.925
        270  2.25000000000   37.84779    39.57687       0               -58.002
        271  2.25833333333   37.61243    39.46130       0               -59.208
        272  2.26666666667   37.37676    39.34800       0               -59.629
        273  2.27500000000   37.14079    39.23694       0               -59.899
        274  2.28333333333   36.90452    39.12808       0               -59.820
        275  2.29166666667   36.66796    39.02141       0               -60.373
        276  2.30000000000   36.43112    38.91690       0               -60.414
        277  2.30833333333   36.19402    38.81452       0               -60.040
        278  2.31666666667   35.95665    38.71425       0               -59.938
        279  2.32500000000   35.71903    38.61607       0               -59.611
        280  2.33333333333   35.48116    38.51995       0               -59.526
        281  2.34166666667   35.24306    38.42586       0               -59.155
        282  2.35000000000   35.00472    38.33378       0               -59.355
        283  2.35833333333   34.76615    38.24370       0               -59.636
        284  2.36666666667   34.52738    38.15559       0               -59.215
        285  2.37500000000   34.28839    38.06942       0               -59.173
        286  2.38333333333   34.04919    37.98517       0               -59.488
        287  2.39166666667   33.80980    37.90283       0               -57.848
        288  2.40000000000   33.57022    37.82237       0               -59.247
        289  2.40833333333   33.33046    37.74377       0               -59.384
        290  2.41666666667   33.09052    37.66701       0               -59.512
        291  2.42500000000   32.85041    37.59206       0               -57.928
        292  2.43333333333   32.61013    37.51892       0               -57.955
        293  2.44166666667   32.36969    37.44755       0               -59.026
        294  2.45000000000   32.12910    37.37795       0               -59.832
        295  2.45833333333   31.88837    37.31008       0               -58.919
        296  2.46666666667   31.64749    37.24394       0               -58.652
        297  2.47500000000   31.40647    37.17950       0               -56.611
        298  2.48333333333   31.16532    37.11675       0               -55.360
        299  2.49166666667   30.92405    37.05566       0               -52.860
        300  2.50000000000   30.68265    36.99622       0               -50.855
        301  2.50833333333   30.46303    36.93945       0               -46.920
        302  2.51666666667   30.22157    36.88381       0               -45.621
        303  2.52500000000   29.98014    36.82976       0               -47.389
        304  2.53333333333   29.73876    36.77730       0               -47.744
        305  2.54166666667   29.49743    36.72640       0               -51.653
        306  2.55000000000   29.25614    36.67704       0               -54.725
        307  2.55833333333   29.01491    36.62922       0               -55.027
        308  2.56666666667   28.77374    36.58291       0               -55.262
        309  2.57500000000   28.53262    36.53810       0               -55.090
        310  2.58333333333   28.29157    36.49477       0               -56.113
        311  2.59166666667   28.05058    36.45292       0               -56.804
        312  2.60000000000   27.80966    36.41252       0               -57.031
        313  2.60833333333   27.56880    36.37355       0               -56.528
        314  2.61666666667   27.32802    36.33601       0               -56.376
        315  2.62500000000   27.08732    36.29988       0               -56.833
        316  2.63333333333   26.84669    36.26515       0               -56.987
        317  2.64166666667   26.60615    36.23180       0               -56.855
        318  2.65000000000   26.36568    36.19983       0               -56.005
        319  2.65833333333   26.12530    36.16920       0               -56.109
        320  2.66666666667   25.88501    36.13992       0               -56.171
        321  2.67500000000   25.64481    36.11198       0               -55.745
        322  2.68333333333   25.40469    36.08535       0               -56.591
        323  2.69166666667   25.16467    36.06002       0               -56.714
        324  2.70000000000   24.92475    36.03599       0               -55.097
        325  2.70833333333   24.68492    36.01324       0               -53.105
        326  2.71666666667   24.44519    35.99176       0               -51.291
        327  2.72500000000   24.20557    35.97154       0               -52.488
        328  2.73333333333   23.96604    35.95257       0               -51.847
        329  2.74166666667   23.72662    35.93484       0               -51.231
        330  2.75000000000   23.48731    35.91832       0               -52.622
        331  2.75833333333   23.24810    35.90303       0               -52.183
        332  2.76666666667   23.00901    35.88894       0               -52.790
        333  2.77500000000   22.77002    35.87604       0               -53.382
        334  2.78333333333   22.53115    35.86432       0               -53.002
        335  2.79166666667   22.29240    35.85378       0               -52.595
        336  2.80000000000   22.05376    35.84440       0               -52.229
        337  2.80833333333   21.81524    35.83618       0               -53.255
        338  2.81666666667   21.57684    35.82910       0               -52.679
        339  2.82500000000   21.33856    35.82315       0               -52.611
        340  2.83333333333   21.10040    35.81834       0               -52.568
        341  2.84166666667   20.86236    35.81463       0               -53.132
        342  2.85000000000   20.62446    35.81204       0               -53.211
        343  2.85833333333   20.38668    35.81055       0               -52.579
        344  2.86666666667   20.14903    35.81014       0               -52.455
        345  2.87500000000   19.91150    35.81082       0               -51.874
        346  2.88333333333   19.67411    35.81258       0               -50.855
        347  2.89166666667   19.43686    35.81539       0               -50.181
        348  2.90000000000   19.19974    35.81927       0               -50.164
        349  2.90833333333   18.96275    35.82420       0               -49.889
        350  2.91666666667   18.72590    35.83017       0               -50.231
        351  2.92500000000   18.48919    35.83717       0               -51.183
        352  2.93333333333   18.25262    35.84521       0               -51.517
        353  2.94166666667   18.01619    35.85426       0               -51.764
        354  2.95000000000   17.77991    35.86433       0               -51.361
        355  2.95833333333   17.54377    35.87540       0               -52.290
        356  2.96666666667   17.30777    35.88747       0               -53.028
        357  2.97500000000   17.07192    35.90053       0               -53.071
        358  2.98333333333   16.83622    35.91458       0               -52.818
        359  2.99166666667   16.60068    35.92960       0               -52.746
        360  3.00000000000   16.36528    35.94560       0               -52.649
        361  3.00833333333   16.14384    35.94858       0               -52.562
        362  3.01666666667   15.90898    35.96687       0               -52.243
        363  3.02500000000   15.67436    35.98601       0               -52.000
        364  3.03333333333   15.43999    36.00601       0               -51.866
        365  3.04166666667   15.20586    36.02685       0               -51.757
        366  3.05000000000   14.97198    36.04854       0               -51.240
        367  3.05833333333   14.73834    36.07106       0               -50.608
        368  3.06666666667   14.50494    36.09441       0               -49.083
        369  3.07500000000   14.27178    36.11859       0               -49.852
        370  3.08333333333   14.03886    36.14360       0               -49.319
        371  3.09166666667   13.80618    36.16942       0               -48.959
        372  3.10000000000   13.57375    36.19605       0               -49.176
        373  3.10833333333   13.34155    36.22349       0               -49.845
        374  3.11666666667   13.10960    36.25174       0               -50.813
        375  3.12500000000   12.87789    36.28079       0               -51.277
        376  3.13333333333   12.64641    36.31063       0               -51.978
        377  3.14166666667   12.41518    36.34127       0               -52.435
        378  3.15000000000   12.18418    36.37270       0               -52.569
        379  3.15833333333   11.95342    36.40491       0               -52.480
        380  3.16666666667   11.72290    36.43790       0               -52.117
        381  3.17500000000   11.49263    36.47167       0               -51.979
        382  3.18333333333   11.26258    36.50622       0               -51.801
        383  3.19166666667   11.03278    36.54153       0               -51.898
        384  3.20000000000   10.80322    36.57762       0               -52.337
        385  3.20833333333   10.57390    36.61446       0               -51.590
        386  3.21666666667   10.34481    36.65207       0               -50.584
        387  3.22500000000   10.11596    36.69044       0               -51.261
        388  3.23333333333    9.88735    36.72955       0               -51.016
        389  3.24166666667    9.65898    36.76943       0               -51.993
        390  3.25000000000    9.43085    36.81005       0               -52.339
        391  3.25833333333    9.20295    36.85141       0               -52.089
        392  3.26666666667    8.97530    36.89352       0               -51.441
        393  3.27500000000    8.74788    36.93637       0               -50.769
        394  3.28333333333    8.52071    36.97995       0               -50.519
        395  3.29166666667    8.29377    37.02427       0               -50.780
        396  3.30000000000    8.06707    37.06933       0               -50.783
        397  3.30833333333    7.84061    37.11511       0               -50.466
        398  3.31666666667    7.61439    37.16162       0               -50.689
        399  3.32500000000    7.38842    37.20886       0               -50.748
        400  3.33333333333    7.16268    37.25681       0               -50.251
        401  3.34166666667    6.93718    37.30549       0               -50.303
        402  3.35000000000    6.71193    37.35489       0               -50.522
        403  3.35833333333    6.48691    37.40500       0               -50.407
        404  3.36666666667    6.26214    37.45583       0               -48.708
        405  3.37500000000    6.03761    37.50737       0               -48.545
        406  3.38333333333    5.81333    37.55962       0               -50.605
        407  3.39166666667    5.58929    37.61258       0               -50.912
        408  3.40000000000    5.36549    37.66624       0               -49.942
        409  3.40833333333    5.14194    37.72061       0               -50.733
        410  3.41666666667    4.91863    37.77568       0               -50.276
       1494 12.45000000000    5.25361   328.35894       0                -3.307
       1495 12.45833333333    5.47992   328.38274       0                -4.029
       1496 12.46666666667    5.70643   328.40583       0                -3.958
       1497 12.47500000000    5.93315   328.42819       0                -4.587
       1498 12.48333333333    6.16008   328.44982       0                -4.713
       1499 12.49166666667    6.38722   328.47072       0                -4.725
       1500 12.50000000000    6.60698   328.49022       0                -5.044
       1501 12.50833333333    6.82504   328.49133       0                -5.501
       1502 12.51666666667    7.05280   328.50940       0                -5.590
       1503 12.52500000000    7.28069   328.52661       0                -6.137
       1504 12.53333333333    7.50873   328.54295       0                -6.240
       1505 12.54166666667    7.73691   328.55841       0                -6.339
       1506 12.55000000000    7.96523   328.57300       0                -6.573
       1507 12.55833333333    8.19368   328.58671       0                -6.668
       1508 12.56666666667    8.42226   328.59954       0                -6.730
       1509 12.57500000000    8.65098   328.61148       0                -7.002
       1510 12.58333333333    8.87983   328.62252       0                -7.012
       1511 12.59166666667    9.10881   328.63266       0                -7.313
       1512 12.60000000000    9.33791   328.64191       0                -7.466
       1513 12.60833333333    9.56715   328.65025       0                -8.004
       1514 12.61666666667    9.79651   328.65767       0                -7.680
       1515 12.62500000000   10.02600   328.66419       0                -7.853
       1516 12.63333333333   10.25561   328.66978       0                -8.174
       1517 12.64166666667   10.48534   328.67444       0                -8.421
       1518 12.65000000000   10.71519   328.67818       0                -8.744
       1519 12.65833333333   10.94517   328.68098       0                -8.903
       1520 12.66666666667   11.17526   328.68284       0                -9.139
       1521 12.67500000000   11.40547   328.68376       0                -9.295
       1522 12.68333333333   11.63579   328.68372       0                -9.309
       1523 12.69166666667   11.86623   328.68273       0                -9.316
       1524 12.70000000000   12.09679   328.68078       0                -9.387
       1525 12.70833333333   12.32745   328.67785       0                -9.577
       1526 12.71666666667   12.55823   328.67396       0                -9.672
       1527 12.72500000000   12.78912   328.66909       0                -9.746
       1528 12.73333333333   13.02011   328.66323       0                -9.867
       1529 12.74166666667   13.25121   328.65638       0               -10.041
       1530 12.75000000000   13.48242   328.64854       0                -9.981
       1531 12.75833333333   13.71374   328.63969       0               -10.044
       1532 12.76666666667   13.94515   328.62983       0               -10.041
       1533 12.77500000000   14.17667   328.61896       0               -10.012
       1534 12.78333333333   14.40829   328.60706       0                -9.977
       1535 12.79166666667   14.64001   328.59413       0               -10.107
       1536 12.80000000000   14.87183   328.58017       0               -10.355
       1537 12.80833333333   15.10374   328.56516       0               -10.466
       1538 12.81666666667   15.33575   328.54911       0               -10.533
       1539 12.82500000000   15.56785   328.53200       0               -10.586
       1540 12.83333333333   15.80005   328.51382       0               -10.794
       1541 12.84166666667   16.03234   328.49457       0               -10.836
       1542 12.85000000000   16.26472   328.47424       0               -10.812
       1543 12.85833333333   16.49719   328.45282       0               -10.894
       1544 12.86666666667   16.72974   328.43031       0               -11.083
       1545 12.87500000000   16.96238   328.40670       0               -11.104
       1546 12.88333333333   17.19511   328.38197       0               -11.037
       1547 12.89166666667   17.42792   328.35613       0               -10.947
       1548 12.90000000000   17.66081   328.32915       0               -10.819
       1549 12.90833333333   17.89378   328.30105       0               -10.788
       1550 12.91666666667   18.12683   328.27179       0               -10.873
       1551 12.92500000000   18.35996   328.24138       0               -10.849
       1552 12.93333333333   18.59316   328.20981       0               -10.747
       1553 12.94166666667   18.82643   328.17707       0               -10.924
       1554 12.95000000000   19.05978   328.14315       0               -10.942
       1555 12.95833333333   19.29320   328.10804       0               -11.128
       1556 12.96666666667   19.52668   328.07173       0               -11.251
       1557 12.97500000000   19.76023   328.03420       0               -11.380
       1558 12.98333333333   19.99385   327.99546       0               -11.484
       1559 12.99166666667   20.22753   327.95549       0               -11.552
       1560 13.00000000000   20.46127   327.91428       0               -11.612
       1561 13.00833333333   20.67589   327.86642       0               -11.620
       1562 13.01666666667   20.90953   327.82214       0               -11.524
       1563 13.02500000000   21.14309   327.77656       0               -11.577
       1564 13.03333333333   21.37657   327.72966       0               -11.625
       1565 13.04166666667   21.60996   327.68143       0               -11.700
       1566 13.05000000000   21.84327   327.63186       0               -11.743
       1567 13.05833333333   22.07648   327.58095       0               -11.783
       1568 13.06666666667   22.30959   327.52867       0               -11.733
       1569 13.07500000000   22.54260   327.47503       0               -11.638
       1570 13.08333333333   22.77551   327.42000       0               -11.491
       1571 13.09166666667   23.00830   327.36357       0               -11.491
       1572 13.10000000000   23.24098   327.30574       0               -11.509
       1573 13.10833333333   23.47355   327.24649       0               -11.678
       1574 13.11666666667   23.70599   327.18580       0               -11.763
       1575 13.12500000000   23.93830   327.12368       0               -11.802
       1576 13.13333333333   24.17048   327.06009       0               -11.811
       1577 13.14166666667   24.40253   326.99504       0               -11.733
       1578 13.15000000000   24.63443   326.92850       0               -11.751
       1579 13.15833333333   24.86619   326.86047       0               -11.930
       1580 13.16666666667   25.09780   326.79093       0               -11.958
       1581 13.17500000000   25.32925   326.71986       0               -11.892
       1582 13.18333333333   25.56055   326.64726       0               -11.658
       1583 13.19166666667   25.79168   326.57311       0               -11.488
       1584 13.20000000000   26.02263   326.49739       0               -11.438
       1585 13.20833333333   26.25342   326.42010       0               -11.477
       1586 13.21666666667   26.48402   326.34121       0               -11.569
       1587 13.22500000000   26.71443   326.26071       0               -11.603
       1588 13.23333333333   26.94466   326.17859       0               -11.636
       1589 13.24166666667   27.17468   326.09483       0               -11.658
       1590 13.25000000000   27.40451   326.00942       0               -11.611
       1591 13.25833333333   27.63412   325.92234       0               -11.719
       1592 13.26666666667   27.86352   325.83358       0               -11.679
       1593 13.27500000000   28.09270   325.74311       0               -11.693
       1594 13.28333333333   28.32165   325.65093       0               -11.679
       1595 13.29166666667   28.55037   325.55702       0               -11.719
       1596 13.30000000000   28.77885   325.46135       0               -11.793
       1597 13.30833333333   29.00708   325.36392       0               -11.792
       1598 13.31666666667   29.23506   325.26471       0               -11.765
       1599 13.32500000000   29.46278   325.16370       0               -11.765
       1600 13.33333333333   29.69023   325.06087       0               -11.716
       1601 13.34166666667   29.91741   324.95621       0               -11.701
       1602 13.35000000000   30.14431   324.84970       0               -11.733
       1603 13.35833333333   30.37092   324.74131       0               -11.734
       1604 13.36666666667   30.59724   324.63104       0               -11.743
       1605 13.37500000000   30.82325   324.51886       0               -11.759
       1606 13.38333333333   31.04896   324.40476       0               -11.766
       1607 13.39166666667   31.27434   324.28871       0               -11.830
       1608 13.40000000000   31.49940   324.17070       0               -11.851
       1609 13.40833333333   31.72412   324.05070       0               -11.874
       1610 13.41666666667   31.94850   323.92871       0               -11.875
       1611 13.42500000000   32.17252   323.80470       0               -11.864
       1612 13.43333333333   32.39619   323.67864       0               -11.878
       1613 13.44166666667   32.61949   323.55052       0               -11.896
       1614 13.45000000000   32.84241   323.42033       0               -11.866
       1615 13.45833333333   33.06494   323.28803       0               -11.823
       1616 13.46666666667   33.28707   323.15361       0               -11.812
       1617 13.47500000000   33.50879   323.01704       0               -11.772
       1618 13.48333333333   33.73010   322.87832       0               -11.744
       1619 13.49166666667   33.95099   322.73741       0               -11.767
       1620 13.50000000000   34.17143   322.59429       0               -11.770
       1621 13.50833333333   34.37017   322.46230       0               -11.791
       1622 13.51666666667   34.58930   322.31441       0               -11.785
       1623 13.52500000000   34.80781   322.16434       0               -11.782
       1624 13.53333333333   35.02570   322.01208       0               -11.776
       1625 13.54166666667   35.24295   321.85760       0               -11.752
       1626 13.55000000000   35.45955   321.70088       0               -11.737
       1627 13.55833333333   35.67549   321.54191       0               -11.726
       1628 13.56666666667   35.89076   321.38066       0               -11.691
       1629 13.57500000000   36.10534   321.21711       0               -11.715
       1630 13.58333333333   36.31923   321.05125       0               -11.715
       1631 13.59166666667   36.53241   320.88304       0               -11.743
       1632 13.60000000000   36.74486   320.71247       0               -11.757
       1633 13.60833333333   36.95658   320.53953       0               -11.753
       1634 13.61666666667   37.16755   320.36417       0               -11.766
       1635 13.62500000000   37.37775   320.18640       0               -11.785
       1636 13.63333333333   37.58718   320.00618       0               -11.806
       1637 13.64166666667   37.79582   319.82349       0               -11.819
       1638 13.65000000000   38.00365   319.63832       0               -11.858
       1639 13.65833333333   38.21066   319.45064       0               -11.866
       1640 13.66666666667   38.41684   319.26042       0               -11.858
       1641 13.67500000000   38.62216   319.06766       0               -11.806
       1642 13.68333333333   38.82663   318.87232       0               -11.765
       1643 13.69166666667   39.03021   318.67439       0               -11.749
       1644 13.70000000000   39.23290   318.47384       0               -11.750
       1645 13.70833333333   39.43467   318.27066       0               -11.724
       1646 13.71666666667   39.63552   318.06482       0               -11.733
       1647 13.72500000000   39.83543   317.85630       0               -11.722
       1648 13.73333333333   40.03437   317.64507       0               -11.724
       1649 13.74166666667   40.23234   317.43113       0               -11.712
       1650 13.75000000000   40.42931   317.21445       0               -11.708
       1651 13.75833333333   40.62527   316.99500       0               -11.715
       1652 13.76666666667   40.82020   316.77277       0               -11.703
       1653 13.77500000000   41.01408   316.54774       0               -11.668
       1654 13.78333333333   41.20690   316.31988       0               -11.673
       1655 13.79166666667   41.39863   316.08918       0               -11.660
       1656 13.80000000000   41.58925   315.85561       0               -11.650
       1657 13.80833333333   41.77876   315.61917       0               -11.630
       1658 13.81666666667   41.96713   315.37982       0               -11.604
       1659 13.82500000000   42.15433   315.13754       0               -11.580
       1660 13.83333333333   42.34035   314.89233       0               -11.578
       1661 13.84166666667   42.52518   314.64416       0               -11.594
       1662 13.85000000000   42.70878   314.39301       0               -11.588
       1663 13.85833333333   42.89114   314.13887       0               -11.549
       1664 13.86666666667   43.07224   313.88172       0               -11.522
       1665 13.87500000000   43.25206   313.62154       0               -11.531
       1666 13.88333333333   43.43057   313.35831       0               -11.519
       1667 13.89166666667   43.60775   313.09203       0               -11.538
       1668 13.90000000000   43.78359   312.82267       0               -11.531
       1669 13.90833333333   43.95806   312.55022       0               -11.492
       1670 13.91666666667   44.13113   312.27466       0               -11.476
       1671 13.92500000000   44.30279   311.99598       0               -11.465
       1672 13.93333333333   44.47301   311.71418       0               -11.464
       1673 13.94166666667   44.64177   311.42923       0               -11.424
       1674 13.95000000000   44.80904   311.14112       0               -11.432
       1675 13.95833333333   44.97481   310.84985       0               -11.396
       1676 13.96666666667   45.13904   310.55540       0               -11.396
       1677 13.97500000000   45.30172   310.25777       0               -11.373
       1678 13.98333333333   45.46282   309.95694       0               -11.367
       1679 13.99166666667   45.62231   309.65291       0               -11.363
       1680 14.00000000000   45.78017   309.34567       0               -11.345
       1681 14.00833333333   45.92730   309.06961       0               -11.357
       1682 14.01666666667   46.08142   308.75607       0               -11.353
       1683 14.02500000000   46.23377   308.43956       0               -11.324
       1684 14.03333333333   46.38435   308.12006       0               -11.320
       1685 14.04166666667   46.53311   307.79757       0               -11.311
       1686 14.05000000000   46.68004   307.47211       0               -11.299
       1687 14.05833333333   46.82512   307.14366       0               -11.297
       1688 14.06666666667   46.96832   306.81223       0               -11.270
       1689 14.07500000000   47.10963   306.47784       0               -11.269
       1690 14.08333333333   47.24900   306.14047       0               -11.261
       1691 14.09166666667   47.38643   305.80015       0               -11.243
       1692 14.10000000000   47.52189   305.45688       0               -11.221
       1693 14.10833333333   47.65535   305.11066       0               -11.227
       1694 14.11666666667   47.78680   304.76152       0               -11.192
       1695 14.12500000000   47.91620   304.40945       0               -11.202
       1696 14.13333333333   48.04353   304.05448       0               -11.205
       1697 14.14166666667   48.16877   303.69662       0               -11.178
       1698 14.15000000000   48.29190   303.33589       0               -11.173
       1699 14.15833333333   48.41289   302.97230       0               -11.182
       1700 14.16666666667   48.53172   302.60586       0               -11.179
       1701 14.17500000000   48.64836   302.23662       0               -11.171
       1702 14.18333333333   48.76280   301.86457       0               -11.149
       1703 14.19166666667   48.87500   301.48976       0               -11.137
       1704 14.20000000000   48.98494   301.11220       0               -11.146
       1705 14.20833333333   49.09261   300.73192       0               -11.134
       1706 14.21666666667   49.19797   300.34894       0               -11.133
       1707 14.22500000000   49.30101   299.96331       0               -11.120
       1708 14.23333333333   49.40169   299.57504       0               -11.092
       1709 14.24166666667   49.50001   299.18418       0               -11.087
       1710 14.25000000000   49.59593   298.79075       0               -11.094
       1711 14.25833333333   49.68944   298.39480       0               -11.074
       1712 14.26666666667   49.78051   297.99635       0               -11.089
       1713 14.27500000000   49.86912   297.59546       0               -11.070
       1714 14.28333333333   49.95524   297.19216       0               -11.045
       1715 14.29166666667   50.03887   296.78649       0               -11.028
       1716 14.30000000000   50.11996   296.37851       0               -11.042
       1717 14.30833333333   50.19852   295.96824       0               -11.048
       1718 14.31666666667   50.27451   295.55575       0               -10.979
       1719 14.32500000000   50.34791   295.14109       0               -10.987
       1720 14.33333333333   50.41871   294.72429       0               -11.004
       1721 14.34166666667   50.48689   294.30543       0               -11.030
       1722 14.35000000000   50.55243   293.88454       0               -11.015
       1723 14.35833333333   50.61530   293.46169       0               -11.033
       1724 14.36666666667   50.67549   293.03693       0               -11.048
       1725 14.37500000000   50.73299   292.61032       0               -11.083
       1726 14.38333333333   50.78778   292.18192       0               -11.111
       1727 14.39166666667   50.83984   291.75180       0               -11.143
       1728 14.40000000000   50.88915   291.32002       0               -11.180
       1729 14.40833333333   50.93570   290.88663       0               -11.201
       1730 14.41666666667   50.97947   290.45171       0               -11.233
       1731 14.42500000000   51.02046   290.01532       0               -11.237
       1732 14.43333333333   51.05864   289.57754       0               -11.232
       1733 14.44166666667   51.09401   289.13842       0               -11.235
       1734 14.45000000000   51.12654   288.69805       0               -11.229
       1735 14.45833333333   51.15624   288.25649       0               -11.208
       1736 14.46666666667   51.18308   287.81382       0               -11.202
       1737 14.47500000000   51.20706   287.37010       0               -11.200
       1738 14.48333333333   51.22817   286.92542       0               -11.148
       1739 14.49166666667   51.24640   286.47985       0               -11.127
       1740 14.50000000000   51.26174   286.03346       0               -11.110
       1741 14.50833333333   51.28895   285.61774       0               -11.108
       1742 14.51666666667   51.29825   285.17019       0               -11.113
       1743 14.52500000000   51.30475   284.72228       0               -11.081
       1744 14.53333333333   51.30844   284.27405       0               -11.080
       1745 14.54166666667   51.30932   283.82559       0               -11.049
       1746 14.55000000000   51.30738   283.37697       0               -11.013
       1747 14.55833333333   51.30263   282.92826       0               -11.023
       1748 14.56666666667   51.29506   282.47953       0               -10.979
       1749 14.57500000000   51.28468   282.03086       0               -10.947
       1750 14.58333333333   51.27148   281.58231       0               -10.922
       1751 14.59166666667   51.25547   281.13396       0               -10.906
       1752 14.60000000000   51.23665   280.68589       0               -10.898
       1753 14.60833333333   51.21502   280.23816       0               -10.941
       1754 14.61666666667   51.19058   279.79084       0               -10.925
       1755 14.62500000000   51.16335   279.34401       0               -10.900
       1756 14.63333333333   51.13331   278.89774       0               -10.843
       1757 14.64166666667   51.10048   278.45209       0               -10.848
       1758 14.65000000000   51.06487   278.00714       0               -10.830
       1759 14.65833333333   51.02648   277.56296       0               -10.825
       1760 14.66666666667   50.98531   277.11961       0               -10.804
       1761 14.67500000000   50.94138   276.67716       0               -10.755
       1762 14.68333333333   50.89469   276.23568       0               -10.727
       1763 14.69166666667   50.84526   275.79524       0               -10.717
       1764 14.70000000000   50.79308   275.35590       0               -10.717
       1765 14.70833333333   50.73818   274.91772       0               -10.712
       1766 14.71666666667   50.68056   274.48077       0               -10.670
       1767 14.72500000000   50.62023   274.04511       0               -10.656
       1768 14.73333333333   50.55721   273.61081       0               -10.672
       1769 14.74166666667   50.49151   273.17791       0               -10.674
       1770 14.75000000000   50.42314   272.74649       0               -10.664
       1771 14.75833333333   50.35211   272.31660       0               -10.683
       1772 14.76666666667   50.27844   271.88829       0               -10.695
       1773 14.77500000000   50.20214   271.46163       0               -10.732
       1774 14.78333333333   50.12322   271.03666       0               -10.730
       1775 14.79166666667   50.04171   270.61344       0               -10.748
       1776 14.80000000000   49.95762   270.19202       0               -10.738
       1777 14.80833333333   49.87096   269.77246       0               -10.750
       1778 14.81666666667   49.78176   269.35479       0               -10.747
       1779 14.82500000000   49.69002   268.93907       0               -10.707
       1780 14.83333333333   49.59577   268.52535       0               -10.703
       1781 14.84166666667   49.49902   268.11366       0               -10.709
       1782 14.85000000000   49.39980   267.70406       0               -10.716
       1783 14.85833333333   49.29811   267.29658       0               -10.713
       1784 14.86666666667   49.19399   266.89127       0               -10.698
       1785 14.87500000000   49.08744   266.48816       0               -10.684
       1786 14.88333333333   48.97850   266.08730       0               -10.650
       1787 14.89166666667   48.86717   265.68871       0               -10.578
       1788 14.90000000000   48.75348   265.29243       0               -10.549
       1789 14.90833333333   48.63746   264.89851       0               -10.525
       1790 14.91666666667   48.51911   264.50696       0               -10.480
       1791 14.92500000000   48.39847   264.11782       0               -10.449
       1792 14.93333333333   48.27555   263.73112       0               -10.398
       1793 14.94166666667   48.15038   263.34688       0               -10.360
       1794 14.95000000000   48.02297   262.96514       0               -10.332
       1795 14.95833333333   47.89335   262.58592       0               -10.306
       1796 14.96666666667   47.76155   262.20923       0               -10.281
       1797 14.97500000000   47.62758   261.83511       0               -10.201
       1798 14.98333333333   47.49147   261.46358       0               -10.149
       1799 14.99166666667   47.35323   261.09465       0               -10.057
       1800 15.00000000000   47.21290   260.72834       0               -10.087
       1801 15.00833333333   47.09870   260.35776       0                -9.982
       1802 15.01666666667   46.95411   259.99689       0                -9.967
       1803 15.02500000000   46.80767   259.63865       0               -10.039
       1804 15.03333333333   46.65942   259.28302       0                -9.942
       1805 15.04166666667   46.50937   258.93001       0                -9.861
       1806 15.05000000000   46.35754   258.57964       0                -9.915
       1807 15.05833333333   46.20395   258.23190       0                -9.927
       1808 15.06666666667   46.04863   257.88680       0                -9.886
       1809 15.07500000000   45.89160   257.54433       0                -9.823
       1810 15.08333333333   45.73287   257.20450       0                -9.778
       1811 15.09166666667   45.57247   256.86732       0                -9.749
       1812 15.10000000000   45.41042   256.53277       0                -9.727
       1813 15.10833333333   45.24673   256.20086       0                -9.761
       1814 15.11666666667   45.08144   255.87158       0                -9.540
       1815 15.12500000000   44.91456   255.54494       0                -9.413
       1816 15.13333333333   44.74610   255.22093       0                -9.446
       1817 15.14166666667   44.57610   254.89954       0                -9.492
       1818 15.15000000000   44.40458   254.58077       0                -9.424
       1819 15.15833333333   44.23154   254.26461       0                -9.391
       1820 15.16666666667   44.05702   253.95106       0                -9.287
       1821 15.17500000000   43.88103   253.64012       0                -9.227
       1822 15.18333333333   43.70359   253.33176       0                -9.168
       1823 15.19166666667   43.52473   253.02599       0                -9.143
       1824 15.20000000000   43.34446   252.72280       0                -9.082
       1825 15.20833333333   43.16280   252.42218       0                -8.962
       1826 15.21666666667   42.97977   252.12411       0                -8.871
       1827 15.22500000000   42.79539   251.82860       0                -8.826
       1828 15.23333333333   42.60969   251.53562       0                -8.716
       1829 15.24166666667   42.42268   251.24517       0                -8.654
       1830 15.25000000000   42.23437   250.95724       0                -8.655
       1831 15.25833333333   42.04479   250.67181       0                -8.553
       1832 15.26666666667   41.85397   250.38887       0                -8.436
       1833 15.27500000000   41.66190   250.10842       0                -8.444
       1834 15.28333333333   41.46863   249.83043       0                -8.309
       1835 15.29166666667   41.27415   249.55489       0                -8.210
       1836 15.30000000000   41.07850   249.28180       0                -8.159
       1837 15.30833333333   40.88169   249.01114       0                -8.050
       1838 15.31666666667   40.68373   248.74288       0                -7.964
       1839 15.32500000000   40.48465   248.47703       0                -7.809
       1840 15.33333333333   40.28447   248.21357       0                -7.804
       1841 15.34166666667   40.08320   247.95247       0                -7.742
       1842 15.35000000000   39.88085   247.69373       0                -7.647
       1843 15.35833333333   39.67746   247.43734       0                -7.539
       1844 15.36666666667   39.47302   247.18326       0                -7.537
       1845 15.37500000000   39.26757   246.93150       0                -7.496
       1846 15.38333333333   39.06112   246.68204       0                -7.395
       1847 15.39166666667   38.85368   246.43485       0                -7.317
       1848 15.40000000000   38.64527   246.18993       0                -7.290
       1849 15.40833333333   38.43591   245.94725       0                -7.249
       1850 15.41666666667   38.22562   245.70681       0                -7.196
       1851 15.42500000000   38.01440   245.46859       0                -7.130
       1852 15.43333333333   37.80229   245.23256       0                -7.134
       1853 15.44166666667   37.58928   244.99872       0                -7.065
       1854 15.45000000000   37.37541   244.76704       0                -7.024
       1855 15.45833333333   37.16068   244.53752       0                -6.998
       1856 15.46666666667   36.94511   244.31013       0                -6.950
       1857 15.47500000000   36.72871   244.08486       0                -6.914
       1858 15.48333333333   36.51151   243.86169       0                -6.874
       1859 15.49166666667   36.29351   243.64061       0                -6.773
       1860 15.50000000000   36.07473   243.42160       0                -6.708
       1861 15.50833333333   35.88072   243.17110       0                -6.621
       1862 15.51666666667   35.66036   242.95621       0                -6.629
       1863 15.52500000000   35.43944   242.74311       0                -6.560
       1864 15.53333333333   35.21795   242.53179       0                -6.598
       1865 15.54166666667   34.99592   242.32222       0                -6.504
       1866 15.55000000000   34.77336   242.11439       0                -6.446
       1867 15.55833333333   34.55026   241.90829       0                -6.423
       1868 15.56666666667   34.32665   241.70389       0                -6.354
       1869 15.57500000000   34.10254   241.50118       0                -6.320
       1870 15.58333333333   33.87793   241.30014       0                -6.272
       1871 15.59166666667   33.65283   241.10076       0                -6.161
       1872 15.60000000000   33.42726   240.90303       0                -6.098
       1873 15.60833333333   33.20122   240.70692       0                -6.016
       1874 15.61666666667   32.97473   240.51242       0                -5.914
       1875 15.62500000000   32.74780   240.31951       0                -5.876
       1876 15.63333333333   32.52042   240.12818       0                -5.795
       1877 15.64166666667   32.29262   239.93842       0                -5.679
       1878 15.65000000000   32.06441   239.75020       0                -5.583
       1879 15.65833333333   31.83578   239.56351       0                -5.491
       1880 15.66666666667   31.60676   239.37835       0                -5.368
       1881 15.67500000000   31.37734   239.19468       0                -5.286
       1882 15.68333333333   31.14755   239.01251       0                -5.142
       1883 15.69166666667   30.91738   238.83180       0                -4.947
       1884 15.70000000000   30.68686   238.65256       0                -4.747
       1885 15.70833333333   30.45597   238.47476       0                -4.637
       1886 15.71666666667   30.22474   238.29839       0                -4.577
       1887 15.72500000000   29.99318   238.12344       0                -4.368
       1888 15.73333333333   29.76128   237.94989       0                -4.174
       1889 15.74166666667   29.52907   237.77772       0                -4.142
       1890 15.75000000000   29.29654   237.60694       0                -4.008
       1891 15.75833333333   29.06371   237.43751       0                -3.902
       1892 15.76666666667   28.83058   237.26943       0                -3.711
       1893 15.77500000000   28.59716   237.10268       0                -3.537
       1894 15.78333333333   28.36347   236.93726       0                -3.358
       1895 15.79166666667   28.12950   236.77315       0                -3.189
       1896 15.80000000000   27.89526   236.61033       0                -2.963
       1897 15.80833333333   27.66077   236.44879       0                -2.755
       1898 15.81666666667   27.42603   236.28852       0                -2.522
       1899 15.82500000000   27.19104   236.12951       0                -2.257
       1900 15.83333333333   26.95582   235.97175       0                -2.031
       1901 15.84166666667   26.72037   235.81522       0                -1.828
       1902 15.85000000000   26.48470   235.65991       0                -1.580
       1903 15.85833333333   26.24882   235.50581       0                -1.286
       1904 15.86666666667   26.01273   235.35290       0                -1.050
       1905 15.87500000000   25.77644   235.20118       0                -0.810
       1906 15.88333333333   25.53996   235.05064       0                -0.569
       1907 15.89166666667   25.30329   234.90125       0                -0.331
       1908 15.90000000000   25.06644   234.75302       0                -0.081
       1909 15.90833333333   24.82942   234.60593       0                 0.176
       1910 15.91666666667   24.59223   234.45996       0                 0.450
       1911 15.92500000000   24.35488   234.31512       0                 0.698
       1912 15.93333333333   24.11738   234.17138       0                 0.927
       1913 15.94166666667   23.87973   234.02873       0                 1.159
       1914 15.95000000000   23.64194   233.88717       0                 1.434
       1915 15.95833333333   23.40401   233.74669       0                 1.676
       1916 15.96666666667   23.16596   233.60727       0                 1.913
       1917 15.97500000000   22.92778   233.46890       0                 2.156
       1918 15.98333333333   22.68948   233.33158       0                 2.455
       1919 15.99166666667   22.45108   233.19530       0                 2.677
       1920 16.00000000000   22.21257   233.06003       0                 2.911
       1921 16.00833333333   21.99441   232.88504       0                 3.186
       1922 16.01666666667   21.75570   232.75160       0                 3.513
       1923 16.02500000000   21.51704   232.61888       0                 3.880
       1924 16.03333333333   21.27842   232.48687       0                 4.203
       1925 16.04166666667   21.03985   232.35556       0                 4.455
       1926 16.05000000000   20.80133   232.22496       0                 4.626
       1927 16.05833333333   20.56287   232.09504       0                 4.749
       1928 16.06666666667   20.32447   231.96581       0                 4.977
       1929 16.07500000000   20.08613   231.83725       0                 5.341
       1930 16.08333333333   19.84786   231.70935       0                 5.537
       1931 16.09166666667   19.60966   231.58211       0                 5.788
       1932 16.10000000000   19.37153   231.45553       0                 6.094
       1933 16.10833333333   19.13348   231.32959       0                 6.388
       1934 16.11666666667   18.89551   231.20428       0                 6.737
       1935 16.12500000000   18.65762   231.07961       0                 7.075
       1936 16.13333333333   18.41981   230.95556       0                 7.339
       1937 16.14166666667   18.18209   230.83212       0                 7.652
       1938 16.15000000000   17.94446   230.70929       0                 7.992
       1939 16.15833333333   17.70693   230.58706       0                 8.295
       1940 16.16666666667   17.46949   230.46542       0                 8.651
       1941 16.17500000000   17.23215   230.34438       0                 8.929
       1942 16.18333333333   16.99491   230.22391       0                 9.202
       1943 16.19166666667   16.75777   230.10402       0                 9.494
       1944 16.20000000000   16.52075   229.98469       0                 9.767
       1945 16.20833333333   16.28383   229.86593       0                10.097
       1946 16.21666666667   16.04702   229.74772       0                10.389
       1947 16.22500000000   15.81033   229.63007       0                10.680
       1948 16.23333333333   15.57376   229.51295       0                10.948
       1949 16.24166666667   15.33731   229.39637       0                11.168
       1950 16.25000000000   15.10098   229.28032       0                11.433
       1951 16.25833333333   14.86477   229.16480       0                11.799
       1952 16.26666666667   14.62869   229.04979       0                12.164
       1953 16.27500000000   14.39275   228.93530       0                12.510
       1954 16.28333333333   14.15693   228.82131       0                12.773
       1955 16.29166666667   13.92124   228.70783       0                13.036
       1956 16.30000000000   13.68570   228.59484       0                13.359
       1957 16.30833333333   13.45029   228.48234       0                13.701
       1958 16.31666666667   13.21502   228.37033       0                14.139
       1959 16.32500000000   12.97989   228.25879       0                14.460
       1960 16.33333333333   12.74491   228.14773       0                14.858
       1961 16.34166666667   12.51008   228.03713       0                15.185
       1962 16.35000000000   12.27540   227.92700       0                15.553
       1963 16.35833333333   12.04086   227.81733       0                16.046
       1964 16.36666666667   11.80648   227.70811       0                16.498
       1965 16.37500000000   11.57225   227.59933       0                16.852
       1966 16.38333333333   11.33818   227.49100       0                17.207
       1967 16.39166666667   11.10427   227.38310       0                17.590
       1968 16.40000000000   10.87052   227.27564       0                18.025
       1969 16.40833333333   10.63693   227.16860       0                18.332
       1970 16.41666666667   10.40351   227.06199       0                18.735
       1971 16.42500000000   10.17025   226.95579       0                19.283
       1972 16.43333333333    9.93716   226.85001       0                19.652
       1973 16.44166666667    9.70423   226.74464       0                20.135
       1974 16.45000000000    9.47148   226.63966       0                20.656
       1975 16.45833333333    9.23890   226.53509       0                21.182
       1976 16.46666666667    9.00649   226.43091       0                21.735
       1977 16.47500000000    8.77426   226.32712       0                22.300
       1978 16.48333333333    8.54221   226.22371       0                23.025
       1979 16.49166666667    8.31033   226.12069       0                23.649
       1980 16.50000000000    8.07864   226.01804       0                24.218
       1981 16.50833333333    7.86651   225.87743       0                24.676
       1982 16.51666666667    7.63524   225.77512       0                25.085
       1983 16.52500000000    7.40427   225.67291       0                25.432
       1984 16.53333333333    7.17362   225.57081       0                25.972
       1985 16.54166666667    6.94328   225.46881       0                26.576
       1986 16.55000000000    6.71325   225.36691       0                27.248
       1987 16.55833333333    6.48353   225.26510       0                27.946
       1988 16.56666666667    6.25413   225.16339       0                28.795
       1989 16.57500000000    6.02504   225.06176       0                29.638
       1990 16.58333333333    5.79626   224.96023       0                30.553
       1991 16.59166666667    5.56780   224.85877       0                31.298
       1992 16.60000000000    5.33966   224.75740       0                32.155
       1993 16.60833333333    5.11183   224.65610       0                33.011
       1994 16.61666666667    4.88432   224.55488       0                33.774
       2625 21.87500000000    5.16727   120.93910       0                -2.092
       2626 21.88333333333    5.38509   120.81642       0                -2.411
       2627 21.89166666667    5.60311   120.69351       0                -2.891
       2628 21.90000000000    5.82132   120.57037    4464                 0.000
       2629 21.90833333333    6.03972   120.44697       0               -82.027
       2630 21.91666666667    6.25830   120.32333       0               -82.302
       2631 21.92500000000    6.47707   120.19943       0               -82.578
       2632 21.93333333333    6.69602   120.07528       0               -82.790
       2633 21.94166666667    6.91516   119.95087       0               -83.035
       2634 21.95000000000    7.13447   119.82620       0               -83.414
       2635 21.95833333333    7.35397   119.70126       0               -83.874
       2636 21.96666666667    7.57364   119.57604       0               -84.327
       2637 21.97500000000    7.79349   119.45055       0               -84.660
       2638 21.98333333333    8.01351   119.32478       0               -85.012
       2639 21.99166666667    8.23371   119.19873       0               -85.240
       2640 22.00000000000    8.45407   119.07238       0               -85.428
       2641 22.00833333333    8.65261   118.90927       0               -86.076
       2642 22.01666666667    8.87293   118.78191       0               -86.616
       2643 22.02500000000    9.09328   118.65401       0               -87.154
       2644 22.03333333333    9.31365   118.52555       0               -87.693
       2645 22.04166666667    9.53403   118.39654       0               -88.366
       2646 22.05000000000    9.75442   118.26696       0               -88.903
       2647 22.05833333333    9.97482   118.13681       0               -89.344
       2648 22.06666666667   10.19523   118.00610       0               -89.893
       2649 22.07500000000   10.41564   117.87481       0               -90.505
       2650 22.08333333333   10.63605   117.74293       0               -91.193
       2651 22.09166666667   10.85645   117.61047       0               -91.717
       2652 22.10000000000   11.07684   117.47741       0               -92.075
       2653 22.10833333333   11.29723   117.34376       0               -92.457
       2654 22.11666666667   11.51760   117.20950       0               -93.005
       2655 22.12500000000   11.73795   117.07463       0               -93.472
       2656 22.13333333333   11.95828   116.93914       0               -93.785
       2657 22.14166666667   12.17859   116.80304       0               -94.091
       2658 22.15000000000   12.39886   116.66631       0               -94.496
       2659 22.15833333333   12.61911   116.52895       0               -94.881
       2660 22.16666666667   12.83932   116.39095       0               -95.282
       2661 22.17500000000   13.05950   116.25230       0               -95.559
       2662 22.18333333333   13.27963   116.11301       0               -95.850
       2663 22.19166666667   13.49971   115.97307       0               -96.132
       2664 22.20000000000   13.71975   115.83246       0               -96.382
       2665 22.20833333333   13.93973   115.69118       0               -96.620
       2666 22.21666666667   14.15965   115.54923       0               -96.874
       2667 22.22500000000   14.37952   115.40661       0               -97.083
       2668 22.23333333333   14.59931   115.26330       0               -97.262
       2669 22.24166666667   14.81904   115.11929       0               -97.569
       2670 22.25000000000   15.03870   114.97459       0               -97.776
       2671 22.25833333333   15.25828   114.82919       0               -98.081
       2672 22.26666666667   15.47777   114.68307       0               -98.429
       2673 22.27500000000   15.69718   114.53624       0               -98.842
       2674 22.28333333333   15.91651   114.38868       0               -99.217
       2675 22.29166666667   16.13574   114.24040       0               -99.591
       2676 22.30000000000   16.35487   114.09138       0               -99.910
       2677 22.30833333333   16.57390   113.94162       0              -100.194
       2678 22.31666666667   16.79282   113.79110       0              -100.468
       2679 22.32500000000   17.01163   113.63983       0              -100.663
       2680 22.33333333333   17.23033   113.48780       0              -100.917
       2681 22.34166666667   17.44891   113.33500       0              -101.106
       2682 22.35000000000   17.66736   113.18142       0              -101.302
       2683 22.35833333333   17.88569   113.02706       0              -101.443
       2684 22.36666666667   18.10388   112.87190       0              -101.591
       2685 22.37500000000   18.32194   112.71595       0              -101.733
       2686 22.38333333333   18.53985   112.55919       0              -101.922
       2687 22.39166666667   18.75761   112.40162       0              -102.096
       2688 22.40000000000   18.97523   112.24323       0              -102.321
       2689 22.40833333333   19.19268   112.08401       0              -102.562
       2690 22.41666666667   19.40998   111.92396       0              -102.792
       2691 22.42500000000   19.62711   111.76307       0              -102.979
       2692 22.43333333333   19.84407   111.60132       0              -103.204
       2693 22.44166666667   20.06085   111.43872       0              -103.361
       2694 22.45000000000   20.27745   111.27526       0              -103.599
       2695 22.45833333333   20.49386   111.11092       0              -103.757
       2696 22.46666666667   20.71008   110.94570       0              -103.949
       2697 22.47500000000   20.92611   110.77959       0              -104.170
       2698 22.48333333333   21.14193   110.61258       0              -104.400
       2699 22.49166666667   21.35755   110.44467       0              -104.637
       2700 22.50000000000   21.57295   110.27585       0              -104.839
       2701 22.50833333333   21.77089   110.06662       0              -105.037
       2702 22.51666666667   21.98534   109.89532       0              -105.206
       2703 22.52500000000   22.19941   109.72286       0              -105.413
       2704 22.53333333333   22.41307   109.54923       0              -105.561
       2705 22.54166666667   22.62632   109.37442       0              -105.737
       2706 22.55000000000   22.83915   109.19842       0              -105.876
       2707 22.55833333333   23.05156   109.02123       0              -106.081
       2708 22.56666666667   23.26353   108.84283       0              -106.222
       2709 22.57500000000   23.47505   108.66322       0              -106.337
       2710 22.58333333333   23.68613   108.48238       0              -106.483
       2711 22.59166666667   23.89674   108.30032       0              -106.613
       2712 22.60000000000   24.10689   108.11702       0              -106.736
       2713 22.60833333333   24.31656   107.93247       0              -106.848
       2714 22.61666666667   24.52574   107.74666       0              -106.919
       2715 22.62500000000   24.73443   107.55959       0              -107.035
       2716 22.63333333333   24.94261   107.37125       0              -107.130
       2717 22.64166666667   25.15028   107.18163       0              -107.282
       2718 22.65000000000   25.35743   106.99072       0              -107.405
       2719 22.65833333333   25.56404   106.79851       0              -107.538
       2720 22.66666666667   25.77012   106.60499       0              -107.658
       2721 22.67500000000   25.97564   106.41015       0              -107.803
       2722 22.68333333333   26.18061   106.21399       0              -107.889
       2723 22.69166666667   26.38501   106.01650       0              -107.996
       2724 22.70000000000   26.58882   105.81767       0              -108.096
       2725 22.70833333333   26.79206   105.61749       0              -108.188
       2726 22.71666666667   26.99469   105.41594       0              -108.290
       2727 22.72500000000   27.19672   105.21303       0              -108.425
       2728 22.73333333333   27.39813   105.00875       0              -108.676
       2729 22.74166666667   27.59891   104.80307       0              -108.954
       2730 22.75000000000   27.79239   104.60293       0              -109.260
       2731 22.75833333333   27.99856   104.38754       0              -109.612
       2732 22.76666666667   28.19740   104.17766       0              -109.992
       2733 22.77500000000   28.39558   103.96636       0              -110.348
       2734 22.78333333333   28.59307   103.75363       0              -110.640
       2735 22.79166666667   28.78989   103.53947       0              -110.987
       2736 22.80000000000   28.98600   103.32386       0              -111.255
       2737 22.80833333333   29.18141   103.10680       0              -111.552
       2738 22.81666666667   29.37609   102.88828       0              -111.856
       2739 22.82500000000   29.57005   102.66828       0              -112.179
       2740 22.83333333333   29.76327   102.44681       0              -112.473
       2741 22.84166666667   29.95574   102.22385       0              -112.762
       2742 22.85000000000   30.14745   101.99939       0              -112.990
       2743 22.85833333333   30.33838   101.77343       0              -113.246
       2744 22.86666666667   30.52853   101.54596       0              -113.497
       2745 22.87500000000   30.71789   101.31697       0              -113.805
       2746 22.88333333333   30.90644   101.08646       0              -114.080
       2747 22.89166666667   31.09417   100.85440       0              -114.452
       2748 22.90000000000   31.28108   100.62080       0              -114.867
       2749 22.90833333333   31.46715   100.38566       0              -115.273
       2750 22.91666666667   31.65237   100.14895       0              -115.697
       2751 22.92500000000   31.83672    99.91068       0              -116.047
       2752 22.93333333333   32.02020    99.67083       0              -116.445
       2753 22.94166666667   32.20280    99.42940       0              -116.902
       2754 22.95000000000   32.38450    99.18638       0              -117.324
       2755 22.95833333333   32.56529    98.94177       0              -117.822
       2756 22.96666666667   32.74517    98.69555       0              -118.286
       2757 22.97500000000   32.92411    98.44773       0              -118.922
       2758 22.98333333333   33.10210    98.19828       0              -119.518
       2759 22.99166666667   33.27914    97.94722       0              -120.048
       2760 23.00000000000   33.44936    97.70297       0              -120.475
       2761 23.00833333333   33.59657    97.42946       0              -120.863
       2762 23.01666666667   33.77006    97.17306       0              -121.381
       2763 23.02500000000   33.94236    96.91489       0              -121.715
       2764 23.03333333333   34.11345    96.65495       0              -121.979
       2765 23.04166666667   34.28331    96.39324       0              -122.244
       2766 23.05000000000   34.45193    96.12976       0              -122.466
       2767 23.05833333333   34.61930    95.86449       0              -122.793
       2768 23.06666666667   34.78541    95.59745       0              -123.257
       2769 23.07500000000   34.95022    95.32864       0              -123.664
       2770 23.08333333333   35.11374    95.05804       0              -124.079
       2771 23.09166666667   35.27594    94.78567       0              -124.460
       2772 23.10000000000   35.43681    94.51151       0              -124.861
       2773 23.10833333333   35.59634    94.23558       0              -125.296
       2774 23.11666666667   35.75450    93.95786       0              -125.617
       2775 23.12500000000   35.91129    93.67837       0              -125.910
       2776 23.13333333333   36.06668    93.39711       0              -126.132
       2777 23.14166666667   36.22067    93.11407       0              -126.311
       2778 23.15000000000   36.37324    92.82926       0              -126.485
       2779 23.15833333333   36.52437    92.54268       0              -126.647
       2780 23.16666666667   36.67405    92.25434       0              -126.850
       2781 23.17500000000   36.82226    91.96424       0              -127.073
       2782 23.18333333333   36.96899    91.67237       0              -127.264
       2783 23.19166666667   37.11421    91.37876       0              -127.424
       2784 23.20000000000   37.25793    91.08339       0              -127.529
       2785 23.20833333333   37.40011    90.78628       0              -127.647
       2786 23.21666666667   37.54076    90.48744       0              -127.772
       2787 23.22500000000   37.67984    90.18686       0              -127.861
       2788 23.23333333333   37.81735    89.88456       0              -127.962
       2789 23.24166666667   37.95327    89.58055       0              -128.080
       2790 23.25000000000   38.08758    89.27482       0              -128.252
       2791 23.25833333333   38.22028    88.96740       0              -128.513
       2792 23.26666666667   38.35134    88.65828       0              -128.816
       2793 23.27500000000   38.48076    88.34748       0              -129.178
       2794 23.28333333333   38.60851    88.03501       0              -129.509
       2795 23.29166666667   38.73459    87.72088       0              -129.831
       2796 23.30000000000   38.85897    87.40509       0              -130.109
       2797 23.30833333333   38.98164    87.08767       0              -130.319
       2798 23.31666666667   39.10259    86.76861       0              -130.488
       2799 23.32500000000   39.22181    86.44795       0              -130.709
       2800 23.33333333333   39.33928    86.12568       0              -130.956
       2801 23.34166666667   39.45499    85.80182       0              -131.165
       2802 23.35000000000   39.56891    85.47639       0              -131.359
       2803 23.35833333333   39.68105    85.14941       0              -131.523
       2804 23.36666666667   39.79138    84.82087       0              -131.621
       2805 23.37500000000   39.89989    84.49081       0              -131.690
       2806 23.38333333333   40.00657    84.15924       0              -131.829
       2807 23.39166666667   40.11140    83.82618       0              -131.963
       2808 23.40000000000   40.21437    83.49164       0              -132.098
       2809 23.40833333333   40.31547    83.15564       0              -132.169
       2810 23.41666666667   40.41469    82.81821       0              -132.266
       2811 23.42500000000   40.51201    82.47935       0              -132.380
       2812 23.43333333333   40.60742    82.13910       0              -132.505
       2813 23.44166666667   40.70090    81.79747       0              -132.642
       2814 23.45000000000   40.79245    81.45448       0              -132.752
       2815 23.45833333333   40.88205    81.11016       0              -132.898
       2816 23.46666666667   40.96970    80.76452       0              -132.937
       2817 23.47500000000   41.05537    80.41759       0              -132.940
       2818 23.48333333333   41.13906    80.06940       0              -132.904
       2819 23.49166666667   41.22076    79.71997       0              -132.876
       2820 23.50000000000   41.30045    79.36932       0              -132.877
       2821 23.50833333333   41.35422    79.02696       0              -132.910
       2822 23.51666666667   41.42922    78.67394       0              -132.900
       2823 23.52500000000   41.50202    78.31986       0              -132.883
       2824 23.53333333333   41.57262    77.96476       0              -132.886
       2825 23.54166666667   41.64100    77.60867       0              -132.877
       2826 23.55000000000   41.70716    77.25161       0              -132.871
       2827 23.55833333333   41.77108    76.89364       0              -132.839
       2828 23.56666666667   41.83277    76.53478       0              -132.802
       2829 23.57500000000   41.89220    76.17507       0              -132.761
       2830 23.58333333333   41.94937    75.81454       0              -132.744
       2831 23.59166666667   42.00428    75.45323       0              -132.733
       2832 23.60000000000   42.05691    75.09118       0              -132.722
       2833 23.60833333333   42.10726    74.72843       0              -132.770
       2834 23.61666666667   42.15533    74.36501       0              -132.813
       2835 23.62500000000   42.20109    74.00097       0              -132.945
       2836 23.63333333333   42.24456    73.63634       0              -133.021
       2837 23.64166666667   42.28572    73.27115       0              -133.116
       2838 23.65000000000   42.32457    72.90546       0              -133.164
       2839 23.65833333333   42.36110    72.53930       0              -133.241
       2840 23.66666666667   42.39531    72.17270       0              -133.331
       2841 23.67500000000   42.42720    71.80572       0              -133.363
       2842 23.68333333333   42.45676    71.43838       0              -133.406
       2843 23.69166666667   42.48398    71.07074       0              -133.436
       2844 23.70000000000   42.50887    70.70283       0              -133.471
       2845 23.70833333333   42.53143    70.33469       0              -133.476
       2846 23.71666666667   42.55164    69.96637       0              -133.439
       2847 23.72500000000   42.56951    69.59790       0              -133.424
       2848 23.73333333333   42.58504    69.22932       0              -133.401
       2849 23.74166666667   42.59822    68.86069       0              -133.408
       2850 23.75000000000   42.60906    68.49203       0              -133.479
       2851 23.75833333333   42.61755    68.12340       0              -133.669
       2852 23.76666666667   42.62370    67.75483       0              -133.628
       2853 23.77500000000   42.62751    67.38636       0              -133.461
       2854 23.78333333333   42.62897    67.01803       0              -133.412
       2855 23.79166666667   42.62809    66.64990       0              -133.346
       2856 23.80000000000   42.62487    66.28199       0              -133.491
       2857 23.80833333333   42.61931    65.91435       0              -133.543
       2858 23.81666666667   42.61141    65.54702       0              -133.562
       2859 23.82500000000   42.60119    65.18003       0              -133.665
       2860 23.83333333333   42.58863    64.81344       0              -133.650
       2861 23.84166666667   42.57375    64.44728       0              -133.586
       2862 23.85000000000   42.55654    64.08160       0              -133.568
       2863 23.85833333333   42.53702    63.71642       0              -133.545
       2864 23.86666666667   42.51519    63.35179       0              -133.480
       2865 23.87500000000   42.49104    62.98775       0              -133.449
       2866 23.88333333333   42.46460    62.62434       0              -133.466
       2867 23.89166666667   42.43586    62.26159       0              -133.582
       2868 23.90000000000   42.40483    61.89955       0              -133.644
       2869 23.90833333333   42.37151    61.53826       0              -133.616
       2870 23.91666666667   42.33592    61.17774       0              -133.690
       2871 23.92500000000   42.29805    60.81803       0              -133.645
       2872 23.93333333333   42.25792    60.45918       0              -133.612
       2873 23.94166666667   42.21554    60.10122       0              -133.634
       2874 23.95000000000   42.17091    59.74418       0              -133.656
       2875 23.95833333333   42.12404    59.38810       0              -133.581
       2876 23.96666666667   42.07494    59.03301       0              -133.473
       2877 23.97500000000   42.02362    58.67895       0              -133.378
       2878 23.98333333333   41.97009    58.32595       0              -133.267
       2879 23.99166666667   41.91435    57.97404       0              -133.195
