# Created on 2018-12-12 16:17:49 
# Sources: d:\gpsother\tec-suite\in\2015\abcd0770.15d.Z, d:\gpsother\tec-suite\in\2015\brdc0770.15n.Z
# Satellite: G27
# Interval: 30.0
# Sampling interval: 0.0 (not used).
# Site: abcd
# Position (L, B, H): 253.601641965, 52.1962622634, 578.574894483
# Position (X, Y, Z): -1106129.71, -3758704.03, 5016675.77
# datetime format: %Y-%m-%dT%H:%M:%S
# Columns: tsn, hour, el, az, validity, tec.l1l2
# (I11,1X,F14.11,1X,F10.5,1X,F11.5,1X,I7,1X,F21.3)
          0  0.00000000000   35.44709    56.24929       0               -32.971
          1  0.00833333333   35.31479    56.04459       0               -32.704
          2  0.01666666667   35.18149    55.84151       0               -32.801
          3  0.02500000000   35.04720    55.64004       0               -33.019
          4  0.03333333333   34.91192    55.44018       0               -33.252
          5  0.04166666667   34.77568    55.24194       0               -33.321
          6  0.05000000000   34.63848    55.04530       0               -32.753
          7  0.05833333333   34.50033    54.85028       0               -32.414
          8  0.06666666667   34.36125    54.65687       0               -32.500
          9  0.07500000000   34.22124    54.46506       0               -32.423
         10  0.08333333333   34.08032    54.27486       0               -32.116
         11  0.09166666667   33.93849    54.08626       0               -31.638
         12  0.10000000000   33.79577    53.89926       0               -32.187
         13  0.10833333333   33.65217    53.71387       0               -31.243
         14  0.11666666667   33.50769    53.53007       0               -32.063
         15  0.12500000000   33.36236    53.34786       0               -32.501
         16  0.13333333333   33.21617    53.16725       0               -31.917
         17  0.14166666667   33.06914    52.98822       0               -31.896
         18  0.15000000000   32.92129    52.81078       0               -31.134
         19  0.15833333333   32.77261    52.63492       0               -32.156
         20  0.16666666667   32.62312    52.46064       0               -32.316
         21  0.17500000000   32.47284    52.28793       0               -32.003
         22  0.18333333333   32.32176    52.11680       0               -31.498
         23  0.19166666667   32.16991    51.94723       0               -29.823
         24  0.20000000000   32.01729    51.77922       0               -31.342
         25  0.20833333333   31.86391    51.61277       0               -31.524
         26  0.21666666667   31.70978    51.44787       0               -31.669
         27  0.22500000000   31.55492    51.28452       0               -31.055
         28  0.23333333333   31.39932    51.12271       0               -31.048
         29  0.24166666667   31.24300    50.96244       0               -30.877
         30  0.25000000000   31.08598    50.80371       0               -31.414
         31  0.25833333333   30.92826    50.64651       0               -30.647
         32  0.26666666667   30.76984    50.49083       0               -29.602
         33  0.27500000000   30.61074    50.33666       0               -30.063
         34  0.28333333333   30.45098    50.18401       0               -29.744
         35  0.29166666667   30.29055    50.03287       0               -29.641
         36  0.30000000000   30.12946    49.88323       0               -29.332
         37  0.30833333333   29.96774    49.73509       0               -27.865
         38  0.31666666667   29.80538    49.58843       0               -29.467
         39  0.32500000000   29.64239    49.44326       0               -29.400
         40  0.33333333333   29.47879    49.29957       0               -26.908
         41  0.34166666667   29.31458    49.15735       0               -30.084
         42  0.35000000000   29.14977    49.01659       0               -30.506
         43  0.35833333333   28.98437    48.87730       0               -32.459
         44  0.36666666667   28.81839    48.73946       0               -31.651
         45  0.37500000000   28.65184    48.60307       0               -31.636
         46  0.38333333333   28.48473    48.46812       0               -32.224
         47  0.39166666667   28.31706    48.33460       0               -32.560
         48  0.40000000000   28.14884    48.20251       0               -32.295
         49  0.40833333333   27.98008    48.07184       0               -32.441
         50  0.41666666667   27.81079    47.94259       0               -31.651
         51  0.42500000000   27.64099    47.81475       0               -32.080
         52  0.43333333333   27.47066    47.68830       0               -31.768
         53  0.44166666667   27.29983    47.56326       0               -30.924
         54  0.45000000000   27.12851    47.43960       0               -32.047
         55  0.45833333333   26.95669    47.31732       0               -31.705
         56  0.46666666667   26.78439    47.19642       0               -31.535
         57  0.47500000000   26.61162    47.07688       0               -31.309
         58  0.48333333333   26.43838    46.95871       0               -30.308
         59  0.49166666667   26.26469    46.84189       0               -30.424
         60  0.50000000000   26.09054    46.72641       0               -31.272
         61  0.50833333333   25.91595    46.61228       0               -30.723
         62  0.51666666667   25.74092    46.49948       0               -30.743
         63  0.52500000000   25.56546    46.38801       0               -31.704
         64  0.53333333333   25.38958    46.27785       0               -31.866
         65  0.54166666667   25.21328    46.16901       0               -30.389
         66  0.55000000000   25.03658    46.06148       0               -29.853
         67  0.55833333333   24.85948    45.95524       0               -30.766
         68  0.56666666667   24.68199    45.85029       0               -30.265
         69  0.57500000000   24.50411    45.74663       0               -30.548
         70  0.58333333333   24.32584    45.64425       0               -29.527
         71  0.59166666667   24.14721    45.54313       0               -29.443
         72  0.60000000000   23.96821    45.44328       0               -30.697
         73  0.60833333333   23.78885    45.34469       0               -30.708
         74  0.61666666667   23.60914    45.24734       0               -30.699
         75  0.62500000000   23.42908    45.15124       0               -30.960
         76  0.63333333333   23.24869    45.05637       0               -30.746
         77  0.64166666667   23.06796    44.96273       0               -30.493
         78  0.65000000000   22.88690    44.87032       0               -30.563
         79  0.65833333333   22.70552    44.77911       0               -30.148
         80  0.66666666667   22.52383    44.68912       0               -30.320
         81  0.67500000000   22.34183    44.60032       0               -30.201
         82  0.68333333333   22.15953    44.51272       0               -29.601
         83  0.69166666667   21.97693    44.42631       0               -29.639
         84  0.70000000000   21.79404    44.34107       0               -29.691
         85  0.70833333333   21.61086    44.25701       0               -28.828
         86  0.71666666667   21.42741    44.17412       0               -29.355
         87  0.72500000000   21.24368    44.09238       0               -29.720
         88  0.73333333333   21.05969    44.01180       0               -29.995
         89  0.74166666667   20.87544    43.93236       0               -29.495
         90  0.75000000000   20.69093    43.85406       0               -30.041
         91  0.75833333333   20.50616    43.77689       0               -30.507
         92  0.76666666667   20.32116    43.70085       0               -31.289
         93  0.77500000000   20.13591    43.62593       0               -30.735
         94  0.78333333333   19.95043    43.55212       0               -31.404
         95  0.79166666667   19.76472    43.47942       0               -31.226
         96  0.80000000000   19.57879    43.40781       0               -31.053
         97  0.80833333333   19.39263    43.33730       0               -30.921
         98  0.81666666667   19.20627    43.26787       0               -30.947
         99  0.82500000000   19.01969    43.19953       0               -30.854
        100  0.83333333333   18.83291    43.13225       0               -30.696
        101  0.84166666667   18.64593    43.06604       0               -30.433
        102  0.85000000000   18.45876    43.00089       0               -29.700
        103  0.85833333333   18.27140    42.93680       0               -29.817
        104  0.86666666667   18.08385    42.87375       0               -29.611
        105  0.87500000000   17.89613    42.81174       0               -30.538
        106  0.88333333333   17.70822    42.75077       0               -31.157
        107  0.89166666667   17.52015    42.69083       0               -31.523
        108  0.90000000000   17.33191    42.63191       0               -31.259
        109  0.90833333333   17.14352    42.57400       0               -30.629
        110  0.91666666667   16.95496    42.51710       0               -30.619
        111  0.92500000000   16.76625    42.46121       0               -30.516
        112  0.93333333333   16.57739    42.40632       0               -30.049
        113  0.94166666667   16.38839    42.35241       0               -28.940
        114  0.95000000000   16.19924    42.29949       0               -28.542
        115  0.95833333333   16.00997    42.24755       0               -27.795
        116  0.96666666667   15.82056    42.19659       0               -29.113
        117  0.97500000000   15.63102    42.14659       0               -29.351
        118  0.98333333333   15.44136    42.09755       0               -30.200
        119  0.99166666667   15.25157    42.04947       0               -30.661
        120  1.00000000000   15.06168    42.00234       0               -30.253
        121  1.00833333333   14.87167    41.95616       0               -30.606
        122  1.01666666667   14.68155    41.91091       0               -30.333
        123  1.02500000000   14.49133    41.86659       0               -30.042
        124  1.03333333333   14.30100    41.82320       0               -29.655
        125  1.04166666667   14.11058    41.78074       0               -29.799
        126  1.05000000000   13.92007    41.73918       0               -30.217
        127  1.05833333333   13.72947    41.69854       0               -30.382
        128  1.06666666667   13.53878    41.65881       0               -30.866
        129  1.07500000000   13.34801    41.61997       0               -30.612
        130  1.08333333333   13.15715    41.58203       0               -29.580
        131  1.09166666667   12.96623    41.54497       0               -29.342
        132  1.10000000000   12.77523    41.50880       0               -30.217
        133  1.10833333333   12.58416    41.47351       0               -30.472
        134  1.11666666667   12.39302    41.43908       0               -31.034
        135  1.12500000000   12.20183    41.40553       0               -30.973
        136  1.13333333333   12.01057    41.37284       0               -31.756
        137  1.14166666667   11.81926    41.34100       0               -31.534
        138  1.15000000000   11.62789    41.31002       0               -31.392
        139  1.15833333333   11.43647    41.27988       0               -31.888
        140  1.16666666667   11.24501    41.25058       0               -31.650
        141  1.17500000000   11.05350    41.22212       0               -31.570
        142  1.18333333333   10.86196    41.19449       0               -31.307
        143  1.19166666667   10.67037    41.16769       0               -31.780
        144  1.20000000000   10.47875    41.14171       0               -30.994
        145  1.20833333333   10.28709    41.11655       0               -29.565
        146  1.21666666667   10.09541    41.09219       0               -31.844
        147  1.22500000000    9.90370    41.06865       0               -33.477
        148  1.23333333333    9.71197    41.04590       0               -34.519
        149  1.24166666667    9.52021    41.02396       0               -34.272
        150  1.25000000000    9.32844    41.00280       0               -34.591
        151  1.25833333333    9.13665    40.98244       0               -34.869
        152  1.26666666667    8.94484    40.96286       0               -34.974
        153  1.27500000000    8.75303    40.94405       0               -35.195
        154  1.28333333333    8.56121    40.92602       0               -35.205
        155  1.29166666667    8.36938    40.90876       0               -35.277
        156  1.30000000000    8.17755    40.89227       0               -35.312
        157  1.30833333333    7.98571    40.87653       0               -35.285
        158  1.31666666667    7.79388    40.86155       0               -35.327
        159  1.32500000000    7.60206    40.84733       0               -35.317
        160  1.33333333333    7.41024    40.83385       0               -35.238
        161  1.34166666667    7.21842    40.82111       0               -35.277
        162  1.35000000000    7.02662    40.80911       0               -35.268
        163  1.35833333333    6.83483    40.79785       0               -35.271
        164  1.36666666667    6.64306    40.78732       0               -35.337
        165  1.37500000000    6.45130    40.77751       0               -35.326
        166  1.38333333333    6.25957    40.76842       0               -35.325
        167  1.39166666667    6.06785    40.76006       0               -35.362
        168  1.40000000000    5.87616    40.75240       0               -35.216
        169  1.40833333333    5.68450    40.74546       0               -34.938
        170  1.41666666667    5.49286    40.73922       0               -34.909
        171  1.42500000000    5.30126    40.73368       0               -34.439
        172  1.43333333333    5.10968    40.72884       0               -33.856
       1355 11.29166666667    5.12852   320.68249       0                 6.946
       1356 11.30000000000    5.32009   320.66996       0                 7.588
       1357 11.30833333333    5.51166   320.65672       0                 6.981
       1358 11.31666666667    5.70323   320.64275       0                 7.759
       1359 11.32500000000    5.89479   320.62805       0                 8.432
       1360 11.33333333333    6.08635   320.61262       0                 7.514
       1361 11.34166666667    6.27789   320.59646       0                 7.077
       1362 11.35000000000    6.46942   320.57955       0                 7.342
       1363 11.35833333333    6.66094   320.56191       0                 8.132
       1364 11.36666666667    6.85243   320.54351       0                 7.336
       1365 11.37500000000    7.04391   320.52436       0                 7.508
       1366 11.38333333333    7.23536   320.50446       0                 6.137
       1367 11.39166666667    7.42679   320.48380       0                 7.848
       1368 11.40000000000    7.61819   320.46236       0                 7.982
       1369 11.40833333333    7.80956   320.44017       0                 9.308
       1370 11.41666666667    8.00090   320.41719       0                10.195
       1371 11.42500000000    8.19220   320.39344       0                10.257
       1372 11.43333333333    8.38346   320.36890       0                10.493
       1373 11.44166666667    8.57469   320.34358       0                 8.858
       1374 11.45000000000    8.76586   320.31747       0                 7.796
       1375 11.45833333333    8.95700   320.29056       0                 7.605
       1376 11.46666666667    9.14808   320.26285       0                 5.873
       1377 11.47500000000    9.33911   320.23433       0                 4.189
       1378 11.48333333333    9.53008   320.20500       0                 4.550
       1379 11.49166666667    9.72100   320.17486       0                 3.735
       1380 11.50000000000    9.91185   320.14390       0                 4.242
       1381 11.50833333333   10.10264   320.11212       0                 4.614
       1382 11.51666666667   10.29337   320.07950       0                 4.274
       1383 11.52500000000   10.48402   320.04605       0                 5.141
       1384 11.53333333333   10.67460   320.01176       0                 5.835
       1385 11.54166666667   10.86510   319.97663       0                 5.579
       1386 11.55000000000   11.05552   319.94065       0                 4.039
       1387 11.55833333333   11.24586   319.90382       0                 3.024
       1388 11.56666666667   11.43612   319.86613       0                 3.399
       1389 11.57500000000   11.62628   319.82757       0                 2.238
       1390 11.58333333333   11.81635   319.78815       0                 2.587
       1391 11.59166666667   12.00633   319.74785       0                 2.386
       1392 11.60000000000   12.19620   319.70668       0                 1.253
       1393 11.60833333333   12.38598   319.66462       0                 1.008
       1394 11.61666666667   12.57564   319.62167       0                 0.882
       1395 11.62500000000   12.76519   319.57783       0                 1.024
       1396 11.63333333333   12.95464   319.53309       0                 0.678
       1397 11.64166666667   13.14396   319.48744       0                -0.011
       1398 11.65000000000   13.33316   319.44089       0                -0.253
       1399 11.65833333333   13.52224   319.39341       0                -0.660
       1400 11.66666666667   13.71118   319.34502       0                -0.877
       1401 11.67500000000   13.90000   319.29571       0                -1.217
       1402 11.68333333333   14.08868   319.24546       0                -1.395
       1403 11.69166666667   14.27721   319.19427       0                -1.382
       1404 11.70000000000   14.46561   319.14214       0                -1.471
       1405 11.70833333333   14.65385   319.08907       0                -1.199
       1406 11.71666666667   14.84194   319.03504       0                -1.569
       1407 11.72500000000   15.02988   318.98005       0                -1.552
       1408 11.73333333333   15.21765   318.92410       0                -1.658
       1409 11.74166666667   15.40526   318.86718       0                -1.826
       1410 11.75000000000   15.59270   318.80928       0                -1.461
       1411 11.75833333333   15.77997   318.75040       0                -1.146
       1412 11.76666666667   15.96706   318.69053       0                -0.323
       1413 11.77500000000   16.15397   318.62967       0                -1.057
       1414 11.78333333333   16.34069   318.56782       0                -1.630
       1415 11.79166666667   16.52721   318.50495       0                -1.510
       1416 11.80000000000   16.71355   318.44108       0                -1.634
       1417 11.80833333333   16.89968   318.37619       0                -1.927
       1418 11.81666666667   17.08561   318.31028       0                -1.575
       1419 11.82500000000   17.27132   318.24335       0                -1.883
       1420 11.83333333333   17.45683   318.17537       0                -1.527
       1421 11.84166666667   17.64211   318.10636       0                -1.923
       1422 11.85000000000   17.82717   318.03631       0                -2.460
       1423 11.85833333333   18.01200   317.96520       0                -1.976
       1424 11.86666666667   18.19659   317.89303       0                -2.305
       1425 11.87500000000   18.38095   317.81980       0                -2.497
       1426 11.88333333333   18.56506   317.74550       0                -2.147
       1427 11.89166666667   18.74893   317.67013       0                -2.523
       1428 11.90000000000   18.93253   317.59367       0                -2.547
       1429 11.90833333333   19.11588   317.51613       0                -2.041
       1430 11.91666666667   19.29896   317.43749       0                -2.371
       1431 11.92500000000   19.48178   317.35775       0                -3.008
       1432 11.93333333333   19.66431   317.27690       0                -3.432
       1433 11.94166666667   19.84657   317.19494       0                -3.509
       1434 11.95000000000   20.02854   317.11187       0                -3.736
       1435 11.95833333333   20.21021   317.02766       0                -3.829
       1436 11.96666666667   20.39159   316.94233       0                -3.833
       1437 11.97500000000   20.57266   316.85586       0                -3.784
       1438 11.98333333333   20.75343   316.76824       0                -3.705
       1439 11.99166666667   20.93388   316.67948       0                -3.526
       1440 12.00000000000   21.11589   316.58886       0                -3.533
       1441 12.00833333333   21.29380   316.49847       0                -3.582
       1442 12.01666666667   21.47327   316.40622       0                -3.558
       1443 12.02500000000   21.65239   316.31279       0                -3.552
       1444 12.03333333333   21.83117   316.21818       0                -3.616
       1445 12.04166666667   22.00960   316.12238       0                -3.549
       1446 12.05000000000   22.18767   316.02539       0                -3.605
       1447 12.05833333333   22.36538   315.92720       0                -3.512
       1448 12.06666666667   22.54272   315.82780       0                -3.557
       1449 12.07500000000   22.71967   315.72719       0                -3.659
       1450 12.08333333333   22.89625   315.62536       0                -3.724
       1451 12.09166666667   23.07243   315.52230       0                -3.839
       1452 12.10000000000   23.24822   315.41801       0                -3.928
       1453 12.10833333333   23.42360   315.31249       0                -3.962
       1454 12.11666666667   23.59858   315.20572       0                -3.969
       1455 12.12500000000   23.77313   315.09769       0                -4.072
       1456 12.13333333333   23.94726   314.98842       0                -3.753
       1457 12.14166666667   24.12096   314.87787       0                -3.730
       1458 12.15000000000   24.29423   314.76606       0                -3.852
       1459 12.15833333333   24.46704   314.65297       0                -3.945
       1460 12.16666666667   24.63941   314.53861       0                -4.050
       1461 12.17500000000   24.81131   314.42295       0                -4.143
       1462 12.18333333333   24.98275   314.30600       0                -4.071
       1463 12.19166666667   25.15371   314.18775       0                -3.936
       1464 12.20000000000   25.32420   314.06819       0                -3.834
       1465 12.20833333333   25.49419   313.94732       0                -3.776
       1466 12.21666666667   25.66369   313.82513       0                -3.738
       1467 12.22500000000   25.83268   313.70162       0                -3.748
       1468 12.23333333333   26.00116   313.57677       0                -3.799
       1469 12.24166666667   26.16912   313.45059       0                -3.797
       1470 12.25000000000   26.33655   313.32307       0                -3.879
       1471 12.25833333333   26.50345   313.19420       0                -3.991
       1472 12.26666666667   26.66980   313.06398       0                -4.099
       1473 12.27500000000   26.83560   312.93240       0                -4.067
       1474 12.28333333333   27.00085   312.79945       0                -4.041
       1475 12.29166666667   27.16552   312.66513       0                -4.039
       1476 12.30000000000   27.32962   312.52944       0                -3.935
       1477 12.30833333333   27.49314   312.39236       0                -3.792
       1478 12.31666666667   27.65606   312.25390       0                -3.780
       1479 12.32500000000   27.81839   312.11404       0                -3.832
       1480 12.33333333333   27.98010   311.97279       0                -3.912
       1481 12.34166666667   28.14120   311.83014       0                -3.902
       1482 12.35000000000   28.30167   311.68607       0                -3.923
       1483 12.35833333333   28.46150   311.54059       0                -4.024
       1484 12.36666666667   28.62069   311.39370       0                -4.031
       1485 12.37500000000   28.77923   311.24538       0                -4.079
       1486 12.38333333333   28.93711   311.09563       0                -4.146
       1487 12.39166666667   29.09432   310.94445       0                -4.165
       1488 12.40000000000   29.25085   310.79184       0                -4.182
       1489 12.40833333333   29.40669   310.63778       0                -4.246
       1490 12.41666666667   29.56183   310.48227       0                -4.282
       1491 12.42500000000   29.71627   310.32532       0                -4.327
       1492 12.43333333333   29.86999   310.16691       0                -4.373
       1493 12.44166666667   30.02299   310.00704       0                -4.396
       1494 12.45000000000   30.17526   309.84571       0                -4.450
       1495 12.45833333333   30.32678   309.68291       0                -4.424
       1496 12.46666666667   30.47755   309.51864       0                -4.477
       1497 12.47500000000   30.62755   309.35290       0                -4.388
       1498 12.48333333333   30.77679   309.18568       0                -4.438
       1499 12.49166666667   30.92524   309.01698       0                -4.541
       1500 12.50000000000   31.07290   308.84680       0                -4.546
       1501 12.50833333333   31.21977   308.67513       0                -4.539
       1502 12.51666666667   31.36582   308.50197       0                -4.563
       1503 12.52500000000   31.51105   308.32732       0                -4.639
       1504 12.53333333333   31.65546   308.15117       0                -4.663
       1505 12.54166666667   31.79902   307.97352       0                -4.726
       1506 12.55000000000   31.94173   307.79438       0                -4.787
       1507 12.55833333333   32.08359   307.61373       0                -4.795
       1508 12.56666666667   32.22458   307.43158       0                -4.872
       1509 12.57500000000   32.36468   307.24793       0                -4.923
       1510 12.58333333333   32.50390   307.06276       0                -5.017
       1511 12.59166666667   32.64222   306.87609       0                -5.051
       1512 12.60000000000   32.77963   306.68791       0                -5.174
       1513 12.60833333333   32.91611   306.49822       0                -5.224
       1514 12.61666666667   33.05167   306.30702       0                -5.227
       1515 12.62500000000   33.18629   306.11431       0                -5.211
       1516 12.63333333333   33.31996   305.92008       0                -5.164
       1517 12.64166666667   33.45267   305.72435       0                -5.162
       1518 12.65000000000   33.58440   305.52710       0                -5.188
       1519 12.65833333333   33.71516   305.32834       0                -5.223
       1520 12.66666666667   33.84492   305.12807       0                -5.224
       1521 12.67500000000   33.97368   304.92629       0                -5.175
       1522 12.68333333333   34.10143   304.72300       0                -5.070
       1523 12.69166666667   34.22816   304.51820       0                -5.107
       1524 12.70000000000   34.35385   304.31190       0                -5.126
       1525 12.70833333333   34.47850   304.10409       0                -5.141
       1526 12.71666666667   34.60210   303.89478       0                -5.160
       1527 12.72500000000   34.72463   303.68397       0                -5.160
       1528 12.73333333333   34.84608   303.47166       0                -5.147
       1529 12.74166666667   34.96645   303.25786       0                -5.148
       1530 12.75000000000   35.08573   303.04256       0                -5.179
       1531 12.75833333333   35.20389   302.82578       0                -5.194
       1532 12.76666666667   35.32094   302.60752       0                -5.268
       1533 12.77500000000   35.43687   302.38777       0                -5.291
       1534 12.78333333333   35.55165   302.16655       0                -5.304
       1535 12.79166666667   35.66529   301.94385       0                -5.261
       1536 12.80000000000   35.77777   301.71969       0                -5.288
       1537 12.80833333333   35.88908   301.49407       0                -5.258
       1538 12.81666666667   35.99921   301.26699       0                -5.234
       1539 12.82500000000   36.10815   301.03847       0                -5.278
       1540 12.83333333333   36.21589   300.80849       0                -5.300
       1541 12.84166666667   36.32243   300.57709       0                -5.291
       1542 12.85000000000   36.42774   300.34424       0                -5.343
       1543 12.85833333333   36.53182   300.10998       0                -5.347
       1544 12.86666666667   36.63466   299.87430       0                -5.389
       1545 12.87500000000   36.73624   299.63721       0                -5.398
       1546 12.88333333333   36.83657   299.39872       0                -5.399
       1547 12.89166666667   36.93563   299.15884       0                -5.372
       1548 12.90000000000   37.03340   298.91757       0                -5.416
       1549 12.90833333333   37.12989   298.67493       0                -5.432
       1550 12.91666666667   37.22507   298.43092       0                -5.421
       1551 12.92500000000   37.31895   298.18556       0                -5.430
       1552 12.93333333333   37.41150   297.93886       0                -5.463
       1553 12.94166666667   37.50272   297.69082       0                -5.442
       1554 12.95000000000   37.59261   297.44145       0                -5.446
       1555 12.95833333333   37.68114   297.19077       0                -5.423
       1556 12.96666666667   37.76832   296.93879       0                -5.418
       1557 12.97500000000   37.85413   296.68552       0                -5.444
       1558 12.98333333333   37.93856   296.43098       0                -5.495
       1559 12.99166666667   38.02160   296.17516       0                -5.469
       1560 13.00000000000   38.10325   295.91810       0                -5.495
       1561 13.00833333333   38.18350   295.65980       0                -5.500
       1562 13.01666666667   38.26233   295.40027       0                -5.515
       1563 13.02500000000   38.33974   295.13953       0                -5.460
       1564 13.03333333333   38.41572   294.87759       0                -5.492
       1565 13.04166666667   38.49026   294.61447       0                -5.526
       1566 13.05000000000   38.56335   294.35019       0                -5.567
       1567 13.05833333333   38.63498   294.08475       0                -5.579
       1568 13.06666666667   38.70515   293.81817       0                -5.608
       1569 13.07500000000   38.77385   293.55047       0                -5.615
       1570 13.08333333333   38.84107   293.28167       0                -5.629
       1571 13.09166666667   38.90680   293.01178       0                -5.674
       1572 13.10000000000   38.97104   292.74082       0                -5.732
       1573 13.10833333333   39.03377   292.46881       0                -5.734
       1574 13.11666666667   39.09499   292.19576       0                -5.768
       1575 13.12500000000   39.15470   291.92169       0                -5.734
       1576 13.13333333333   39.21287   291.64663       0                -5.783
       1577 13.14166666667   39.26952   291.37058       0                -5.863
       1578 13.15000000000   39.32463   291.09357       0                -5.811
       1579 13.15833333333   39.37819   290.81561       0                -5.765
       1580 13.16666666667   39.43020   290.53674       0                -5.762
       1581 13.17500000000   39.48065   290.25695       0                -5.755
       1582 13.18333333333   39.52954   289.97629       0                -5.656
       1583 13.19166666667   39.57685   289.69476       0                -5.691
       1584 13.20000000000   39.62259   289.41239       0                -5.698
       1585 13.20833333333   39.66675   289.12919       0                -5.676
       1586 13.21666666667   39.70932   288.84520       0                -5.664
       1587 13.22500000000   39.75030   288.56042       0                -5.686
       1588 13.23333333333   39.78968   288.27489       0                -5.662
       1589 13.24166666667   39.82746   287.98862       0                -5.656
       1590 13.25000000000   39.86363   287.70164       0                -5.614
       1591 13.25833333333   39.89819   287.41396       0                -5.555
       1592 13.26666666667   39.93114   287.12562       0                -5.545
       1593 13.27500000000   39.96246   286.83662       0                -5.536
       1594 13.28333333333   39.99216   286.54701       0                -5.575
       1595 13.29166666667   40.02023   286.25679       0                -5.553
       1596 13.30000000000   40.04667   285.96600       0                -5.578
       1597 13.30833333333   40.07148   285.67465       0                -5.566
       1598 13.31666666667   40.09465   285.38277       0                -5.562
       1599 13.32500000000   40.11618   285.09038       0                -5.550
       1600 13.33333333333   40.13606   284.79751       0                -5.506
       1601 13.34166666667   40.15430   284.50418       0                -5.481
       1602 13.35000000000   40.17090   284.21042       0                -5.471
       1603 13.35833333333   40.18584   283.91624       0                -5.462
       1604 13.36666666667   40.19913   283.62168       0                -5.460
       1605 13.37500000000   40.21077   283.32676       0                -5.462
       1606 13.38333333333   40.22075   283.03150       0                -5.443
       1607 13.39166666667   40.22908   282.73592       0                -5.418
       1608 13.40000000000   40.23575   282.44006       0                -5.398
       1609 13.40833333333   40.24076   282.14393       0                -5.398
       1610 13.41666666667   40.24412   281.84756       0                -5.394
       1611 13.42500000000   40.24582   281.55098       0                -5.379
       1612 13.43333333333   40.24586   281.25421       0                -5.376
       1613 13.44166666667   40.24424   280.95727       0                -5.348
       1614 13.45000000000   40.24096   280.66020       0                -5.312
       1615 13.45833333333   40.23603   280.36300       0                -5.295
       1616 13.46666666667   40.22944   280.06572       0                -5.266
       1617 13.47500000000   40.22120   279.76836       0                -5.277
       1618 13.48333333333   40.21130   279.47097       0                -5.294
       1619 13.49166666667   40.19975   279.17356       0                -5.270
       1620 13.50000000000   40.18655   278.87615       0                -5.281
       1621 13.50833333333   40.17170   278.57878       0                -5.293
       1622 13.51666666667   40.15520   278.28146       0                -5.281
       1623 13.52500000000   40.13706   277.98422       0                -5.248
       1624 13.53333333333   40.11728   277.68708       0                -5.251
       1625 13.54166666667   40.09586   277.39007       0                -5.238
       1626 13.55000000000   40.07280   277.09321       0                -5.203
       1627 13.55833333333   40.04811   276.79653       0                -5.178
       1628 13.56666666667   40.02179   276.50004       0                -5.158
       1629 13.57500000000   39.99385   276.20378       0                -5.133
       1630 13.58333333333   39.96428   275.90776       0                -5.095
       1631 13.59166666667   39.93310   275.61200       0                -5.067
       1632 13.60000000000   39.90030   275.31654       0                -5.032
       1633 13.60833333333   39.86589   275.02138       0                -5.005
       1634 13.61666666667   39.82988   274.72657       0                -4.972
       1635 13.62500000000   39.79227   274.43210       0                -4.965
       1636 13.63333333333   39.75307   274.13802       0                -4.965
       1637 13.64166666667   39.71228   273.84434       0                -4.945
       1638 13.65000000000   39.66990   273.55108       0                -4.923
       1639 13.65833333333   39.62594   273.25826       0                -4.895
       1640 13.66666666667   39.58041   272.96590       0                -4.873
       1641 13.67500000000   39.53332   272.67403       0                -4.845
       1642 13.68333333333   39.48466   272.38266       0                -4.805
       1643 13.69166666667   39.43446   272.09182       0                -4.777
       1644 13.70000000000   39.38270   271.80152       0                -4.738
       1645 13.70833333333   39.32940   271.51178       0                -4.717
       1646 13.71666666667   39.27457   271.22263       0                -4.670
       1647 13.72500000000   39.21821   270.93408       0                -4.622
       1648 13.73333333333   39.16033   270.64615       0                -4.592
       1649 13.74166666667   39.10094   270.35885       0                -4.542
       1650 13.75000000000   39.04004   270.07222       0                -4.548
       1651 13.75833333333   38.97765   269.78625       0                -4.518
       1652 13.76666666667   38.91376   269.50098       0                -4.474
       1653 13.77500000000   38.84840   269.21642       0                -4.423
       1654 13.78333333333   38.78155   268.93258       0                -4.407
       1655 13.79166666667   38.71325   268.64948       0                -4.374
       1656 13.80000000000   38.64348   268.36714       0                -4.362
       1657 13.80833333333   38.57227   268.08557       0                -4.309
       1658 13.81666666667   38.49961   267.80479       0                -4.249
       1659 13.82500000000   38.42553   267.52482       0                -4.209
       1660 13.83333333333   38.35002   267.24566       0                -4.168
       1661 13.84166666667   38.27309   266.96733       0                -4.136
       1662 13.85000000000   38.19476   266.68984       0                -4.100
       1663 13.85833333333   38.11504   266.41322       0                -4.062
       1664 13.86666666667   38.03393   266.13747       0                -4.047
       1665 13.87500000000   37.95144   265.86260       0                -4.026
       1666 13.88333333333   37.86758   265.58863       0                -3.984
       1667 13.89166666667   37.78236   265.31557       0                -3.940
       1668 13.90000000000   37.69579   265.04344       0                -3.944
       1669 13.90833333333   37.60789   264.77223       0                -3.927
       1670 13.91666666667   37.51865   264.50197       0                -3.880
       1671 13.92500000000   37.42810   264.23266       0                -3.838
       1672 13.93333333333   37.33623   263.96432       0                -3.821
       1673 13.94166666667   37.24307   263.69695       0                -3.767
       1674 13.95000000000   37.14861   263.43057       0                -3.741
       1675 13.95833333333   37.05288   263.16518       0                -3.686
       1676 13.96666666667   36.95587   262.90080       0                -3.654
       1677 13.97500000000   36.85761   262.63742       0                -3.587
       1678 13.98333333333   36.75810   262.37507       0                -3.540
       1679 13.99166666667   36.65735   262.11374       0                -3.497
       1680 14.00000000000   36.55546   261.85095       0                -3.458
       1681 14.00833333333   36.45217   261.59420       0                -3.397
       1682 14.01666666667   36.34777   261.33600       0                -3.358
       1683 14.02500000000   36.24217   261.07885       0                -3.324
       1684 14.03333333333   36.13538   260.82277       0                -3.261
       1685 14.04166666667   36.02742   260.56776       0                -3.216
       1686 14.05000000000   35.91830   260.31382       0                -3.176
       1687 14.05833333333   35.80802   260.06095       0                -3.153
       1688 14.06666666667   35.69659   259.80918       0                -3.102
       1689 14.07500000000   35.58404   259.55849       0                -3.060
       1690 14.08333333333   35.47036   259.30889       0                -3.019
       1691 14.09166666667   35.35557   259.06040       0                -2.973
       1692 14.10000000000   35.23968   258.81300       0                -2.903
       1693 14.10833333333   35.12270   258.56671       0                -2.862
       1694 14.11666666667   35.00465   258.32152       0                -2.794
       1695 14.12500000000   34.88552   258.07745       0                -2.748
       1696 14.13333333333   34.76534   257.83449       0                -2.707
       1697 14.14166666667   34.64411   257.59265       0                -2.664
       1698 14.15000000000   34.52185   257.35192       0                -2.629
       1699 14.15833333333   34.39856   257.11231       0                -2.556
       1700 14.16666666667   34.27426   256.87383       0                -2.520
       1701 14.17500000000   34.14895   256.63646       0                -2.472
       1702 14.18333333333   34.02265   256.40022       0                -2.412
       1703 14.19166666667   33.89537   256.16511       0                -2.352
       1704 14.20000000000   33.76713   255.93111       0                -2.310
       1705 14.20833333333   33.63792   255.69825       0                -2.266
       1706 14.21666666667   33.50776   255.46651       0                -2.215
       1707 14.22500000000   33.37666   255.23589       0                -2.145
       1708 14.23333333333   33.24463   255.00640       0                -2.102
       1709 14.24166666667   33.11169   254.77803       0                -2.053
       1710 14.25000000000   32.97784   254.55079       0                -2.013
       1711 14.25833333333   32.84310   254.32466       0                -1.957
       1712 14.26666666667   32.70747   254.09966       0                -1.900
       1713 14.27500000000   32.57096   253.87578       0                -1.849
       1714 14.28333333333   32.43359   253.65301       0                -1.802
       1715 14.29166666667   32.29537   253.43136       0                -1.754
       1716 14.30000000000   32.15630   253.21083       0                -1.702
       1717 14.30833333333   32.01640   252.99140       0                -1.644
       1718 14.31666666667   31.87568   252.77309       0                -1.611
       1719 14.32500000000   31.73415   252.55588       0                -1.561
       1720 14.33333333333   31.59181   252.33977       0                -1.494
       1721 14.34166666667   31.44868   252.12477       0                -1.439
       1722 14.35000000000   31.30478   251.91086       0                -1.390
       1723 14.35833333333   31.16009   251.69804       0                -1.339
       1724 14.36666666667   31.01465   251.48632       0                -1.285
       1725 14.37500000000   30.86846   251.27568       0                -1.242
       1726 14.38333333333   30.72153   251.06613       0                -1.205
       1727 14.39166666667   30.57386   250.85766       0                -1.130
       1728 14.40000000000   30.42547   250.65026       0                -1.089
       1729 14.40833333333   30.27638   250.44393       0                -1.049
       1730 14.41666666667   30.12658   250.23867       0                -0.984
       1731 14.42500000000   29.97608   250.03447       0                -0.880
       1732 14.43333333333   29.82491   249.83133       0                -0.767
       1733 14.44166666667   29.67307   249.62924       0                -0.678
       1734 14.45000000000   29.52056   249.42821       0                -0.612
       1735 14.45833333333   29.36740   249.22821       0                -0.533
       1736 14.46666666667   29.21359   249.02925       0                -0.431
       1737 14.47500000000   29.05915   248.83133       0                -0.355
       1738 14.48333333333   28.90409   248.63443       0                -0.286
       1739 14.49166666667   28.74841   248.43856       0                -0.215
       1740 14.50000000000   28.59212   248.24371       0                -0.144
       1741 14.50833333333   28.43524   248.04986       0                -0.074
       1742 14.51666666667   28.27777   247.85703       0                 0.001
       1743 14.52500000000   28.11971   247.66519       0                 0.089
       1744 14.53333333333   27.96109   247.47435       0                 0.188
       1745 14.54166666667   27.80191   247.28450       0                 0.260
       1746 14.55000000000   27.64218   247.09563       0                 0.345
       1747 14.55833333333   27.48191   246.90773       0                 0.402
       1748 14.56666666667   27.32110   246.72081       0                 0.470
       1749 14.57500000000   27.15976   246.53485       0                 0.566
       1750 14.58333333333   26.99791   246.34985       0                 0.648
       1751 14.59166666667   26.83555   246.16581       0                 0.722
       1752 14.60000000000   26.67269   245.98271       0                 0.783
       1753 14.60833333333   26.50934   245.80055       0                 0.867
       1754 14.61666666667   26.34550   245.61932       0                 1.012
       1755 14.62500000000   26.18119   245.43902       0                 1.130
       1756 14.63333333333   26.01642   245.25963       0                 1.237
       1757 14.64166666667   25.85118   245.08117       0                 1.325
       1758 14.65000000000   25.68550   244.90361       0                 1.430
       1759 14.65833333333   25.51938   244.72695       0                 1.546
       1760 14.66666666667   25.35282   244.55118       0                 1.657
       1761 14.67500000000   25.18584   244.37630       0                 1.735
       1762 14.68333333333   25.01844   244.20230       0                 1.824
       1763 14.69166666667   24.85063   244.02917       0                 1.936
       1764 14.70000000000   24.68241   243.85691       0                 2.027
       1765 14.70833333333   24.51381   243.68551       0                 2.114
       1766 14.71666666667   24.34481   243.51496       0                 2.271
       1767 14.72500000000   24.17544   243.34526       0                 2.397
       1768 14.73333333333   24.00570   243.17639       0                 2.511
       1769 14.74166666667   23.83559   243.00836       0                 2.608
       1770 14.75000000000   23.66513   242.84115       0                 2.720
       1771 14.75833333333   23.49431   242.67476       0                 2.797
       1772 14.76666666667   23.32316   242.50918       0                 2.864
       1773 14.77500000000   23.15167   242.34440       0                 2.925
       1774 14.78333333333   22.97986   242.18043       0                 3.002
       1775 14.79166666667   22.80772   242.01724       0                 3.076
       1776 14.80000000000   22.63527   241.85483       0                 3.169
       1777 14.80833333333   22.46252   241.69320       0                 3.315
       1778 14.81666666667   22.28946   241.53233       0                 3.516
       1779 14.82500000000   22.11611   241.37223       0                 3.658
       1780 14.83333333333   21.94248   241.21289       0                 3.803
       1781 14.84166666667   21.76857   241.05428       0                 3.997
       1782 14.85000000000   21.59439   240.89642       0                 4.150
       1783 14.85833333333   21.41994   240.73930       0                 4.309
       1784 14.86666666667   21.24524   240.58290       0                 4.506
       1785 14.87500000000   21.07028   240.42721       0                 4.646
       1786 14.88333333333   20.89508   240.27224       0                 4.785
       1787 14.89166666667   20.71963   240.11798       0                 4.991
       1788 14.90000000000   20.54396   239.96441       0                 5.133
       1789 14.90833333333   20.36806   239.81153       0                 5.282
       1790 14.91666666667   20.19194   239.65933       0                 5.446
       1791 14.92500000000   20.01560   239.50782       0                 5.580
       1792 14.93333333333   19.83906   239.35697       0                 5.726
       1793 14.94166666667   19.66231   239.20678       0                 5.881
       1794 14.95000000000   19.48537   239.05725       0                 6.017
       1795 14.95833333333   19.30824   238.90837       0                 6.152
       1796 14.96666666667   19.13093   238.76013       0                 6.273
       1797 14.97500000000   18.95344   238.61252       0                 6.403
       1798 14.98333333333   18.77578   238.46554       0                 6.538
       1799 14.99166666667   18.59795   238.31918       0                 6.783
       1800 15.00000000000   18.41996   238.17343       0                 6.928
       1801 15.00833333333   18.24182   238.02829       0                 7.116
       1802 15.01666666667   18.06353   237.88376       0                 7.286
       1803 15.02500000000   17.88509   237.73981       0                 7.491
       1804 15.03333333333   17.70652   237.59645       0                 7.678
       1805 15.04166666667   17.52781   237.45367       0                 7.873
       1806 15.05000000000   17.34898   237.31146       0                 8.101
       1807 15.05833333333   17.17002   237.16981       0                 8.244
       1808 15.06666666667   16.99095   237.02873       0                 8.465
       1809 15.07500000000   16.81177   236.88820       0                 8.656
       1810 15.08333333333   16.63249   236.74821       0                 8.893
       1811 15.09166666667   16.45310   236.60876       0                 9.142
       1812 15.10000000000   16.27362   236.46984       0                 9.359
       1813 15.10833333333   16.09405   236.33145       0                 9.545
       1814 15.11666666667   15.91439   236.19357       0                 9.745
       1815 15.12500000000   15.73465   236.05621       0                10.043
       1816 15.13333333333   15.55484   235.91935       0                10.118
       1817 15.14166666667   15.37496   235.78300       0                10.326
       1818 15.15000000000   15.19501   235.64713       0                10.558
       1819 15.15833333333   15.01500   235.51175       0                10.739
       1820 15.16666666667   14.83494   235.37685       0                10.976
       1821 15.17500000000   14.65483   235.24242       0                11.186
       1822 15.18333333333   14.47467   235.10845       0                11.369
       1823 15.19166666667   14.29447   234.97495       0                11.621
       1824 15.20000000000   14.11423   234.84190       0                11.799
       1825 15.20833333333   13.93396   234.70930       0                11.961
       1826 15.21666666667   13.75366   234.57713       0                12.205
       1827 15.22500000000   13.57334   234.44540       0                12.368
       1828 15.23333333333   13.39301   234.31410       0                12.598
       1829 15.24166666667   13.21265   234.18322       0                12.874
       1830 15.25000000000   13.03229   234.05276       0                13.118
       1831 15.25833333333   12.85193   233.92270       0                13.385
       1832 15.26666666667   12.67156   233.79305       0                13.642
       1833 15.27500000000   12.49119   233.66379       0                13.929
       1834 15.28333333333   12.31084   233.53493       0                14.203
       1835 15.29166666667   12.13049   233.40645       0                14.451
       1836 15.30000000000   11.95016   233.27834       0                14.640
       1837 15.30833333333   11.76985   233.15061       0                14.892
       1838 15.31666666667   11.58957   233.02325       0                15.149
       1839 15.32500000000   11.40931   232.89624       0                15.377
       1840 15.33333333333   11.22909   232.76959       0                15.678
       1841 15.34166666667   11.04890   232.64329       0                15.936
       1842 15.35000000000   10.86876   232.51733       0                16.204
       1843 15.35833333333   10.68865   232.39171       0                16.486
       1844 15.36666666667   10.50860   232.26642       0                16.821
       1845 15.37500000000   10.32860   232.14145       0                17.064
       1846 15.38333333333   10.14865   232.01680       0                17.345
       1847 15.39166666667    9.96877   231.89246       0                17.678
       1848 15.40000000000    9.78895   231.76843       0                17.994
       1849 15.40833333333    9.60919   231.64470       0                18.361
       1850 15.41666666667    9.42951   231.52127       0                18.692
       1851 15.42500000000    9.24990   231.39813       0                19.011
       1852 15.43333333333    9.07037   231.27527       0                19.350
       1853 15.44166666667    8.89093   231.15269       0                19.720
       1854 15.45000000000    8.71156   231.03039       0                20.139
       1855 15.45833333333    8.53229   230.90835       0                20.594
       1856 15.46666666667    8.35311   230.78657       0                20.955
       1857 15.47500000000    8.17403   230.66505       0                21.295
       1858 15.48333333333    7.99505   230.54378       0                21.650
       1859 15.49166666667    7.81617   230.42276       0                21.901
       1860 15.50000000000    7.63740   230.30197       0                22.007
       1861 15.50833333333    7.45874   230.18142       0                22.179
       1862 15.51666666667    7.28019   230.06110       0                22.510
       1863 15.52500000000    7.10176   229.94101       0                22.882
       1864 15.53333333333    6.92345   229.82113       0                23.210
       1865 15.54166666667    6.74527   229.70146       0                23.632
       1866 15.55000000000    6.56721   229.58201       0                24.259
       1867 15.55833333333    6.38928   229.46275       0                24.836
       1868 15.56666666667    6.21149   229.34369       0                25.432
       1869 15.57500000000    6.03383   229.22483       0                25.959
       1870 15.58333333333    5.85632   229.10615       0                26.427
       1871 15.59166666667    5.67895   228.98765       0                27.091
       1872 15.60000000000    5.50172   228.86933       0                27.700
       1873 15.60833333333    5.32464   228.75118       0                28.204
       1874 15.61666666667    5.14772   228.63320       0                28.823
       1875 15.62500000000    4.97095   228.51538       0                29.284
       2515 20.95833333333    5.12761   134.58235       0                -0.893
       2516 20.96666666667    5.30760   134.46631       0                -1.511
       2517 20.97500000000    5.48777   134.35012       0                -2.141
       2518 20.98333333333    5.66812   134.23378       0                -2.792
       2519 20.99166666667    5.84864   134.11729       0                -3.464
       2520 21.00000000000    6.02932   134.00063     112                 0.000
       2521 21.00833333333    6.21017   133.88380     112                 0.000
       2522 21.01666666667    6.39118   133.76680     112                 0.000
       2523 21.02500000000    6.57235   133.64962     112                 0.000
       2524 21.03333333333    6.75368   133.53225     112                 0.000
       2525 21.04166666667    6.93516   133.41470       0                36.739
       2526 21.05000000000    7.11679   133.29695       0                36.473
       2527 21.05833333333    7.29856   133.17901       0                36.050
       2528 21.06666666667    7.48048   133.06086       0                35.556
       2529 21.07500000000    7.66253   132.94249       0                35.115
       2530 21.08333333333    7.84472   132.82391       0                34.633
       2531 21.09166666667    8.02705   132.70511       0                34.190
       2532 21.10000000000    8.20950   132.58608       0                33.755
       2533 21.10833333333    8.39208   132.46682       0                33.290
       2534 21.11666666667    8.57479   132.34732       0                32.852
       2535 21.12500000000    8.75761   132.22758       0                32.372
       2536 21.13333333333    8.94055   132.10758       0                31.775
       2537 21.14166666667    9.12360   131.98733       0                31.108
       2538 21.15000000000    9.30676   131.86682       0                30.505
       2539 21.15833333333    9.49002   131.74604       0                29.917
       2540 21.16666666667    9.67339   131.62499       0                29.440
       2541 21.17500000000    9.85685   131.50366       0                28.907
       2542 21.18333333333   10.04041   131.38205       0                28.472
       2543 21.19166666667   10.22406   131.26015       0                28.176
       2544 21.20000000000   10.40779   131.13794       0                27.828
       2545 21.20833333333   10.59161   131.01544       0                27.505
       2546 21.21666666667   10.77551   130.89263       0                27.178
       2547 21.22500000000   10.95948   130.76951       0                26.781
       2548 21.23333333333   11.14353   130.64606       0                26.332
       2549 21.24166666667   11.32764   130.52229       0                26.101
       2550 21.25000000000   11.51182   130.39819       0                25.781
       2551 21.25833333333   11.69606   130.27375       0                25.430
       2552 21.26666666667   11.88036   130.14896       0                25.054
       2553 21.27500000000   12.06470   130.02383       0                24.628
       2554 21.28333333333   12.24910   129.89833       0                24.267
       2555 21.29166666667   12.43354   129.77248       0                23.958
       2556 21.30000000000   12.61802   129.64625       0                23.699
       2557 21.30833333333   12.80254   129.51965       0                23.310
       2558 21.31666666667   12.98709   129.39267       0                22.937
       2559 21.32500000000   13.17167   129.26529       0                22.645
       2560 21.33333333333   13.35627   129.13753       0                22.359
       2561 21.34166666667   13.54089   129.00936       0                22.046
       2562 21.35000000000   13.72552   128.88078       0                21.750
       2563 21.35833333333   13.91017   128.75179       0                21.430
       2564 21.36666666667   14.09482   128.62238       0                21.139
       2565 21.37500000000   14.27947   128.49255       0                20.838
       2566 21.38333333333   14.46413   128.36227       0                20.568
       2567 21.39166666667   14.64877   128.23156       0                20.305
       2568 21.40000000000   14.83340   128.10040       0                20.020
       2569 21.40833333333   15.01802   127.96879       0                19.714
       2570 21.41666666667   15.20262   127.83671       0                19.399
       2571 21.42500000000   15.38719   127.70417       0                19.068
       2572 21.43333333333   15.57173   127.57116       0                18.792
       2573 21.44166666667   15.75624   127.43766       0                18.465
       2574 21.45000000000   15.94071   127.30368       0                18.184
       2575 21.45833333333   16.12513   127.16920       0                17.818
       2576 21.46666666667   16.30950   127.03422       0                17.504
       2577 21.47500000000   16.49382   126.89873       0                17.222
       2578 21.48333333333   16.67808   126.76273       0                16.919
       2579 21.49166666667   16.86228   126.62620       0                16.659
       2580 21.50000000000   17.04641   126.48915       0                16.381
       2581 21.50833333333   17.23046   126.35156       0                16.172
       2582 21.51666666667   17.41444   126.21342       0                15.922
       2583 21.52500000000   17.59833   126.07474       0                15.679
       2584 21.53333333333   17.78213   125.93549       0                15.461
       2585 21.54166666667   17.96583   125.79568       0                15.159
       2586 21.55000000000   18.14944   125.65530       0                14.928
       2587 21.55833333333   18.33293   125.51434       0                14.659
       2588 21.56666666667   18.51632   125.37280       0                14.400
       2589 21.57500000000   18.69959   125.23066       0                14.116
       2590 21.58333333333   18.88274   125.08791       0                13.852
       2591 21.59166666667   19.06576   124.94456       0                13.555
       2592 21.60000000000   19.24865   124.80060       0                13.298
       2593 21.60833333333   19.43140   124.65601       0                13.017
       2594 21.61666666667   19.61400   124.51079       0                12.759
       2595 21.62500000000   19.79646   124.36493       0                12.491
       2596 21.63333333333   19.97875   124.21843       0                12.231
       2597 21.64166666667   20.16089   124.07127       0                12.000
       2598 21.65000000000   20.34285   123.92346       0                11.784
       2599 21.65833333333   20.52465   123.77497       0                11.535
       2600 21.66666666667   20.70626   123.62581       0                11.273
       2601 21.67500000000   20.88768   123.47597       0                11.065
       2602 21.68333333333   21.06892   123.32543       0                10.834
       2603 21.69166666667   21.24995   123.17420       0                10.592
       2604 21.70000000000   21.43078   123.02226       0                10.383
       2605 21.70833333333   21.61139   122.86961       0                10.189
       2606 21.71666666667   21.79179   122.71624       0                 9.949
       2607 21.72500000000   21.97197   122.56214       0                 9.752
       2608 21.73333333333   22.15191   122.40730       0                 9.560
       2609 21.74166666667   22.33162   122.25172       0                 9.399
       2610 21.75000000000   22.51108   122.09538       0                 9.195
       2611 21.75833333333   22.69029   121.93829       0                 9.052
       2612 21.76666666667   22.86924   121.78043       0                 8.872
       2613 21.77500000000   23.04793   121.62179       0                 8.680
       2614 21.78333333333   23.22635   121.46238       0                 8.514
       2615 21.79166666667   23.40448   121.30217       0                 8.347
       2616 21.80000000000   23.58234   121.14116       0                 8.211
       2617 21.80833333333   23.75990   120.97935       0                 8.024
       2618 21.81666666667   23.93716   120.81672       0                 7.860
       2619 21.82500000000   24.11411   120.65327       0                 7.703
       2620 21.83333333333   24.29075   120.48899       0                 7.535
       2621 21.84166666667   24.46707   120.32388       0                 7.369
       2622 21.85000000000   24.64306   120.15792       0                 7.194
       2623 21.85833333333   24.81872   119.99111       0                 6.997
       2624 21.86666666667   24.99403   119.82343       0                 6.812
       2625 21.87500000000   25.16899   119.65489       0                 6.620
       2626 21.88333333333   25.34359   119.48548       0                 6.420
       2627 21.89166666667   25.51782   119.31518       0                 6.251
       2628 21.90000000000   25.69168   119.14399       0                 6.050
       2629 21.90833333333   25.86515   118.97190       0                 5.832
       2630 21.91666666667   26.03824   118.79890       0                 5.615
       2631 21.92500000000   26.21093   118.62499       0                 5.440
       2632 21.93333333333   26.38321   118.45016       0                 5.241
       2633 21.94166666667   26.55507   118.27440       0                 5.054
       2634 21.95000000000   26.72652   118.09770       0                 4.845
       2635 21.95833333333   26.89753   117.92006       0                 4.661
       2636 21.96666666667   27.06810   117.74146       0                 4.486
       2637 21.97500000000   27.23823   117.56191       0                 4.326
       2638 21.98333333333   27.40790   117.38139       0                 4.170
       2639 21.99166666667   27.57710   117.19989       0                 4.002
       2640 22.00000000000   27.74724   117.01399       0                 3.861
       2641 22.00833333333   27.91408   116.83395       0                 3.713
       2642 22.01666666667   28.08184   116.64949       0                 3.589
       2643 22.02500000000   28.24910   116.46402       0                 3.450
       2644 22.03333333333   28.41585   116.27754       0                 3.309
       2645 22.04166666667   28.58209   116.09005       0                 3.201
       2646 22.05000000000   28.74780   115.90153       0                 3.095
       2647 22.05833333333   28.91297   115.71198       0                 2.979
       2648 22.06666666667   29.07760   115.52139       0                 2.897
       2649 22.07500000000   29.24167   115.32975       0                 2.814
       2650 22.08333333333   29.40518   115.13707       0                 2.719
       2651 22.09166666667   29.56812   114.94332       0                 2.600
       2652 22.10000000000   29.73048   114.74851       0                 2.521
       2653 22.10833333333   29.89224   114.55262       0                 2.430
       2654 22.11666666667   30.05341   114.35566       0                 2.340
       2655 22.12500000000   30.21396   114.15761       0                 2.274
       2656 22.13333333333   30.37389   113.95847       0                 2.191
       2657 22.14166666667   30.53320   113.75823       0                 2.123
       2658 22.15000000000   30.69186   113.55689       0                 2.070
       2659 22.15833333333   30.84988   113.35443       0                 2.014
       2660 22.16666666667   31.00723   113.15087       0                 1.963
       2661 22.17500000000   31.16392   112.94618       0                 1.931
       2662 22.18333333333   31.31992   112.74036       0                 1.903
       2663 22.19166666667   31.47524   112.53341       0                 1.886
       2664 22.20000000000   31.62986   112.32532       0                 1.889
       2665 22.20833333333   31.78376   112.11609       0                 1.874
       2666 22.21666666667   31.93695   111.90571       0                 1.881
       2667 22.22500000000   32.08941   111.69417       0                 1.900
       2668 22.23333333333   32.24112   111.48148       0                 1.945
       2669 22.24166666667   32.39208   111.26762       0                 1.986
       2670 22.25000000000   32.54228   111.05260       0                 2.024
       2671 22.25833333333   32.69171   110.83640       0                 2.120
       2672 22.26666666667   32.84036   110.61903       0                 2.227
       2673 22.27500000000   32.98821   110.40047       0                 2.323
       2674 22.28333333333   33.13525   110.18073       0                 2.376
       2675 22.29166666667   33.28148   109.95980       0                 2.357
       2676 22.30000000000   33.42689   109.73768       0                 2.294
       2677 22.30833333333   33.57145   109.51437       0                 2.187
       2678 22.31666666667   33.71517   109.28985       0                 2.143
       2679 22.32500000000   33.85803   109.06413       0                 2.170
       2680 22.33333333333   34.00002   108.83721       0                 2.226
       2681 22.34166666667   34.14112   108.60908       0                 2.263
       2682 22.35000000000   34.28134   108.37974       0                 2.259
       2683 22.35833333333   34.42065   108.14919       0                 2.230
       2684 22.36666666667   34.55904   107.91743       0                 2.218
       2685 22.37500000000   34.69651   107.68445       0                 2.202
       2686 22.38333333333   34.83304   107.45025       0                 2.214
       2687 22.39166666667   34.96863   107.21483       0                 2.213
       2688 22.40000000000   35.10325   106.97820       0                 2.208
       2689 22.40833333333   35.23690   106.74034       0                 2.199
       2690 22.41666666667   35.36957   106.50127       0                 2.185
       2691 22.42500000000   35.50125   106.26097       0                 2.162
       2692 22.43333333333   35.63191   106.01945       0                 2.164
       2693 22.44166666667   35.76157   105.77671       0                 2.152
       2694 22.45000000000   35.89019   105.53275       0                 2.145
       2695 22.45833333333   36.01777   105.28757       0                 2.117
       2696 22.46666666667   36.14431   105.04118       0                 2.098
       2697 22.47500000000   36.26977   104.79356       0                 2.094
       2698 22.48333333333   36.39417   104.54473       0                 2.060
       2699 22.49166666667   36.51748   104.29469       0                 2.014
       2700 22.50000000000   36.63969   104.04344       0                 1.935
       2701 22.50833333333   36.76079   103.79097       0                 1.878
       2702 22.51666666667   36.88077   103.53731       0                 1.816
       2703 22.52500000000   36.99962   103.28244       0                 1.744
       2704 22.53333333333   37.11733   103.02637       0                 1.665
       2705 22.54166666667   37.23388   102.76911       0                 1.590
       2706 22.55000000000   37.34926   102.51066       0                 1.524
       2707 22.55833333333   37.46346   102.25102       0                 1.452
       2708 22.56666666667   37.57648   101.99020       0                 1.378
       2709 22.57500000000   37.68830   101.72820       0                 1.309
       2710 22.58333333333   37.79890   101.46504       0                 1.247
       2711 22.59166666667   37.90828   101.20071       0                 1.199
       2712 22.60000000000   38.01642   100.93522       0                 1.138
       2713 22.60833333333   38.12332   100.66859       0                 1.071
       2714 22.61666666667   38.22896   100.40081       0                 1.011
       2715 22.62500000000   38.33333   100.13189       0                 0.962
       2716 22.63333333333   38.43642    99.86185       0                 0.910
       2717 22.64166666667   38.53822    99.59068       0                 0.844
       2718 22.65000000000   38.63872    99.31841       0                 0.787
       2719 22.65833333333   38.73790    99.04503       0                 0.735
       2720 22.66666666667   38.83576    98.77056       0                 0.706
       2721 22.67500000000   38.93229    98.49501       0                 0.644
       2722 22.68333333333   39.02747    98.21838       0                 0.598
       2723 22.69166666667   39.12129    97.94069       0                 0.531
       2724 22.70000000000   39.21374    97.66195       0                 0.476
       2725 22.70833333333   39.30482    97.38217       0                 0.373
       2726 22.71666666667   39.39451    97.10136       0                 0.260
       2727 22.72500000000   39.48280    96.81954       0                 0.072
       2728 22.73333333333   39.56968    96.53671       0                -0.066
       2729 22.74166666667   39.65514    96.25290       0                -0.225
       2730 22.75000000000   39.73918    95.96810       0                -0.398
       2731 22.75833333333   39.82177    95.68235       0                -0.644
       2732 22.76666666667   39.90291    95.39564       0                -0.853
       2733 22.77500000000   39.98260    95.10801       0                -1.185
       2734 22.78333333333   40.06081    94.81945       0                -1.471
       2735 22.79166666667   40.13755    94.52999       0                -1.776
       2736 22.80000000000   40.21280    94.23964       0                -2.067
       2737 22.80833333333   40.28655    93.94842       0                -2.336
       2738 22.81666666667   40.35880    93.65634       0                -2.548
       2739 22.82500000000   40.42953    93.36343       0                -2.905
       2740 22.83333333333   40.49874    93.06970       0                -3.040
       2741 22.84166666667   40.56641    92.77517       0                -2.924
       2742 22.85000000000   40.63254    92.47985       0                -2.793
       2743 22.85833333333   40.69713    92.18377       0                -2.805
       2744 22.86666666667   40.76015    91.88694       0                -2.878
       2745 22.87500000000   40.82161    91.58938       0                -2.963
       2746 22.88333333333   40.88149    91.29112       0                -3.103
       2747 22.89166666667   40.93979    90.99217       0                -3.258
       2748 22.90000000000   40.99650    90.69255       0                -3.362
       2749 22.90833333333   41.05161    90.39229       0                -3.589
       2750 22.91666666667   41.10512    90.09140       0                -3.800
       2751 22.92500000000   41.15702    89.78991       0                -3.941
       2752 22.93333333333   41.20730    89.48784       0                -4.007
       2753 22.94166666667   41.25595    89.18520       0                -3.605
       2754 22.95000000000   41.30297    88.88204       0                -3.574
       2755 22.95833333333   41.34835    88.57835       0                -3.707
       2756 22.96666666667   41.39209    88.27418       0                -3.835
       2757 22.97500000000   41.43418    87.96954       0                -3.980
       2758 22.98333333333   41.47461    87.66446       0                -4.231
       2759 22.99166666667   41.51338    87.35896       0                -4.535
       2760 23.00000000000   41.55048    87.05306       0                -4.931
       2761 23.00833333333   41.58592    86.74680       0                -5.362
       2762 23.01666666667   41.61967    86.44018       0                -5.831
       2763 23.02500000000   41.65174    86.13325       0                -6.364
       2764 23.03333333333   41.68213    85.82602       0                -6.824
       2765 23.04166666667   41.71082    85.51852       0                -7.259
       2766 23.05000000000   41.73783    85.21077       0                -7.830
       2767 23.05833333333   41.76313    84.90281       0                -8.316
       2768 23.06666666667   41.78673    84.59466       0                -8.623
       2769 23.07500000000   41.80863    84.28633       0                -8.955
       2770 23.08333333333   41.82882    83.97787       0                -9.276
       2771 23.09166666667   41.84730    83.66930       0                -9.375
       2772 23.10000000000   41.86407    83.36064       0                -9.562
       2773 23.10833333333   41.87912    83.05192       0                -9.481
       2774 23.11666666667   41.89245    82.74317       0                -9.978
       2775 23.12500000000   41.90406    82.43441       0               -10.197
       2776 23.13333333333   41.91395    82.12567       0               -10.377
       2777 23.14166666667   41.92212    81.81698       0               -10.630
       2778 23.15000000000   41.92857    81.50837       0               -10.708
       2779 23.15833333333   41.93329    81.19986       0               -10.828
       2780 23.16666666667   41.93628    80.89149       0               -10.861
       2781 23.17500000000   41.93755    80.58327       0               -11.001
       2782 23.18333333333   41.93709    80.27524       0               -11.092
       2783 23.19166666667   41.93491    79.96742       0               -11.193
       2784 23.20000000000   41.93100    79.65984       0               -11.175
       2785 23.20833333333   41.92536    79.35253       0               -11.241
       2786 23.21666666667   41.91801    79.04551       0               -11.469
       2787 23.22500000000   41.90892    78.73882       0               -11.649
       2788 23.23333333333   41.89812    78.43248       0               -11.879
       2789 23.24166666667   41.88560    78.12651       0               -11.952
       2790 23.25000000000   41.87135    77.82095       0               -12.100
       2791 23.25833333333   41.85540    77.51583       0               -12.258
       2792 23.26666666667   41.83772    77.21116       0               -12.451
       2793 23.27500000000   41.81834    76.90697       0               -12.689
       2794 23.28333333333   41.79724    76.60330       0               -12.989
       2795 23.29166666667   41.77444    76.30016       0               -13.175
       2796 23.30000000000   41.74994    75.99759       0               -13.298
       2797 23.30833333333   41.72374    75.69561       0               -13.443
       2798 23.31666666667   41.69584    75.39425       0               -13.619
       2799 23.32500000000   41.66625    75.09353       0               -13.836
       2800 23.33333333333   41.63497    74.79348       0               -14.082
       2801 23.34166666667   41.60201    74.49412       0               -14.319
       2802 23.35000000000   41.56736    74.19548       0               -14.479
       2803 23.35833333333   41.53105    73.89758       0               -14.640
       2804 23.36666666667   41.49306    73.60045       0               -14.737
       2805 23.37500000000   41.45342    73.30411       0               -14.861
       2806 23.38333333333   41.41211    73.00859       0               -14.941
       2807 23.39166666667   41.36915    72.71391       0               -14.938
       2808 23.40000000000   41.32454    72.42010       0               -14.993
       2809 23.40833333333   41.27829    72.12717       0               -15.051
       2810 23.41666666667   41.23041    71.83515       0               -15.066
       2811 23.42500000000   41.18090    71.54407       0               -15.101
       2812 23.43333333333   41.12976    71.25394       0               -15.058
       2813 23.44166666667   41.07701    70.96479       0               -14.964
       2814 23.45000000000   41.02265    70.67663       0               -15.006
       2815 23.45833333333   40.96669    70.38950       0               -15.017
       2816 23.46666666667   40.90914    70.10341       0               -15.018
       2817 23.47500000000   40.85000    69.81838       0               -15.053
       2818 23.48333333333   40.78928    69.53443       0               -15.014
       2819 23.49166666667   40.72700    69.25159       0               -15.072
       2820 23.50000000000   40.66315    68.96986       0               -15.151
       2821 23.50833333333   40.59774    68.68928       0               -15.151
       2822 23.51666666667   40.53079    68.40986       0               -15.116
       2823 23.52500000000   40.46230    68.13161       0               -15.119
       2824 23.53333333333   40.39228    67.85457       0               -15.102
       2825 23.54166666667   40.32074    67.57873       0               -15.009
       2826 23.55000000000   40.24769    67.30413       0               -14.961
       2827 23.55833333333   40.17313    67.03077       0               -14.940
       2828 23.56666666667   40.09708    66.75868       0               -14.977
       2829 23.57500000000   40.01955    66.48788       0               -15.012
       2830 23.58333333333   39.94054    66.21836       0               -15.031
       2831 23.59166666667   39.86007    65.95016       0               -15.072
       2832 23.60000000000   39.77814    65.68329       0               -15.087
       2833 23.60833333333   39.69477    65.41775       0               -15.046
       2834 23.61666666667   39.60996    65.15358       0               -15.048
       2835 23.62500000000   39.52372    64.89077       0               -15.135
       2836 23.63333333333   39.43607    64.62934       0               -15.141
       2837 23.64166666667   39.34701    64.36931       0               -15.127
       2838 23.65000000000   39.25655    64.11068       0               -15.276
       2839 23.65833333333   39.16471    63.85348       0               -15.324
       2840 23.66666666667   39.07149    63.59771       0               -15.424
       2841 23.67500000000   38.97691    63.34338       0               -15.495
       2842 23.68333333333   38.88098    63.09050       0               -15.559
       2843 23.69166666667   38.78370    62.83909       0               -15.590
       2844 23.70000000000   38.68508    62.58915       0               -15.586
       2845 23.70833333333   38.58515    62.34070       0               -15.534
       2846 23.71666666667   38.48390    62.09373       0               -15.481
       2847 23.72500000000   38.38135    61.84828       0               -15.476
       2848 23.73333333333   38.27752    61.60433       0               -15.571
       2849 23.74166666667   38.17240    61.36190       0               -15.468
       2850 23.75000000000   38.06602    61.12100       0               -15.332
       2851 23.75833333333   37.95838    60.88163       0               -15.288
       2852 23.76666666667   37.84949    60.64380       0               -15.402
       2853 23.77500000000   37.73937    60.40752       0               -15.541
       2854 23.78333333333   37.62802    60.17280       0               -15.560
       2855 23.79166666667   37.51546    59.93964       0               -15.320
       2856 23.80000000000   37.40170    59.70804       0               -15.229
       2857 23.80833333333   37.28675    59.47801       0               -15.260
       2858 23.81666666667   37.17062    59.24956       0               -15.468
       2859 23.82500000000   37.05333    59.02269       0               -15.491
       2860 23.83333333333   36.93487    58.79741       0               -15.588
       2861 23.84166666667   36.81527    58.57372       0               -15.615
       2862 23.85000000000   36.69454    58.35161       0               -15.554
       2863 23.85833333333   36.57268    58.13111       0               -15.532
       2864 23.86666666667   36.44971    57.91220       0               -15.590
       2865 23.87500000000   36.32565    57.69490       0               -15.572
       2866 23.88333333333   36.20049    57.47920       0               -15.478
       2867 23.89166666667   36.07425    57.26510       0               -15.506
       2868 23.90000000000   35.94695    57.05262       0               -15.629
       2869 23.90833333333   35.81859    56.84174       0               -15.685
       2870 23.91666666667   35.68919    56.63247       0               -15.626
       2871 23.92500000000   35.55875    56.42482       0               -15.683
       2872 23.93333333333   35.42729    56.21878       0               -15.558
       2873 23.94166666667   35.29482    56.01435       0               -15.436
       2874 23.95000000000   35.16135    55.81154       0               -15.508
       2875 23.95833333333   35.02689    55.61033       0               -15.512
       2876 23.96666666667   34.89145    55.41074       0               -15.367
       2877 23.97500000000   34.75505    55.21277       0               -15.291
       2878 23.98333333333   34.61769    55.01640       0               -15.270
       2879 23.99166666667   34.47938    54.82164       0               -15.202
