# Created on 2018-12-12 16:17:51 
# Sources: d:\gpsother\tec-suite\in\2015\abcd0770.15d.Z, d:\gpsother\tec-suite\in\2015\brdc0770.15g.Z
# Satellite: R01 (k = 1.0)
# Interval: 30.0
# Sampling interval: 0.0 (not used).
# Site: abcd
# Position (L, B, H): 253.601641965, 52.1962622634, 578.574894483
# Position (X, Y, Z): -1106129.71, -3758704.03, 5016675.77
# datetime format: %Y-%m-%dT%H:%M:%S
# Columns: tsn, hour, el, az, validity, tec.l1l2
# (I11,1X,F14.11,1X,F10.5,1X,F11.5,1X,I7,1X,F21.3)
        285  2.37500000000    5.21088    18.12859       0                -3.521
        286  2.38333333333    5.33916    17.93991       0                -3.736
        287  2.39166666667    5.46656    17.75049       0                -3.384
        288  2.40000000000    5.59309    17.56035       0                -3.641
        289  2.40833333333    5.71873    17.36947       0                -3.777
        290  2.41666666667    5.84348    17.17786       0                -3.723
        291  2.42500000000    5.96734    16.98552       0                -3.848
        292  2.43333333333    6.09029    16.79245       0                -3.888
        293  2.44166666667    6.21234    16.59864       0                -4.097
        294  2.45000000000    6.33348    16.40410       0                -4.111
        295  2.45833333333    6.45369    16.20883       0                -4.009
        296  2.46666666667    6.57299    16.01283       0                -3.925
        297  2.47500000000    6.69135    15.81610       0                -4.027
        298  2.48333333333    6.80879    15.61864       0                -4.074
        299  2.49166666667    6.92528    15.42045       0                -4.032
        300  2.50000000000    7.04083    15.22152       0                -4.066
        301  2.50833333333    7.14071    15.03186       0                -4.300
        302  2.51666666667    7.25390    14.83133       0                -4.373
        303  2.52500000000    7.36604    14.63015       0                -4.401
        304  2.53333333333    7.47710    14.42832       0                -4.468
        305  2.54166666667    7.58710    14.22583       0                -4.452
        306  2.55000000000    7.69602    14.02270       0                -4.683
        307  2.55833333333    7.80386    13.81893       0                -4.733
        308  2.56666666667    7.91061    13.61451       0                -4.933
        309  2.57500000000    8.01627    13.40945       0                -4.833
        310  2.58333333333    8.12082    13.20375       0                -4.776
        311  2.59166666667    8.22427    12.99742    4096                -4.549
        312  2.60000000000    8.32661    12.79046       0                -3.948
        313  2.60833333333    8.42783    12.58287       0                -5.770
        314  2.61666666667    8.52793    12.37466       0                -5.329
        315  2.62500000000    8.62690    12.16582       0                -5.964
        316  2.63333333333    8.72474    11.95637       0                -7.810
        317  2.64166666667    8.82144    11.74630       0                -7.129
        318  2.65000000000    8.91699    11.53561       0                -4.833
        319  2.65833333333    9.01139    11.32432       0                -3.486
        320  2.66666666667    9.10464    11.11242       0                -3.288
        321  2.67500000000    9.19673    10.89992       0                -2.658
        322  2.68333333333    9.28765    10.68682       0                -3.189
        323  2.69166666667    9.37740    10.47313    4096                -3.014
        324  2.70000000000    9.46597    10.25885       0                -2.971
        325  2.70833333333    9.55336    10.04398       0                -6.802
        326  2.71666666667    9.63956     9.82852       0                -6.211
        327  2.72500000000    9.72457     9.61249       0                -7.979
        328  2.73333333333    9.80839     9.39589       0                -9.510
        329  2.74166666667    9.89100     9.17871       0               -10.156
        330  2.75000000000    9.97240     8.96097       0               -11.468
        331  2.75833333333   10.05259     8.74266       0               -11.458
        332  2.76666666667   10.13157     8.52380       0               -10.337
        333  2.77500000000   10.20932     8.30438       0               -13.230
        334  2.78333333333   10.28585     8.08442       0               -13.037
        335  2.79166666667   10.36115     7.86392       0               -14.597
        336  2.80000000000   10.43521     7.64287       0               -14.875
        337  2.80833333333   10.50803     7.42129       0               -14.782
        338  2.81666666667   10.57961     7.19918       0               -14.876
        339  2.82500000000   10.64994     6.97655       0               -16.858
        340  2.83333333333   10.71901     6.75340       0               -17.270
        341  2.84166666667   10.78683     6.52974       0               -15.866
        342  2.85000000000   10.85338     6.30556       0               -15.403
        343  2.85833333333   10.91867     6.08089       0               -15.554
        344  2.86666666667   10.98269     5.85571       0               -15.366
        345  2.87500000000   11.04543     5.63005       0               -15.099
        346  2.88333333333   11.10689     5.40390       0               -14.613
        347  2.89166666667   11.16708     5.17726       0               -14.514
        348  2.90000000000   11.22597     4.95016       0               -14.216
        349  2.90833333333   11.28358     4.72258       0               -14.399
        350  2.91666666667   11.33989     4.49454       0               -15.164
        351  2.92500000000   11.39490     4.26604       0               -15.808
        352  2.93333333333   11.44861     4.03709       0               -17.092
        353  2.94166666667   11.50101     3.80769       0               -18.157
        354  2.95000000000   11.55211     3.57786       0               -17.795
        355  2.95833333333   11.60189     3.34759       0               -18.180
        356  2.96666666667   11.65036     3.11689       0               -18.466
        357  2.97500000000   11.69751     2.88578       0               -16.655
        358  2.98333333333   11.74334     2.65425       0               -15.888
        359  2.99166666667   11.78784     2.42231       0               -19.320
        360  3.00000000000   11.83101     2.18997       0               -20.235
        361  3.00833333333   11.86713     1.97795       0               -20.036
        362  3.01666666667   11.90723     1.74495       0               -19.429
        363  3.02500000000   11.94595     1.51172       0               -19.064
        364  3.03333333333   11.98330     1.27826       0               -19.291
        365  3.04166666667   12.01927     1.04458       0               -18.017
        366  3.05000000000   12.05386     0.81069       0               -17.933
        367  3.05833333333   12.08707     0.57658       0               -18.445
        368  3.06666666667   12.11889     0.34228       0               -17.448
        369  3.07500000000   12.14933     0.10778       0               -16.598
        370  3.08333333333   12.17838   359.87310       0               -16.371
        371  3.09166666667   12.20603   359.63824       0               -15.494
        372  3.10000000000   12.23229   359.40322       0               -17.603
        373  3.10833333333   12.25716   359.16803       0               -17.193
        374  3.11666666667   12.28064   358.93269       0               -19.061
        375  3.12500000000   12.30271   358.69721       0               -20.176
        376  3.13333333333   12.32339   358.46159       0               -20.470
        377  3.14166666667   12.34266   358.22584       0               -20.929
        378  3.15000000000   12.36053   357.98997       0               -20.609
        379  3.15833333333   12.37700   357.75399       0               -21.276
        380  3.16666666667   12.39207   357.51790       0               -22.054
        381  3.17500000000   12.40573   357.28171       0               -22.053
        382  3.18333333333   12.41799   357.04544       0               -21.748
        383  3.19166666667   12.42884   356.80908       0               -22.107
        384  3.20000000000   12.43828   356.57265       0               -22.079
        385  3.20833333333   12.44631   356.33616       0               -21.595
        386  3.21666666667   12.45294   356.09961       0               -21.319
        387  3.22500000000   12.45815   355.86302       0               -21.235
        388  3.23333333333   12.46196   355.62638       0               -20.952
        389  3.24166666667   12.46435   355.38971       0               -20.473
        390  3.25000000000   12.46534   355.15302       0               -20.297
        391  3.25833333333   12.46492   354.91631       0               -20.639
        392  3.26666666667   12.46309   354.67959       0               -21.353
        393  3.27500000000   12.45984   354.44288       0               -21.243
        394  3.28333333333   12.45519   354.20617       0               -21.204
        395  3.29166666667   12.44913   353.96948       0               -21.344
        396  3.30000000000   12.44166   353.73282       0               -21.192
        397  3.30833333333   12.43279   353.49619       0               -21.163
        398  3.31666666667   12.42250   353.25960       0               -21.464
        399  3.32500000000   12.41081   353.02306       0               -21.626
        400  3.33333333333   12.39771   352.78658       0               -21.537
        401  3.34166666667   12.38321   352.55017       0               -21.373
        402  3.35000000000   12.36730   352.31383       0               -21.842
        403  3.35833333333   12.34999   352.07757       0               -22.368
        404  3.36666666667   12.33127   351.84141       0               -22.524
        405  3.37500000000   12.31116   351.60534       0               -22.873
        406  3.38333333333   12.28965   351.36938       0               -23.135
        407  3.39166666667   12.26673   351.13353       0               -22.915
        408  3.40000000000   12.24243   350.89781       0               -22.906
        409  3.40833333333   12.21672   350.66221       0               -23.285
        410  3.41666666667   12.18963   350.42676       0               -23.160
        411  3.42500000000   12.16114   350.19145       0               -23.147
        412  3.43333333333   12.13126   349.95630       0               -23.190
        413  3.44166666667   12.10000   349.72131       0               -23.047
        414  3.45000000000   12.06735   349.48649       0               -22.938
        415  3.45833333333   12.03331   349.25185       0               -22.968
        416  3.46666666667   11.99790   349.01739       0               -22.735
        417  3.47500000000   11.96110   348.78313       0               -22.542
        418  3.48333333333   11.92294   348.54907       0               -22.487
        419  3.49166666667   11.88339   348.31522       0               -22.354
        420  3.50000000000   10.01104   341.28783       0               -22.077
        421  3.50833333333    9.93043   341.06813       0               -21.808
        422  3.51666666667    9.84863   340.84895       0               -21.654
        423  3.52500000000    9.76564   340.63031       0               -21.530
        424  3.53333333333    9.68145   340.41222       0               -21.501
        425  3.54166666667    9.59608   340.19466       0               -21.560
        426  3.55000000000    9.50953   339.97765       0               -21.497
        427  3.55833333333    9.42181   339.76120       0               -21.363
        428  3.56666666667    9.33291   339.54530       0               -21.425
        429  3.57500000000    9.24285   339.32997       0               -21.405
        430  3.58333333333    9.15164   339.11520       0               -21.275
        431  3.59166666667    9.05927   338.90099       0               -20.959
        432  3.60000000000    8.96575   338.68736       0               -21.434
        433  3.60833333333    8.87108   338.47431       0               -21.390
        434  3.61666666667    8.77529   338.26183       0               -21.584
        435  3.62500000000    8.67835   338.04994       0               -21.076
        436  3.63333333333    8.58030   337.83863       0               -21.376
        437  3.64166666667    8.48112   337.62791       0               -21.629
        438  3.65000000000    8.38082   337.41778       0               -21.804
        439  3.65833333333    8.27942   337.20826       0               -22.025
        440  3.66666666667    8.17691   336.99933       0               -22.107
        441  3.67500000000    8.07330   336.79100       0               -22.081
        442  3.68333333333    7.96861   336.58328       0               -22.171
        443  3.69166666667    7.86282   336.37616       0               -21.627
        444  3.70000000000    7.75596   336.16966       0               -21.225
        445  3.70833333333    7.64801   335.96377       0               -21.027
        446  3.71666666667    7.53900   335.75850       0               -21.255
        447  3.72500000000    7.42893   335.55384       0               -21.523
        448  3.73333333333    7.31780   335.34981       0               -21.034
        449  3.74166666667    7.20562   335.14641       0               -20.979
        450  3.75000000000   10.01104   341.28783       0               -20.913
        451  3.75833333333    9.93043   341.06813       0               -20.657
        452  3.76666666667    9.84863   340.84895       0               -20.732
        453  3.77500000000    9.76564   340.63031       0               -20.819
        454  3.78333333333    9.68145   340.41222       0               -20.704
        455  3.79166666667    9.59608   340.19466       0               -20.351
        456  3.80000000000    9.50953   339.97765       0               -20.315
        457  3.80833333333    9.42181   339.76120       0               -20.149
        458  3.81666666667    9.33291   339.54530       0               -20.275
        459  3.82500000000    9.24285   339.32997       0               -20.314
        460  3.83333333333    9.15164   339.11520       0               -19.844
        461  3.84166666667    9.05927   338.90099       0               -19.342
        462  3.85000000000    8.96575   338.68736       0               -18.857
        463  3.85833333333    8.87108   338.47431       0               -18.795
        464  3.86666666667    8.77529   338.26183       0               -18.981
        465  3.87500000000    8.67835   338.04994       0               -19.114
        466  3.88333333333    8.58030   337.83863       0               -18.982
        467  3.89166666667    8.48112   337.62791       0               -19.140
        468  3.90000000000    8.38082   337.41778       0               -18.641
        469  3.90833333333    8.27942   337.20826       0               -18.438
        470  3.91666666667    8.17691   336.99933       0               -17.881
        471  3.92500000000    8.07330   336.79100       0               -17.553
        472  3.93333333333    7.96861   336.58328       0               -17.216
        473  3.94166666667    7.86282   336.37616       0               -18.142
        474  3.95000000000    7.75596   336.16966       0               -18.291
        475  3.95833333333    7.64801   335.96377       0               -18.686
        476  3.96666666667    7.53900   335.75850       0               -18.246
        477  3.97500000000    7.42893   335.55384       0               -17.606
        478  3.98333333333    7.31780   335.34981       0               -16.794
        479  3.99166666667    7.20562   335.14641       0               -16.505
        480  4.00000000000    7.09239   334.94363       0               -16.352
        481  4.00833333333    6.98945   334.74277       0               -17.511
        482  4.01666666667    6.87396   334.54161       0               -16.032
        483  4.02500000000    6.75754   334.34114       0               -13.974
        484  4.03333333333    6.64021   334.14134       0               -13.228
        485  4.04166666667    6.52196   333.94224       0               -13.981
        486  4.05000000000    6.40281   333.74381       0               -15.595
        487  4.05833333333    6.28275   333.54608       0               -15.761
        488  4.06666666667    6.16179   333.34902       0               -14.503
        489  4.07500000000    6.03995   333.15266       0               -14.536
        490  4.08333333333    5.91721   332.95698       0               -15.436
        491  4.09166666667    5.79359   332.76199       0               -15.897
        492  4.10000000000    5.66910   332.56768       0               -15.067
        493  4.10833333333    5.54373   332.37406       0               -16.689
        494  4.11666666667    5.41750   332.18113       0               -17.630
        495  4.12500000000    5.29041   331.98888       0               -17.636
        496  4.13333333333    5.16246   331.79732       0               -18.978
        497  4.14166666667    5.03366   331.60645       0               -21.003
       1341 11.17500000000    5.23416   212.74447       0                -1.030
       1342 11.18333333333    5.46316   212.83444       0                 0.135
       1343 11.19166666667    5.69234   212.92487       0                -0.304
       1344 11.20000000000    5.92169   213.01576       0                -0.558
       1345 11.20833333333    6.15122   213.10714       0                -0.747
       1346 11.21666666667    6.38092   213.19899       0                -1.003
       1347 11.22500000000    6.61080   213.29132       0                -1.530
       1348 11.23333333333    6.84085   213.38414       0                -1.909
       1349 11.24166666667    7.07107   213.47745       0                -2.168
       1350 11.25000000000    7.30146   213.57126       0                -2.301
       1351 11.25833333333    7.53202   213.66557       0                -2.502
       1352 11.26666666667    7.76274   213.76039       0                -2.685
       1353 11.27500000000    7.99363   213.85572    4096                -2.526
       1354 11.28333333333    8.22467   213.95156       0                -2.453
       1355 11.29166666667    8.45588   214.04792       0                -2.100
       1356 11.30000000000    8.68725   214.14481       0                -2.593
       1357 11.30833333333    8.91878   214.24223       0                -2.885
       1358 11.31666666667    9.15046   214.34018       0                -3.151
       1359 11.32500000000    9.38230   214.43867       0                -3.495
       1360 11.33333333333    9.61429   214.53771       0                -3.597
       1361 11.34166666667    9.84643   214.63730       0                -3.647
       1362 11.35000000000   10.07871   214.73745       0                -3.889
       1363 11.35833333333   10.31115   214.83815       0                -3.957
       1364 11.36666666667   10.54372   214.93943       0                -4.108
       1365 11.37500000000   10.77644   215.04127       0                -4.414
       1366 11.38333333333   11.00930   215.14369       0                -4.580
       1367 11.39166666667   11.24230   215.24670       0                -4.718
       1368 11.40000000000   11.47543   215.35029       0                -4.741
       1369 11.40833333333   11.70869   215.45448       0                -4.748
       1370 11.41666666667   11.94208   215.55927       0                -4.801
       1371 11.42500000000   12.17560   215.66466       0                -4.946
       1372 11.43333333333   12.40925   215.77067       0                -5.034
       1373 11.44166666667   12.64302   215.87729       0                -5.240
       1374 11.45000000000   12.87691   215.98454       0                -5.143
       1375 11.45833333333   13.11092   216.09241       0                -5.199
       1376 11.46666666667   13.34504   216.20093       0                -5.400
       1377 11.47500000000   13.57928   216.31008       0                -5.346
       1378 11.48333333333   13.81363   216.41988       0                -5.387
       1379 11.49166666667   14.04808   216.53034       0                -5.309
       1380 11.50000000000   14.28263   216.64146       0                -5.395
       1381 11.50833333333   14.53175   216.71168       0                -5.365
       1382 11.51666666667   14.76659   216.82369       0                -5.461
       1383 11.52500000000   15.00162   216.93611       0                -5.668
       1384 11.53333333333   15.23685   217.04893       0                -5.356
       1385 11.54166666667   15.47227   217.16216       0                -5.472
       1386 11.55000000000   15.70789   217.27582       0                -5.583
       1387 11.55833333333   15.94369   217.38989       0                -5.665
       1388 11.56666666667   16.17969   217.50440       0                -5.583
       1389 11.57500000000   16.41587   217.61934       0                -5.616
       1390 11.58333333333   16.65223   217.73472       0                -5.676
       1391 11.59166666667   16.88878   217.85055       0                -5.628
       1392 11.60000000000   17.12550   217.96683       0                -5.684
       1393 11.60833333333   17.36241   218.08357       0                -5.776
       1394 11.61666666667   17.59948   218.20078       0                -5.791
       1395 11.62500000000   17.83674   218.31845       0                -5.808
       1396 11.63333333333   18.07416   218.43661       0                -5.956
       1397 11.64166666667   18.31175   218.55524       0                -5.978
       1398 11.65000000000   18.54951   218.67436       0                -6.038
       1399 11.65833333333   18.78744   218.79398       0                -6.070
       1400 11.66666666667   19.02553   218.91410       0                -6.090
       1401 11.67500000000   19.26377   219.03473       0                -6.173
       1402 11.68333333333   19.50218   219.15588       0                -6.284
       1403 11.69166666667   19.74073   219.27754       0                -6.390
       1404 11.70000000000   19.97945   219.39973       0                -6.534
       1405 11.70833333333   20.21831   219.52246       0                -6.608
       1406 11.71666666667   20.45731   219.64573       0                -6.604
       1407 11.72500000000   20.69647   219.76955       0                -6.599
       1408 11.73333333333   20.93576   219.89393       0                -6.691
       1409 11.74166666667   21.17519   220.01887       0                -6.687
       1410 11.75000000000   21.41476   220.14438       0                -6.690
       1411 11.75833333333   21.65447   220.27046       0                -6.856
       1412 11.76666666667   21.89430   220.39713       0                -6.831
       1413 11.77500000000   22.13427   220.52440       0                -6.867
       1414 11.78333333333   22.37435   220.65226       0                -6.937
       1415 11.79166666667   22.61456   220.78074       0                -7.018
       1416 11.80000000000   22.85489   220.90982       0                -7.083
       1417 11.80833333333   23.09534   221.03954       0                -7.194
       1418 11.81666666667   23.33590   221.16988       0                -7.249
       1419 11.82500000000   23.57657   221.30086       0                -7.312
       1420 11.83333333333   23.81734   221.43249       0                -7.419
       1421 11.84166666667   24.05822   221.56478       0                -7.541
       1422 11.85000000000   24.29920   221.69773       0                -7.576
       1423 11.85833333333   24.54028   221.83136       0                -7.550
       1424 11.86666666667   24.78145   221.96566       0                -7.625
       1425 11.87500000000   25.02272   222.10066       0                -7.697
       1426 11.88333333333   25.26407   222.23636       0                -7.785
       1427 11.89166666667   25.50550   222.37277       0                -7.866
       1428 11.90000000000   25.74702   222.50989       0                -7.977
       1429 11.90833333333   25.98861   222.64774       0                -8.124
       1430 11.91666666667   26.23028   222.78633       0                -8.215
       1431 11.92500000000   26.47201   222.92566       0                -8.293
       1432 11.93333333333   26.71382   223.06575       0                -8.283
       1433 11.94166666667   26.95568   223.20660       0                -8.371
       1434 11.95000000000   27.19761   223.34823       0                -8.422
       1435 11.95833333333   27.43959   223.49065       0                -8.423
       1436 11.96666666667   27.68162   223.63386       0                -8.385
       1437 11.97500000000   27.92370   223.77787       0                -8.311
       1438 11.98333333333   28.16582   223.92270       0                -8.261
       1439 11.99166666667   28.40798   224.06836       0                -8.365
       1440 12.00000000000   28.65018   224.21486       0                -8.505
       1441 12.00833333333   28.91170   224.31563       0                -8.714
       1442 12.01666666667   29.15425   224.46312       0                -8.912
       1443 12.02500000000   29.39696   224.61116       0                -9.035
       1444 12.03333333333   29.63982   224.75977       0                -9.090
       1445 12.04166666667   29.88283   224.90896       0                -9.318
       1446 12.05000000000   30.12599   225.05872       0                -9.376
       1447 12.05833333333   30.36930   225.20908       0                -9.482
       1448 12.06666666667   30.61275   225.36004       0                -9.540
       1449 12.07500000000   30.85633   225.51161       0                -9.657
       1450 12.08333333333   31.10005   225.66380       0                -9.709
       1451 12.09166666667   31.34391   225.81662       0                -9.776
       1452 12.10000000000   31.58789   225.97008       0                -9.859
       1453 12.10833333333   31.83199   226.12419       0                -9.947
       1454 12.11666666667   32.07622   226.27896       0               -10.037
       1455 12.12500000000   32.32057   226.43440       0               -10.129
       1456 12.13333333333   32.56503   226.59052       0               -10.235
       1457 12.14166666667   32.80960   226.74732       0               -10.333
       1458 12.15000000000   33.05428   226.90483       0               -10.440
       1459 12.15833333333   33.29906   227.06305       0               -10.565
       1460 12.16666666667   33.54394   227.22199       0               -10.708
       1461 12.17500000000   33.78892   227.38166       0               -10.878
       1462 12.18333333333   34.03399   227.54208       0               -10.993
       1463 12.19166666667   34.27916   227.70326       0               -11.102
       1464 12.20000000000   34.52440   227.86520       0               -11.167
       1465 12.20833333333   34.76973   228.02792       0               -11.188
       1466 12.21666666667   35.01514   228.19144       0               -11.204
       1467 12.22500000000   35.26063   228.35576       0               -11.220
       1468 12.23333333333   35.50618   228.52089       0               -11.268
       1469 12.24166666667   35.75180   228.68686       0               -11.346
       1470 12.25000000000   35.99748   228.85366       0               -11.384
       1471 12.25833333333   36.24322   229.02133       0               -11.443
       1472 12.26666666667   36.48902   229.18986       0               -11.520
       1473 12.27500000000   36.73487   229.35927       0               -11.571
       1474 12.28333333333   36.98076   229.52958       0               -11.661
       1475 12.29166666667   37.22670   229.70080       0               -11.681
       1476 12.30000000000   37.47267   229.87294       0               -11.664
       1477 12.30833333333   37.71868   230.04602       0               -11.681
       1478 12.31666666667   37.96472   230.22006       0               -11.735
       1479 12.32500000000   38.21079   230.39506       0               -11.782
       1480 12.33333333333   38.45688   230.57105       0               -11.781
       1481 12.34166666667   38.70298   230.74804       0               -11.810
       1482 12.35000000000   38.94910   230.92604       0               -11.812
       1483 12.35833333333   39.19523   231.10507       0               -11.874
       1484 12.36666666667   39.44136   231.28516       0               -11.927
       1485 12.37500000000   39.68749   231.46630       0               -11.923
       1486 12.38333333333   39.93362   231.64853       0               -11.927
       1487 12.39166666667   40.17974   231.83186       0               -11.913
       1488 12.40000000000   40.42584   232.01630       0               -11.950
       1489 12.40833333333   40.67192   232.20188       0               -11.913
       1490 12.41666666667   40.91799   232.38861       0               -11.929
       1491 12.42500000000   41.16402   232.57651       0               -11.931
       1492 12.43333333333   41.41002   232.76560       0               -11.946
       1493 12.44166666667   41.65599   232.95590       0               -12.017
       1494 12.45000000000   41.90191   233.14743       0               -12.047
       1495 12.45833333333   42.14778   233.34021       0               -12.053
       1496 12.46666666667   42.39360   233.53426       0               -12.075
       1497 12.47500000000   42.63937   233.72961       0               -12.077
       1498 12.48333333333   42.88507   233.92626       0               -12.076
       1499 12.49166666667   43.13070   234.12424       0               -12.084
       1500 12.50000000000   43.37626   234.32358       0               -12.116
       1501 12.50833333333   43.64738   234.47891       0               -12.139
       1502 12.51666666667   43.89324   234.68000       0               -12.137
       1503 12.52500000000   44.13913   234.88216       0               -12.149
       1504 12.53333333333   44.38505   235.08541       0               -12.173
       1505 12.54166666667   44.63099   235.28976       0               -12.168
       1506 12.55000000000   44.87694   235.49525       0               -12.176
       1507 12.55833333333   45.12291   235.70188       0               -12.170
       1508 12.56666666667   45.36888   235.90967       0               -12.156
       1509 12.57500000000   45.61486   236.11866       0               -12.184
       1510 12.58333333333   45.86083   236.32885       0               -12.163
       1511 12.59166666667   46.10680   236.54028       0               -12.168
       1512 12.60000000000   46.35275   236.75295       0               -12.158
       1513 12.60833333333   46.59869   236.96690       0               -12.124
       1514 12.61666666667   46.84460   237.18215       0               -12.099
       1515 12.62500000000   47.09048   237.39872       0               -12.123
       1516 12.63333333333   47.33634   237.61663       0               -12.136
       1517 12.64166666667   47.58215   237.83592       0               -12.151
       1518 12.65000000000   47.82792   238.05660       0               -12.146
       1519 12.65833333333   48.07364   238.27869       0               -12.141
       1520 12.66666666667   48.31930   238.50224       0               -12.160
       1521 12.67500000000   48.56491   238.72725       0               -12.200
       1522 12.68333333333   48.81044   238.95377       0               -12.212
       1523 12.69166666667   49.05591   239.18181       0               -12.194
       1524 12.70000000000   49.30130   239.41141       0               -12.181
       1525 12.70833333333   49.54661   239.64259       0               -12.182
       1526 12.71666666667   49.79183   239.87539       0               -12.187
       1527 12.72500000000   50.03696   240.10983       0               -12.172
       1528 12.73333333333   50.28198   240.34595       0               -12.207
       1529 12.74166666667   50.52690   240.58378       0               -12.224
       1530 12.75000000000   50.76355   240.81533       0               -12.214
       1531 12.75833333333   51.01639   241.06469       0               -12.225
       1532 12.76666666667   51.26096   241.30784       0               -12.220
       1533 12.77500000000   51.50539   241.55283       0               -12.202
       1534 12.78333333333   51.74968   241.79969       0               -12.172
       1535 12.79166666667   51.99383   242.04848       0               -12.107
       1536 12.80000000000   52.23783   242.29921       0               -12.096
       1537 12.80833333333   52.48167   242.55194       0               -12.095
       1538 12.81666666667   52.72535   242.80669       0               -12.093
       1539 12.82500000000   52.96885   243.06352       0               -12.078
       1540 12.83333333333   53.21218   243.32245       0               -12.075
       1541 12.84166666667   53.45532   243.58354       0               -12.104
       1542 12.85000000000   53.69827   243.84682       0               -12.091
       1543 12.85833333333   53.94102   244.11234       0               -12.069
       1544 12.86666666667   54.18356   244.38014       0               -12.083
       1545 12.87500000000   54.42588   244.65027       0               -12.058
       1546 12.88333333333   54.66798   244.92279       0               -12.067
       1547 12.89166666667   54.90985   245.19773       0               -12.047
       1548 12.90000000000   55.15148   245.47514       0               -12.039
       1549 12.90833333333   55.39286   245.75508       0               -12.005
       1550 12.91666666667   55.63398   246.03760       0               -11.978
       1551 12.92500000000   55.87484   246.32275       0               -11.952
       1552 12.93333333333   56.11542   246.61059       0               -11.947
       1553 12.94166666667   56.35572   246.90117       0               -11.914
       1554 12.95000000000   56.59573   247.19456       0               -11.885
       1555 12.95833333333   56.83543   247.49080       0               -11.869
       1556 12.96666666667   57.07483   247.78996       0               -11.857
       1557 12.97500000000   57.31390   248.09211       0               -11.840
       1558 12.98333333333   57.55264   248.39730       0               -11.852
       1559 12.99166666667   57.79104   248.70560       0               -11.836
       1560 13.00000000000   58.02115   249.00664       0               -11.810
       1561 13.00833333333   58.26888   249.25999       0               -11.792
       1562 13.01666666667   58.50678   249.57631       0               -11.757
       1563 13.02500000000   58.74436   249.89559       0               -11.734
       1564 13.03333333333   58.98162   250.21790       0               -11.750
       1565 13.04166666667   59.21855   250.54330       0               -11.751
       1566 13.05000000000   59.45512   250.87186       0               -11.758
       1567 13.05833333333   59.69135   251.20365       0               -11.769
       1568 13.06666666667   59.92720   251.53873       0               -11.755
       1569 13.07500000000   60.16268   251.87719       0               -11.750
       1570 13.08333333333   60.39777   252.21910       0               -11.748
       1571 13.09166666667   60.63246   252.56453       0               -11.757
       1572 13.10000000000   60.86673   252.91356       0               -11.762
       1573 13.10833333333   61.10057   253.26628       0               -11.746
       1574 13.11666666667   61.33398   253.62277       0               -11.750
       1575 13.12500000000   61.56693   253.98311       0               -11.731
       1576 13.13333333333   61.79942   254.34739       0               -11.726
       1577 13.14166666667   62.03143   254.71570       0               -11.724
       1578 13.15000000000   62.26295   255.08814       0               -11.714
       1579 13.15833333333   62.49395   255.46481       0               -11.682
       1580 13.16666666667   62.72444   255.84579       0               -11.601
       1581 13.17500000000   62.95438   256.23119       0               -11.567
       1582 13.18333333333   63.18378   256.62111       0               -11.531
       1583 13.19166666667   63.41260   257.01566       0               -11.537
       1584 13.20000000000   63.64083   257.41495       0               -11.529
       1585 13.20833333333   63.86847   257.81909       0               -11.536
       1586 13.21666666667   64.09548   258.22820       0               -11.543
       1587 13.22500000000   64.32185   258.64239       0               -11.556
       1588 13.23333333333   64.54757   259.06179       0               -11.560
       1589 13.24166666667   64.77261   259.48651       0               -11.525
       1590 13.25000000000   64.99695   259.91670       0               -11.499
       1591 13.25833333333   65.22058   260.35247       0               -11.454
       1592 13.26666666667   65.44347   260.79397       0               -11.433
       1593 13.27500000000   65.66561   261.24134       0               -11.455
       1594 13.28333333333   65.88696   261.69471       0               -11.456
       1595 13.29166666667   66.10751   262.15423       0               -11.431
       1596 13.30000000000   66.32723   262.62005       0               -11.408
       1597 13.30833333333   66.54611   263.09233       0               -11.409
       1598 13.31666666667   66.76410   263.57122       0               -11.411
       1599 13.32500000000   66.98119   264.05689       0               -11.384
       1600 13.33333333333   67.19736   264.54949       0               -11.392
       1601 13.34166666667   67.41257   265.04921       0               -11.383
       1602 13.35000000000   67.62679   265.55621       0               -11.392
       1603 13.35833333333   67.84000   266.07067       0               -11.364
       1604 13.36666666667   68.05217   266.59278       0               -11.341
       1605 13.37500000000   68.26326   267.12271       0               -11.342
       1606 13.38333333333   68.47324   267.66067       0               -11.305
       1607 13.39166666667   68.68207   268.20685       0               -11.324
       1608 13.40000000000   68.88974   268.76144       0               -11.302
       1609 13.40833333333   69.09619   269.32465       0               -11.302
       1610 13.41666666667   69.30138   269.89669       0               -11.276
       1611 13.42500000000   69.50530   270.47777       0               -11.254
       1612 13.43333333333   69.70788   271.06810       0               -11.240
       1613 13.44166666667   69.90909   271.66790       0               -11.205
       1614 13.45000000000   70.10890   272.27741       0               -11.180
       1615 13.45833333333   70.30725   272.89683       0               -11.154
       1616 13.46666666667   70.50409   273.52641       0               -11.141
       1617 13.47500000000   70.69940   274.16638       0               -11.123
       1618 13.48333333333   70.89310   274.81698       0               -11.114
       1619 13.49166666667   71.08517   275.47843       0               -11.106
       1620 13.50000000000   71.27553   276.15100       0               -11.095
       1621 13.50833333333   71.47410   276.77214       0               -11.096
       1622 13.51666666667   71.66167   277.46553       0               -11.104
       1623 13.52500000000   71.84741   278.17020       0               -11.072
       1624 13.53333333333   72.03127   278.88637       0               -11.048
       1625 13.54166666667   72.21320   279.61426       0               -11.028
       1626 13.55000000000   72.39315   280.35412       0               -11.001
       1627 13.55833333333   72.57106   281.10616       0               -10.984
       1628 13.56666666667   72.74686   281.87062       0               -10.951
       1629 13.57500000000   72.92049   282.64772       0               -10.930
       1630 13.58333333333   73.09190   283.43768       0               -10.932
       1631 13.59166666667   73.26101   284.24072       0               -10.930
       1632 13.60000000000   73.42777   285.05704       0               -10.924
       1633 13.60833333333   73.59210   285.88686       0               -10.906
       1634 13.61666666667   73.75393   286.73037       0               -10.897
       1635 13.62500000000   73.91320   287.58776       0               -10.875
       1636 13.63333333333   74.06983   288.45921       0               -10.857
       1637 13.64166666667   74.22374   289.34488       0               -10.855
       1638 13.65000000000   74.37487   290.24495       0               -10.852
       1639 13.65833333333   74.52313   291.15954       0               -10.838
       1640 13.66666666667   74.66844   292.08878       0               -10.825
       1641 13.67500000000   74.81073   293.03278       0               -10.807
       1642 13.68333333333   74.94991   293.99164       0               -10.782
       1643 13.69166666667   75.08590   294.96542       0               -10.755
       1644 13.70000000000   75.21862   295.95416       0               -10.726
       1645 13.70833333333   75.34798   296.95790       0               -10.716
       1646 13.71666666667   75.47390   297.97662       0               -10.693
       1647 13.72500000000   75.59629   299.01029       0               -10.716
       1648 13.73333333333   75.71507   300.05886       0               -10.682
       1649 13.74166666667   75.83015   301.12222       0               -10.666
       1650 13.75000000000   75.93779   302.16408       0               -10.647
       1651 13.75833333333   76.04886   303.29279       0               -10.628
       1652 13.76666666667   76.15232   304.39964       0               -10.612
       1653 13.77500000000   76.25174   305.52055       0               -10.582
       1654 13.78333333333   76.34703   306.65525       0               -10.596
       1655 13.79166666667   76.43811   307.80343       0               -10.563
       1656 13.80000000000   76.52490   308.96472       0               -10.538
       1657 13.80833333333   76.60732   310.13871       0               -10.493
       1658 13.81666666667   76.68529   311.32497       0               -10.499
       1659 13.82500000000   76.75874   312.52300       0               -10.464
       1660 13.83333333333   76.82760   313.73227       0               -10.446
       1661 13.84166666667   76.89180   314.95221       0               -10.426
       1662 13.85000000000   76.95127   316.18220       0               -10.410
       1663 13.85833333333   77.00595   317.42159       0               -10.373
       1664 13.86666666667   77.05579   318.66968       0               -10.339
       1665 13.87500000000   77.10074   319.92574       0               -10.299
       1666 13.88333333333   77.14074   321.18900       0               -10.289
       1667 13.89166666667   77.17575   322.45867       0               -10.293
       1668 13.90000000000   77.20573   323.73392       0               -10.276
       1669 13.90833333333   77.23066   325.01389       0               -10.257
       1670 13.91666666667   77.25051   326.29772       0               -10.231
       1671 13.92500000000   77.26525   327.58452       0               -10.192
       1672 13.93333333333   77.27487   328.87337       0               -10.181
       1673 13.94166666667   77.27936   330.16336       0               -10.148
       1674 13.95000000000   77.27873   331.45358       0               -10.148
       1675 13.95833333333   77.27296   332.74310       0               -10.129
       1676 13.96666666667   77.26207   334.03100       0               -10.089
       1677 13.97500000000   77.24608   335.31637       0               -10.090
       1678 13.98333333333   77.22501   336.59833       0               -10.070
       1679 13.99166666667   77.19888   337.87597       0               -10.031
       1680 14.00000000000   77.16885   339.10613       0                -9.997
       1681 14.00833333333   77.14543   340.26926       0                -9.985
       1682 14.01666666667   77.10567   341.53027       0                -9.953
       1683 14.02500000000   77.06109   342.78323       0                -9.918
       1684 14.03333333333   77.01177   344.02740       0                -9.904
       1685 14.04166666667   76.95775   345.26210       0                -9.872
       1686 14.05000000000   76.89912   346.48668       0                -9.830
       1687 14.05833333333   76.83594   347.70054       0                -9.811
       1688 14.06666666667   76.76829   348.90311       0                -9.810
       1689 14.07500000000   76.69626   350.09386       0                -9.796
       1690 14.08333333333   76.61991   351.27233       0                -9.795
       1691 14.09166666667   76.53935   352.43808       0                -9.764
       1692 14.10000000000   76.45464   353.59071       0                -9.733
       1693 14.10833333333   76.36588   354.72988       0                -9.699
       1694 14.11666666667   76.27316   355.85528       0                -9.690
       1695 14.12500000000   76.17657   356.96664       0                -9.687
       1696 14.13333333333   76.07619   358.06375       0                -9.671
       1697 14.14166666667   75.97212   359.14640       0                -9.651
       1698 14.15000000000   75.86445     0.21445       0                -9.632
       1699 14.15833333333   75.75326     1.26779       0                -9.598
       1700 14.16666666667   75.63866     2.30632       0                -9.574
       1701 14.17500000000   75.52072     3.33000       0                -9.554
       1702 14.18333333333   75.39954     4.33881       0                -9.545
       1703 14.19166666667   75.27520     5.33275       0                -9.492
       1704 14.20000000000   75.14780     6.31186       0                -9.457
       1705 14.20833333333   75.01741     7.27618       0                -9.455
       1706 14.21666666667   74.88413     8.22580       0                -9.448
       1707 14.22500000000   74.74803     9.16081       0                -9.430
       1708 14.23333333333   74.60920    10.08133       0                -9.427
       1709 14.24166666667   74.46771    10.98750       0                -9.418
       1710 14.25000000000   74.32365    11.87946       0                -9.389
       1711 14.25833333333   74.17709    12.75737       0                -9.393
       1712 14.26666666667   74.02811    13.62140       0                -9.375
       1713 14.27500000000   73.87678    14.47175       0                -9.374
       1714 14.28333333333   73.72316    15.30861       0                -9.373
       1715 14.29166666667   73.56734    16.13217       0                -9.330
       1716 14.30000000000   73.40938    16.94265       0                -9.303
       1717 14.30833333333   73.24934    17.74026       0                -9.336
       1718 14.31666666667   73.08728    18.52522       0                -9.255
       1719 14.32500000000   72.92328    19.29776       0                -9.225
       1720 14.33333333333   72.75739    20.05810       0                -9.250
       1721 14.34166666667   72.58966    20.80647       0                -9.233
       1722 14.35000000000   72.42016    21.54310       0                -9.177
       1723 14.35833333333   72.24894    22.26822       0                -9.132
       1724 14.36666666667   72.07605    22.98206       0                -9.101
       1725 14.37500000000   71.90154    23.68485       0                -9.082
       1726 14.38333333333   71.72547    24.37683       0                -9.067
       1727 14.39166666667   71.54788    25.05821       0                -9.028
       1728 14.40000000000   71.36882    25.72924       0                -9.029
       1729 14.40833333333   71.18834    26.39013       0                -9.007
       1730 14.41666666667   71.00647    27.04110       0                -8.985
       1731 14.42500000000   70.82326    27.68237       0                -8.975
       1732 14.43333333333   70.63875    28.31417       0                -8.963
       1733 14.44166666667   70.45299    28.93670       0                -8.956
       1734 14.45000000000   70.26600    29.55018       0                -8.962
       1735 14.45833333333   70.07782    30.15481       0                -8.939
       1736 14.46666666667   69.88850    30.75079       0                -8.953
       1737 14.47500000000   69.69806    31.33833       0                -8.955
       1738 14.48333333333   69.50654    31.91762       0                -8.934
       1739 14.49166666667   69.31397    32.48885       0                -8.889
       1740 14.50000000000   69.12038    33.05222       0                -8.881
       1741 14.50833333333   68.94320    33.55564       0                -8.856
       1742 14.51666666667   68.74839    34.10524       0                -8.844
       1743 14.52500000000   68.55276    34.64717       0                -8.804
       1744 14.53333333333   68.35634    35.18161       0                -8.768
       1745 14.54166666667   68.15914    35.70876       0                -8.716
       1746 14.55000000000   67.96121    36.22879       0                -8.645
       1747 14.55833333333   67.76257    36.74188       0                -8.677
       1748 14.56666666667   67.56324    37.24820       0                -8.730
       1749 14.57500000000   67.36325    37.74793       0                -8.746
       1750 14.58333333333   67.16262    38.24121       0                -8.719
       1751 14.59166666667   66.96138    38.72822       0                -8.781
       1752 14.60000000000   66.75955    39.20911       0                -8.809
       1753 14.60833333333   66.55714    39.68403       0                -8.849
       1754 14.61666666667   66.35418    40.15312       0                -8.885
       1755 14.62500000000   66.15069    40.61654       0                -8.912
       1756 14.63333333333   65.94668    41.07442       0                -8.926
       1757 14.64166666667   65.74218    41.52689       0                -8.922
       1758 14.65000000000   65.53721    41.97409       0                -8.957
       1759 14.65833333333   65.33177    42.41615       0                -8.928
       1760 14.66666666667   65.12589    42.85319       0                -8.946
       1761 14.67500000000   64.91958    43.28533       0                -8.990
       1762 14.68333333333   64.71285    43.71270       0                -9.001
       1763 14.69166666667   64.50573    44.13541       0                -8.999
       1764 14.70000000000   64.29822    44.55357       0                -8.947
       1765 14.70833333333   64.09034    44.96729       0                -8.894
       1766 14.71666666667   63.88210    45.37668       0                -8.888
       1767 14.72500000000   63.67352    45.78183       0                -8.865
       1768 14.73333333333   63.46460    46.18286       0                -8.803
       1769 14.74166666667   63.25536    46.57986       0                -8.659
       1770 14.75000000000   63.04581    46.97292       0                -8.585
       1771 14.75833333333   62.83595    47.36214       0                -8.469
       1772 14.76666666667   62.62581    47.74760       0                -8.433
       1773 14.77500000000   62.41538    48.12940       0                -8.421
       1774 14.78333333333   62.20469    48.50762       0                -8.436
       1775 14.79166666667   61.99373    48.88234       0                -8.412
       1776 14.80000000000   61.78253    49.25364       0                -8.467
       1777 14.80833333333   61.57107    49.62161       0                -8.380
       1778 14.81666666667   61.35939    49.98631       0                -8.389
       1779 14.82500000000   61.14747    50.34783       0                -8.382
       1780 14.83333333333   60.93534    50.70624       0                -8.327
       1781 14.84166666667   60.72299    51.06160       0                -8.245
       1782 14.85000000000   60.51044    51.41398       0                -8.243
       1783 14.85833333333   60.29770    51.76346       0                -8.129
       1784 14.86666666667   60.08476    52.11009       0                -8.074
       1785 14.87500000000   59.87164    52.45394       0                -8.131
       1786 14.88333333333   59.65834    52.79507       0                -8.099
       1787 14.89166666667   59.44487    53.13354       0                -7.958
       1788 14.90000000000   59.23123    53.46941       0                -7.816
       1789 14.90833333333   59.01743    53.80274       0                -7.683
       1790 14.91666666667   58.80348    54.13358       0                -7.644
       1791 14.92500000000   58.58938    54.46199       0                -7.652
       1792 14.93333333333   58.37513    54.78801       0                -7.703
       1793 14.94166666667   58.16075    55.11170       0                -7.811
       1794 14.95000000000   57.94623    55.43311       0                -7.771
       1795 14.95833333333   57.73159    55.75229       0                -7.794
       1796 14.96666666667   57.51682    56.06928       0                -7.839
       1797 14.97500000000   57.30192    56.38413       0                -7.833
       1798 14.98333333333   57.08692    56.69689       0                -7.754
       1799 14.99166666667   56.87180    57.00759       0                -7.640
       1800 15.00000000000   56.65658    57.31629       0                -7.558
       1801 15.00833333333   56.45109    57.58362       0                -7.545
       1802 15.01666666667   56.23623    57.88904       0                -7.389
       1803 15.02500000000   56.02133    58.19231       0                -7.306
       1804 15.03333333333   55.80641    58.49348       0                -7.367
       1805 15.04166666667   55.59146    58.79260       0                -7.300
       1806 15.05000000000   55.37648    59.08970       0                -7.193
       1807 15.05833333333   55.16148    59.38483       0                -7.151
       1808 15.06666666667   54.94647    59.67804       0                -7.080
       1809 15.07500000000   54.73145    59.96936       0                -6.884
       1810 15.08333333333   54.51642    60.25883       0                -6.909
       1811 15.09166666667   54.30139    60.54649       0                -6.851
       1812 15.10000000000   54.08635    60.83238       0                -6.854
       1813 15.10833333333   53.87132    61.11654       0                -6.866
       1814 15.11666666667   53.65629    61.39900       0                -6.644
       1815 15.12500000000   53.44127    61.67980       0                -6.703
       1816 15.13333333333   53.22626    61.95897       0                -6.732
       1817 15.14166666667   53.01126    62.23655       0                -6.649
       1818 15.15000000000   52.79628    62.51256       0                -6.667
       1819 15.15833333333   52.58131    62.78705       0                -6.619
       1820 15.16666666667   52.36637    63.06003       0                -6.636
       1821 15.17500000000   52.15145    63.33155       0                -6.517
       1822 15.18333333333   51.93656    63.60163       0                -6.498
       1823 15.19166666667   51.72169    63.87030       0                -6.420
       1824 15.20000000000   51.50686    64.13759       0                -6.291
       1825 15.20833333333   51.29205    64.40353       0                -6.251
       1826 15.21666666667   51.07729    64.66814       0                -6.241
       1827 15.22500000000   50.86255    64.93145       0                -6.265
       1828 15.23333333333   50.64786    65.19349       0                -6.249
       1829 15.24166666667   50.43321    65.45428       0                -6.180
       1830 15.25000000000   50.21860    65.71384       0                -6.132
       1831 15.25833333333   50.00403    65.97221       0                -6.039
       1832 15.26666666667   49.78951    66.22940       0                -6.042
       1833 15.27500000000   49.57504    66.48543       0                -6.009
       1834 15.28333333333   49.36062    66.74034       0                -5.954
       1835 15.29166666667   49.14624    66.99414       0                -5.937
       1836 15.30000000000   48.93193    67.24685       0                -5.919
       1837 15.30833333333   48.71766    67.49849       0                -5.967
       1838 15.31666666667   48.50345    67.74909       0                -5.860
       1839 15.32500000000   48.28930    67.99866       0                -5.833
       1840 15.33333333333   48.07521    68.24723       0                -5.761
       1841 15.34166666667   47.86118    68.49481       0                -5.615
       1842 15.35000000000   47.64721    68.74142       0                -5.606
       1843 15.35833333333   47.43331    68.98708       0                -5.557
       1844 15.36666666667   47.21947    69.23181       0                -5.546
       1845 15.37500000000   47.00570    69.47563       0                -5.438
       1846 15.38333333333   46.79199    69.71855       0                -5.389
       1847 15.39166666667   46.57836    69.96059       0                -5.331
       1848 15.40000000000   46.36479    70.20177       0                -5.317
       1849 15.40833333333   46.15130    70.44210       0                -5.207
       1850 15.41666666667   45.93789    70.68160       0                -5.122
       1851 15.42500000000   45.72455    70.92028       0                -4.967
       1852 15.43333333333   45.51128    71.15817       0                -4.963
       1853 15.44166666667   45.29810    71.39526       0                -4.885
       1854 15.45000000000   45.08499    71.63159       0                -4.845
       1855 15.45833333333   44.87197    71.86715       0                -4.765
       1856 15.46666666667   44.65903    72.10198       0                -4.639
       1857 15.47500000000   44.44617    72.33607       0                -4.589
       1858 15.48333333333   44.23340    72.56944       0                -4.470
       1859 15.49166666667   44.02071    72.80212       0                -4.301
       1860 15.50000000000   43.80812    73.03410       0                -4.131
       1861 15.50833333333   43.59284    73.22934       0                -4.040
       1862 15.51666666667   43.38083    73.46023       0                -3.889
       1863 15.52500000000   43.16889    73.69021       0                -3.861
       1864 15.53333333333   42.95702    73.91933       0                -3.900
       1865 15.54166666667   42.74522    74.14758       0                -3.763
       1866 15.55000000000   42.53349    74.37499       0                -3.727
       1867 15.55833333333   42.32184    74.60157       0                -3.713
       1868 15.56666666667   42.11026    74.82734       0                -3.617
       1869 15.57500000000   41.89876    75.05231       0                -3.589
       1870 15.58333333333   41.68734    75.27649       0                -3.605
       1871 15.59166666667   41.47600    75.49990       0                -3.463
       1872 15.60000000000   41.26474    75.72255       0                -3.407
       1873 15.60833333333   41.05356    75.94446       0                -3.348
       1874 15.61666666667   40.84246    76.16564       0                -3.267
       1875 15.62500000000   40.63145    76.38610       0                -3.129
       1876 15.63333333333   40.42053    76.60586       0                -2.903
       1877 15.64166666667   40.20969    76.82493       0                -2.594
       1878 15.65000000000   39.99894    77.04331       0                -2.558
       1879 15.65833333333   39.78828    77.26103       0                -2.593
       1880 15.66666666667   39.57772    77.47809       0                -2.421
       1881 15.67500000000   39.36724    77.69450       0                -2.220
       1882 15.68333333333   39.15686    77.91029       0                -2.211
       1883 15.69166666667   38.94657    78.12545       0                -2.169
       1884 15.70000000000   38.73638    78.34000       0                -2.123
       1885 15.70833333333   38.52629    78.55395       0                -1.985
       1886 15.71666666667   38.31630    78.76731       0                -1.931
       1887 15.72500000000   38.10641    78.98009       0                -1.796
       1888 15.73333333333   37.89661    79.19230       0                -1.672
       1889 15.74166666667   37.68693    79.40396       0                -1.604
       1890 15.75000000000   37.47734    79.61507       0                -1.409
       1891 15.75833333333   37.26786    79.82563       0                -1.411
       1892 15.76666666667   37.05849    80.03567       0                -1.254
       1893 15.77500000000   36.84923    80.24519       0                -1.261
       1894 15.78333333333   36.64008    80.45420       0                -1.171
       1895 15.79166666667   36.43103    80.66270       0                -1.084
       1896 15.80000000000   36.22210    80.87071       0                -0.868
       1897 15.80833333333   36.01329    81.07824       0                -0.864
       1898 15.81666666667   35.80459    81.28529       0                -0.843
       1899 15.82500000000   35.59600    81.49188       0                -0.714
       1900 15.83333333333   35.38754    81.69801       0                -0.691
       1901 15.84166666667   35.17919    81.90368       0                -0.597
       1902 15.85000000000   34.97097    82.10891       0                -0.499
       1903 15.85833333333   34.76287    82.31371       0                -0.315
       1904 15.86666666667   34.55489    82.51808       0                -0.225
       1905 15.87500000000   34.34703    82.72204       0                -0.133
       1906 15.88333333333   34.13931    82.92557       0                -0.018
       1907 15.89166666667   33.93171    83.12871       0                 0.020
       1908 15.90000000000   33.72425    83.33145       0                 0.266
       1909 15.90833333333   33.51691    83.53379       0                 0.305
       1910 15.91666666667   33.30971    83.73576       0                 0.338
       1911 15.92500000000   33.10265    83.93734       0                 0.685
       1912 15.93333333333   32.89572    84.13856       0                 0.721
       1913 15.94166666667   32.68893    84.33941       0                 0.824
       1914 15.95000000000   32.48228    84.53991       0                 0.680
       1915 15.95833333333   32.27577    84.74006       0                 0.786
       1916 15.96666666667   32.06941    84.93986       0                 0.885
       1917 15.97500000000   31.86319    85.13932       0                 0.994
       1918 15.98333333333   31.65712    85.33846       0                 1.165
       1919 15.99166666667   31.45120    85.53726       0                 1.277
       1920 16.00000000000   31.24542    85.73575       0                 1.352
       1921 16.00833333333   31.02465    85.89909       0                 1.398
       1922 16.01666666667   30.81938    86.09698       0                 1.435
       1923 16.02500000000   30.61416    86.29434       0                 1.586
       1924 16.03333333333   30.40899    86.49118       0                 1.689
       1925 16.04166666667   30.20387    86.68751       0                 1.803
       1926 16.05000000000   29.99881    86.88332       0                 1.808
       1927 16.05833333333   29.79381    87.07864       0                 1.851
       1928 16.06666666667   29.58886    87.27347       0                 1.953
       1929 16.07500000000   29.38398    87.46781       0                 2.011
       1930 16.08333333333   29.17915    87.66167       0                 2.225
       1931 16.09166666667   28.97440    87.85507       0                 2.443
       1932 16.10000000000   28.76970    88.04800       0                 2.463
       1933 16.10833333333   28.56508    88.24048       0                 2.585
       1934 16.11666666667   28.36053    88.43252       0                 2.606
       1935 16.12500000000   28.15605    88.62411       0                 2.759
       1936 16.13333333333   27.95164    88.81527       0                 2.914
       1937 16.14166666667   27.74731    89.00600       0                 2.978
       1938 16.15000000000   27.54306    89.19631       0                 3.052
       1939 16.15833333333   27.33888    89.38621       0                 3.220
       1940 16.16666666667   27.13479    89.57570       0                 3.388
       1941 16.17500000000   26.93078    89.76479       0                 3.477
       1942 16.18333333333   26.72686    89.95348       0                 3.641
       1943 16.19166666667   26.52302    90.14179       0                 3.693
       1944 16.20000000000   26.31927    90.32972       0                 3.873
       1945 16.20833333333   26.11562    90.51727       0                 3.981
       1946 16.21666666667   25.91205    90.70445       0                 4.117
       1947 16.22500000000   25.70859    90.89127       0                 4.254
       1948 16.23333333333   25.50522    91.07773       0                 4.412
       1949 16.24166666667   25.30195    91.26384       0                 4.448
       1950 16.25000000000   25.09878    91.44960       0                 4.518
       1951 16.25833333333   24.89571    91.63502       0                 4.684
       1952 16.26666666667   24.69275    91.82010       0                 4.843
       1953 16.27500000000   24.48989    92.00486       0                 4.899
       1954 16.28333333333   24.28715    92.18929       0                 5.026
       1955 16.29166666667   24.08451    92.37341       0                 5.265
       1956 16.30000000000   23.88199    92.55721       0                 5.452
       1957 16.30833333333   23.67959    92.74070       0                 5.645
       1958 16.31666666667   23.47730    92.92389       0                 5.686
       1959 16.32500000000   23.27513    93.10678       0                 5.745
       1960 16.33333333333   23.07308    93.28938       0                 5.914
       1961 16.34166666667   22.87116    93.47169       0                 6.189
       1962 16.35000000000   22.66936    93.65372       0                 6.462
       1963 16.35833333333   22.46769    93.83547       0                 6.745
       1964 16.36666666667   22.26615    94.01694       0                 6.893
       1965 16.37500000000   22.06474    94.19815       0                 7.166
       1966 16.38333333333   21.86347    94.37909       0                 7.249
       1967 16.39166666667   21.66233    94.55978       0                 7.352
       1968 16.40000000000   21.46133    94.74021       0                 7.432
       1969 16.40833333333   21.26047    94.92039       0                 7.583
       1970 16.41666666667   21.05976    95.10032       0                 7.716
       1971 16.42500000000   20.85919    95.28002       0                 7.920
       1972 16.43333333333   20.65876    95.45947       0                 8.034
       1973 16.44166666667   20.45849    95.63870       0                 8.156
       1974 16.45000000000   20.25837    95.81769       0                 8.362
       1975 16.45833333333   20.05840    95.99647       0                 8.526
       1976 16.46666666667   19.85859    96.17502       0                 8.656
       1977 16.47500000000   19.65893    96.35335       0                 8.761
       1978 16.48333333333   19.45944    96.53148       0                 8.914
       1979 16.49166666667   19.26011    96.70940       0                 9.047
       1980 16.50000000000   19.06094    96.88711       0                 9.255
       1981 16.50833333333   18.83888    97.03032       0                 9.415
       1982 16.51666666667   18.64002    97.20751       0                 9.636
       1983 16.52500000000   18.44117    97.38428       0                 9.887
       1984 16.53333333333   18.24234    97.56064       0                10.018
       1985 16.54166666667   18.04353    97.73659       0                10.222
       1986 16.55000000000   17.84474    97.91214       0                10.484
       1987 16.55833333333   17.64598    98.08730       0                10.649
       1988 16.56666666667   17.44724    98.26207       0                10.841
       1989 16.57500000000   17.24853    98.43644       0                11.022
       1990 16.58333333333   17.04985    98.61044       0                11.321
       1991 16.59166666667   16.85121    98.78406       0                11.509
       1992 16.60000000000   16.65261    98.95731       0                11.631
       1993 16.60833333333   16.45404    99.13020       0                11.877
       1994 16.61666666667   16.25552    99.30272       0                12.013
       1995 16.62500000000   16.05704    99.47489       0                12.175
       1996 16.63333333333   15.85861    99.64670       0                12.452
       1997 16.64166666667   15.66023    99.81817       0                12.583
       1998 16.65000000000   15.46190    99.98929       0                12.829
       1999 16.65833333333   15.26362   100.16008       0                13.034
       2000 16.66666666667   15.06540   100.33053       0                13.167
       2001 16.67500000000   14.86725   100.50065       0                13.405
       2002 16.68333333333   14.66915   100.67045       0                13.653
       2003 16.69166666667   14.47112   100.83993       0                13.815
       2004 16.70000000000   14.27316   101.00910       0                13.997
       2005 16.70833333333   14.07526   101.17795       0                14.149
       2006 16.71666666667   13.87744   101.34649       0                14.438
       2007 16.72500000000   13.67970   101.51474       0                14.805
       2008 16.73333333333   13.48202   101.68268       0                15.043
       2009 16.74166666667   13.28443   101.85034       0                15.255
       2010 16.75000000000   13.08692   102.01770       0                15.449
       2011 16.75833333333   12.88950   102.18478       0                15.714
       2012 16.76666666667   12.69216   102.35157       0                15.957
       2013 16.77500000000   12.49491   102.51809       0                16.179
       2014 16.78333333333   12.29775   102.68434       0                16.433
       2015 16.79166666667   12.10069   102.85031       0                16.798
       2016 16.80000000000   11.90372   103.01603       0                17.147
       2017 16.80833333333   11.70685   103.18148       0                17.512
       2018 16.81666666667   11.51009   103.34667       0                17.978
       2019 16.82500000000   11.31342   103.51161       0                17.953
       2020 16.83333333333   11.11686   103.67630       0                18.104
       2021 16.84166666667   10.92041   103.84075       0                18.464
       2022 16.85000000000   10.72407   104.00495       0                18.890
       2023 16.85833333333   10.52784   104.16892       0                19.270
       2024 16.86666666667   10.33173   104.33265       0                19.492
       2025 16.87500000000   10.13573   104.49615       0                19.560
       2026 16.88333333333    9.93986   104.65943       0                19.621
       2027 16.89166666667    9.74410   104.82248       0                20.222
       2028 16.90000000000    9.54847   104.98532       0                20.676
       2029 16.90833333333    9.35297   105.14794       0                20.939
       2030 16.91666666667    9.15759   105.31034       0                21.211
       2031 16.92500000000    8.96235   105.47254       0                21.410
       2032 16.93333333333    8.76724   105.63453       0                21.757
       2033 16.94166666667    8.57226   105.79633       0                22.228
       2034 16.95000000000    8.37743   105.95792       0                22.586
       2035 16.95833333333    8.18273   106.11932       0                22.903
       2036 16.96666666667    7.98817   106.28054       0                23.248
       2037 16.97500000000    7.79376   106.44156       0                23.686
       2038 16.98333333333    7.59950   106.60240       0                24.134
       2039 16.99166666667    7.40538   106.76306      80                 0.000
       2040 17.00000000000    7.21142   106.92354       0                24.001
       2041 17.00833333333    6.99323   107.04998       0                24.410
       2042 17.01666666667    6.79936   107.20986       0                24.818
       2043 17.02500000000    6.60548   107.36935       0                25.295
       2044 17.03333333333    6.41160   107.52846       0                25.719
       2045 17.04166666667    6.21771   107.68718       0                26.205
       2046 17.05000000000    6.02383   107.84552       0                26.967
       2047 17.05833333333    5.82995   108.00350       0                27.055
       2048 17.06666666667    5.63608   108.16110       0                26.879
       2049 17.07500000000    5.44222   108.31833       0                25.248
       2050 17.08333333333    5.24837   108.47520       0                25.829
       2051 17.09166666667    5.05454   108.63171       0                26.338
