# Created on 2018-12-12 16:17:52 
# Sources: d:\gpsother\tec-suite\in\2015\abcd0770.15d.Z, d:\gpsother\tec-suite\in\2015\brdc0770.15n.Z
# Satellite: G06
# Interval: 30.0
# Sampling interval: 0.0 (not used).
# Site: abcd
# Position (L, B, H): 253.601641965, 52.1962622634, 578.574894483
# Position (X, Y, Z): -1106129.71, -3758704.03, 5016675.77
# datetime format: %Y-%m-%dT%H:%M:%S
# Columns: tsn, hour, el, az, validity, tec.l1l2
# (I11,1X,F14.11,1X,F10.5,1X,F11.5,1X,I7,1X,F21.3)
        395  3.29166666667    4.95152   179.05903       0                -3.356
        396  3.30000000000    5.15546   179.02199       0                -4.247
        397  3.30833333333    5.35973   178.98517       0                -5.182
        398  3.31666666667    5.56430   178.94854       0                -6.037
        399  3.32500000000    5.76918   178.91212       0                -6.791
        400  3.33333333333    5.97438   178.87590       0                -7.601
        401  3.34166666667    6.17988   178.83987       0                -8.412
        402  3.35000000000    6.38569   178.80404       0                -9.125
        403  3.35833333333    6.59181   178.76839       0               -10.109
        404  3.36666666667    6.79824   178.73293       0               -10.956
        405  3.37500000000    7.00497   178.69766       0               -11.785
        406  3.38333333333    7.21201   178.66256       0               -12.418
        407  3.39166666667    7.41935   178.62764       0               -12.901
        408  3.40000000000    7.62699   178.59289       0               -13.363
        409  3.40833333333    7.83494   178.55831       0               -13.839
        410  3.41666666667    8.04319   178.52390       0               -14.224
        411  3.42500000000    8.25174   178.48965       0               -14.543
        412  3.43333333333    8.46059   178.45556       0               -14.829
        413  3.44166666667    8.66974   178.42163       0               -15.228
        414  3.45000000000    8.87919   178.38785       0               -15.543
        415  3.45833333333    9.08893   178.35422       0               -15.988
        416  3.46666666667    9.29897   178.32074       0               -16.526
        417  3.47500000000    9.50931   178.28740       0               -16.950
        418  3.48333333333    9.71994   178.25420       0               -17.402
        419  3.49166666667    9.93086   178.22114       0               -17.802
        420  3.50000000000   10.14208   178.18821       0               -18.118
        421  3.50833333333   10.35359   178.15540       0               -18.512
        422  3.51666666667   10.56539   178.12273       0               -18.808
        423  3.52500000000   10.77749   178.09018       0               -19.094
        424  3.53333333333   10.98987   178.05774       0               -19.377
        425  3.54166666667   11.20254   178.02543       0               -19.669
        426  3.55000000000   11.41550   177.99322       0               -19.997
        427  3.55833333333   11.62874   177.96112       0               -20.207
        428  3.56666666667   11.84227   177.92913       0               -20.359
        429  3.57500000000   12.05608   177.89724       0               -20.589
        430  3.58333333333   12.27018   177.86544       0               -20.820
        431  3.59166666667   12.48456   177.83374       0               -21.042
        432  3.60000000000   12.69923   177.80213       0               -21.280
        433  3.60833333333   12.91417   177.77060       0               -21.561
        434  3.61666666667   13.12940   177.73916       0               -21.816
        435  3.62500000000   13.34490   177.70779       0               -21.976
        436  3.63333333333   13.56069   177.67650       0               -22.221
        437  3.64166666667   13.77675   177.64528       0               -22.553
        438  3.65000000000   13.99308   177.61413       0               -22.824
        439  3.65833333333   14.20970   177.58304       0               -23.094
        440  3.66666666667   14.42658   177.55201       0               -23.322
        441  3.67500000000   14.64374   177.52104       0               -23.548
        442  3.68333333333   14.86117   177.49012       0               -23.759
        443  3.69166666667   15.07888   177.45924       0               -23.941
        444  3.70000000000   15.29685   177.42841       0               -24.067
        445  3.70833333333   15.51510   177.39761       0               -24.187
        446  3.71666666667   15.73361   177.36685       0               -24.323
        447  3.72500000000   15.95239   177.33612       0               -24.492
        448  3.73333333333   16.17144   177.30542       0               -24.644
        449  3.74166666667   16.39075   177.27474       0               -24.799
        450  3.75000000000   16.61033   177.24408       0               -24.903
        451  3.75833333333   16.83017   177.21343       0               -24.970
        452  3.76666666667   17.05027   177.18280       0               -25.070
        453  3.77500000000   17.27063   177.15216       0               -25.115
        454  3.78333333333   17.49126   177.12153       0               -25.118
        455  3.79166666667   17.71214   177.09089       0               -25.058
        456  3.80000000000   17.93328   177.06025       0               -25.026
        457  3.80833333333   18.15468   177.02959       0               -24.966
        458  3.81666666667   18.37633   176.99892       0               -24.818
        459  3.82500000000   18.59824   176.96822       0               -24.737
        460  3.83333333333   18.82040   176.93750       0               -24.789
        461  3.84166666667   19.04281   176.90674       0               -24.883
        462  3.85000000000   19.26547   176.87595       0               -24.978
        463  3.85833333333   19.48839   176.84512       0               -25.128
        464  3.86666666667   19.71155   176.81424       0               -25.247
        465  3.87500000000   19.93496   176.78331       0               -25.461
        466  3.88333333333   20.15862   176.75233       0               -25.604
        467  3.89166666667   20.38252   176.72129       0               -25.659
        468  3.90000000000   20.60666   176.69018       0               -25.783
        469  3.90833333333   20.83105   176.65900       0               -25.933
        470  3.91666666667   21.05568   176.62774       0               -26.058
        471  3.92500000000   21.28055   176.59640       0               -26.177
        472  3.93333333333   21.50566   176.56498       0               -26.316
        473  3.94166666667   21.73100   176.53346       0               -26.466
        474  3.95000000000   21.95659   176.50185       0               -26.529
        475  3.95833333333   22.18240   176.47014       0               -26.640
        476  3.96666666667   22.40845   176.43831       0               -26.712
        477  3.97500000000   22.63474   176.40638       0               -26.899
        478  3.98333333333   22.86125   176.37432       0               -27.056
        479  3.99166666667   23.08799   176.34214       0               -27.156
        480  4.00000000000   23.31502   176.30983       0               -27.210
        481  4.00833333333   23.54216   176.27739       0               -27.268
        482  4.01666666667   23.76958   176.24480       0               -27.336
        483  4.02500000000   23.99723   176.21206       0               -27.361
        484  4.03333333333   24.22509   176.17917       0               -27.421
        485  4.04166666667   24.45318   176.14612       0               -27.436
        486  4.05000000000   24.68149   176.11291       0               -27.421
        487  4.05833333333   24.91002   176.07952       0               -27.312
        488  4.06666666667   25.13876   176.04595       0               -27.304
        489  4.07500000000   25.36771   176.01220       0               -27.333
        490  4.08333333333   25.59688   175.97826       0               -27.352
        491  4.09166666667   25.82626   175.94412       0               -27.421
        492  4.10000000000   26.05585   175.90977       0               -27.392
        493  4.10833333333   26.28565   175.87521       0               -27.329
        494  4.11666666667   26.51566   175.84044       0               -27.239
        495  4.12500000000   26.74587   175.80544       0               -27.197
        496  4.13333333333   26.97628   175.77021       0               -27.189
        497  4.14166666667   27.20689   175.73474       0               -27.096
        498  4.15000000000   27.43771   175.69902       0               -26.974
        499  4.15833333333   27.66872   175.66305       0               -26.819
        500  4.16666666667   27.89993   175.62682       0               -26.757
        501  4.17500000000   28.13133   175.59032       0               -26.661
        502  4.18333333333   28.36292   175.55355       0               -26.664
        503  4.19166666667   28.59470   175.51650       0               -26.663
        504  4.20000000000   28.82668   175.47915       0               -26.611
        505  4.20833333333   29.05884   175.44150       0               -26.613
        506  4.21666666667   29.29118   175.40355       0               -26.563
        507  4.22500000000   29.52371   175.36529       0               -26.539
        508  4.23333333333   29.75642   175.32670       0               -26.521
        509  4.24166666667   29.98930   175.28778       0               -26.494
        510  4.25000000000   30.22237   175.24853       0               -26.454
        511  4.25833333333   30.45560   175.20892       0               -26.421
        512  4.26666666667   30.68901   175.16896       0               -26.375
        513  4.27500000000   30.92260   175.12864       0               -26.343
        514  4.28333333333   31.15634   175.08794       0               -26.177
        515  4.29166666667   31.39026   175.04686       0               -26.203
        516  4.30000000000   31.62434   175.00539       0               -26.204
        517  4.30833333333   31.85858   174.96351       0               -26.170
        518  4.31666666667   32.09298   174.92123       0               -26.222
        519  4.32500000000   32.32754   174.87853       0               -26.230
        520  4.33333333333   32.56225   174.83540       0               -26.198
        521  4.34166666667   32.79711   174.79182       0               -26.127
        522  4.35000000000   33.03212   174.74780       0               -26.171
        523  4.35833333333   33.26728   174.70332       0               -26.092
        524  4.36666666667   33.50259   174.65838       0               -25.816
        525  4.37500000000   33.73804   174.61295       0               -25.794
        526  4.38333333333   33.97362   174.56703       0               -25.806
        527  4.39166666667   34.20935   174.52061       0               -25.841
        528  4.40000000000   34.44521   174.47368       0               -25.901
        529  4.40833333333   34.68120   174.42623       0               -25.861
        530  4.41666666667   34.91732   174.37824       0               -25.836
        531  4.42500000000   35.15357   174.32971       0               -25.813
        532  4.43333333333   35.38994   174.28062       0               -25.841
        533  4.44166666667   35.62643   174.23096       0               -25.820
        534  4.45000000000   35.86303   174.18073       0               -25.781
        535  4.45833333333   36.09976   174.12989       0               -25.702
        536  4.46666666667   36.33659   174.07846       0               -25.715
        537  4.47500000000   36.57354   174.02641       0               -25.739
        538  4.48333333333   36.81059   173.97372       0               -25.738
        539  4.49166666667   37.04774   173.92040       0               -25.752
        540  4.50000000000   37.28499   173.86642       0               -25.813
        541  4.50833333333   37.52234   173.81176       0               -25.876
        542  4.51666666667   37.75978   173.75643       0               -25.965
        543  4.52500000000   37.99731   173.70040       0               -26.081
        544  4.53333333333   38.23493   173.64365       0               -26.136
        545  4.54166666667   38.47263   173.58619       0               -26.284
        546  4.55000000000   38.71041   173.52798       0               -26.342
        547  4.55833333333   38.94827   173.46902       0               -26.360
        548  4.56666666667   39.18620   173.40929       0               -26.372
        549  4.57500000000   39.42419   173.34877       0               -26.355
        550  4.58333333333   39.66226   173.28746       0               -26.396
        551  4.59166666667   39.90038   173.22532       0               -26.371
        552  4.60000000000   40.13856   173.16236       0               -26.414
        553  4.60833333333   40.37680   173.09855       0               -26.400
        554  4.61666666667   40.61508   173.03387       0               -26.408
        555  4.62500000000   40.85341   172.96831       0               -26.561
        556  4.63333333333   41.09179   172.90185       0               -26.699
        557  4.64166666667   41.33020   172.83448       0               -26.795
        558  4.65000000000   41.56864   172.76617       0               -26.989
        559  4.65833333333   41.80711   172.69691       0               -27.095
        560  4.66666666667   42.04561   172.62668       0               -27.262
        561  4.67500000000   42.28413   172.55545       0               -27.426
        562  4.68333333333   42.52266   172.48322       0               -27.450
        563  4.69166666667   42.76120   172.40996       0               -27.421
        564  4.70000000000   42.99975   172.33566       0               -27.303
        565  4.70833333333   43.23831   172.26028       0               -27.361
        566  4.71666666667   43.47685   172.18381       0               -27.496
        567  4.72500000000   43.71540   172.10624       0               -27.604
        568  4.73333333333   43.95393   172.02753       0               -27.714
        569  4.74166666667   44.19244   171.94767       0               -27.875
        570  4.75000000000   44.43092   171.86664       0               -27.974
        571  4.75833333333   44.66938   171.78440       0               -27.968
        572  4.76666666667   44.90781   171.70095       0               -27.962
        573  4.77500000000   45.14620   171.61625       0               -27.966
        574  4.78333333333   45.38454   171.53029       0               -28.086
        575  4.79166666667   45.62283   171.44303       0               -28.138
        576  4.80000000000   45.86107   171.35445       0               -28.216
        577  4.80833333333   46.09924   171.26453       0               -28.272
        578  4.81666666667   46.33735   171.17325       0               -28.295
        579  4.82500000000   46.57538   171.08057       0               -28.340
        580  4.83333333333   46.81333   170.98647       0               -28.434
        581  4.84166666667   47.05120   170.89092       0               -28.548
        582  4.85000000000   47.28897   170.79390       0               -28.665
        583  4.85833333333   47.52664   170.69537       0               -28.733
        584  4.86666666667   47.76421   170.59531       0               -28.799
        585  4.87500000000   48.00167   170.49368       0               -28.858
        586  4.88333333333   48.23900   170.39047       0               -28.896
        587  4.89166666667   48.47622   170.28563       0               -28.924
        588  4.90000000000   48.71329   170.17914       0               -29.006
        589  4.90833333333   48.95023   170.07096       0               -29.098
        590  4.91666666667   49.18701   169.96106       0               -29.155
        591  4.92500000000   49.42365   169.84942       0               -29.181
        592  4.93333333333   49.66011   169.73599       0               -29.049
        593  4.94166666667   49.89641   169.62073       0               -28.930
        594  4.95000000000   50.13253   169.50363       0               -28.943
        595  4.95833333333   50.36846   169.38464       0               -29.033
        596  4.96666666667   50.60419   169.26371       0               -29.075
        597  4.97500000000   50.83972   169.14083       0               -29.000
        598  4.98333333333   51.07504   169.01594       0               -29.133
        599  4.99166666667   51.31013   168.88902       0               -29.259
        600  5.00000000000   51.54499   168.76001       0               -28.514
        601  5.00833333333   51.77961   168.62889       0               -28.439
        602  5.01666666667   52.01399   168.49561       0               -28.951
        603  5.02500000000   52.24810   168.36012       0               -29.367
        604  5.03333333333   52.48194   168.22239       0               -29.550
        605  5.04166666667   52.71551   168.08237       0               -29.626
        606  5.05000000000   52.94878   167.94002       0               -29.831
        607  5.05833333333   53.18176   167.79528       0               -30.018
        608  5.06666666667   53.41442   167.64813       0               -30.267
        609  5.07500000000   53.64677   167.49850       0               -30.418
        610  5.08333333333   53.87878   167.34636       0               -30.490
        611  5.09166666667   54.11045   167.19164       0               -30.546
        612  5.10000000000   54.34176   167.03431       0               -30.466
        613  5.10833333333   54.57270   166.87431       0               -30.458
        614  5.11666666667   54.80327   166.71159       0               -30.549
        615  5.12500000000   55.03344   166.54609       0               -30.491
        616  5.13333333333   55.26321   166.37776       0               -30.280
        617  5.14166666667   55.49257   166.20655       0               -30.264
        618  5.15000000000   55.72149   166.03241       0               -30.283
        619  5.15833333333   55.94997   165.85526       0               -30.334
        620  5.16666666667   56.17799   165.67506       0               -30.238
        621  5.17500000000   56.40554   165.49174       0               -30.180
        622  5.18333333333   56.63260   165.30525       0               -30.107
        623  5.19166666667   56.85916   165.11552       0               -30.130
        624  5.20000000000   57.08521   164.92249       0               -30.218
        625  5.20833333333   57.31072   164.72610       0               -30.206
        626  5.21666666667   57.53569   164.52627       0               -30.243
        627  5.22500000000   57.76009   164.32295       0               -30.277
        628  5.23333333333   57.98392   164.11606       0               -30.315
        629  5.24166666667   58.20715   163.90554       0               -30.304
        630  5.25000000000   58.42976   163.69131       0               -30.315
        631  5.25833333333   58.65174   163.47331       0               -30.259
        632  5.26666666667   58.87308   163.25146       0               -30.249
        633  5.27500000000   59.09374   163.02568       0               -30.127
        634  5.28333333333   59.31372   162.79590       0               -30.278
        635  5.29166666667   59.53300   162.56205       0               -30.333
        636  5.30000000000   59.75154   162.32404       0               -30.134
        637  5.30833333333   59.96935   162.08180       0               -30.095
        638  5.31666666667   60.18638   161.83524       0               -29.930
        639  5.32500000000   60.40263   161.58428       0               -30.017
        640  5.33333333333   60.61806   161.32884       0               -30.148
        641  5.34166666667   60.83267   161.06884       0               -30.050
        642  5.35000000000   61.04642   160.80418       0               -30.090
        643  5.35833333333   61.25929   160.53478       0               -29.954
        644  5.36666666667   61.47126   160.26055       0               -29.767
        645  5.37500000000   61.68231   159.98141       0               -30.115
        646  5.38333333333   61.89240   159.69726       0               -30.019
        647  5.39166666667   62.10152   159.40800       0               -29.652
        648  5.40000000000   62.30963   159.11355       0               -29.484
        649  5.40833333333   62.51672   158.81380       0               -29.401
        650  5.41666666667   62.72274   158.50867       0               -29.530
        651  5.42500000000   62.92769   158.19806       0               -29.774
        652  5.43333333333   63.13152   157.88187       0               -29.933
        653  5.44166666667   63.33421   157.56000       0               -30.030
        654  5.45000000000   63.53572   157.23235       0               -29.922
        655  5.45833333333   63.73604   156.89882       0               -29.901
        656  5.46666666667   63.93511   156.55931       0               -30.041
        657  5.47500000000   64.13293   156.21372       0               -30.090
        658  5.48333333333   64.32944   155.86195       0               -29.897
        659  5.49166666667   64.52462   155.50389       0               -29.743
        660  5.50000000000   64.71843   155.13944       0               -29.713
        661  5.50833333333   64.91084   154.76850       0               -29.861
        662  5.51666666667   65.10182   154.39097       0               -29.881
        663  5.52500000000   65.29132   154.00674       0               -29.807
        664  5.53333333333   65.47930   153.61571       0               -29.598
        665  5.54166666667   65.66574   153.21777       0               -29.469
        666  5.55000000000   65.85059   152.81284       0               -29.563
        667  5.55833333333   66.03382   152.40080       0               -29.726
        668  5.56666666667   66.21537   151.98156       0               -29.984
        669  5.57500000000   66.39521   151.55502       0               -29.939
        670  5.58333333333   66.57331   151.12108       0               -30.062
        671  5.59166666667   66.74960   150.67965       0               -30.160
        672  5.60000000000   66.92406   150.23063       0               -30.239
        673  5.60833333333   67.09664   149.77394       0               -30.230
        674  5.61666666667   67.26729   149.30949       0               -30.329
        675  5.62500000000   67.43597   148.83719       0               -30.138
        676  5.63333333333   67.60262   148.35696       0               -29.875
        677  5.64166666667   67.76721   147.86872       0               -29.589
        678  5.65000000000   67.92968   147.37240       0               -29.740
        679  5.65833333333   68.08998   146.86793       0               -29.529
        680  5.66666666667   68.24807   146.35524       0               -29.643
        681  5.67500000000   68.40389   145.83428       0               -29.540
        682  5.68333333333   68.55740   145.30499       0               -29.577
        683  5.69166666667   68.70854   144.76732       0               -29.565
        684  5.70000000000   68.85725   144.22123       0               -29.756
        685  5.70833333333   69.00350   143.66669       0               -29.581
        686  5.71666666667   69.14722   143.10366       0               -29.665
        687  5.72500000000   69.28835   142.53214       0               -29.526
        688  5.73333333333   69.42686   141.95210       0               -29.445
        689  5.74166666667   69.56267   141.36355       0               -29.514
        690  5.75000000000   69.69574   140.76650       0               -29.625
        691  5.75833333333   69.82601   140.16095       0               -29.598
        692  5.76666666667   69.95343   139.54694       0               -29.731
        693  5.77500000000   70.07794   138.92450       0               -29.738
        694  5.78333333333   70.19949   138.29369       0               -29.729
        695  5.79166666667   70.31801   137.65456       0               -29.887
        696  5.80000000000   70.43346   137.00719       0               -29.969
        697  5.80833333333   70.54579   136.35166       0               -30.035
        698  5.81666666667   70.65492   135.68807       0               -30.092
        699  5.82500000000   70.76083   135.01654       0               -30.156
        700  5.83333333333   70.86344   134.33718       0               -30.126
        701  5.84166666667   70.96270   133.65014       0               -30.124
        702  5.85000000000   71.05858   132.95556       0               -30.100
        703  5.85833333333   71.15100   132.25363       0               -30.078
        704  5.86666666667   71.23993   131.54451       0               -30.114
        705  5.87500000000   71.32532   130.82840       0               -30.165
        706  5.88333333333   71.40711   130.10552       0               -30.184
        707  5.89166666667   71.48526   129.37610       0               -30.108
        708  5.90000000000   71.55973   128.64036       0               -29.916
        709  5.90833333333   71.63047   127.89857       0               -29.808
        710  5.91666666667   71.69744   127.15100       0               -29.905
        711  5.92500000000   71.76060   126.39793       0               -30.005
        712  5.93333333333   71.81992   125.63965       0               -30.065
        713  5.94166666667   71.87535   124.87647       0               -30.025
        714  5.95000000000   71.92687   124.10872       0               -29.983
        715  5.95833333333   71.97444   123.33673       0               -30.007
        716  5.96666666667   72.01804   122.56084       0               -29.974
        717  5.97500000000   72.05763   121.78142       0               -29.937
        718  5.98333333333   72.09320   120.99882       0               -29.963
        719  5.99166666667   72.12472   120.21342       0               -29.979
        720  6.00000000000   72.15214   119.42543       0               -30.071
        721  6.00833333333   72.17555   118.63576       0               -30.160
        722  6.01666666667   72.19483   117.84428       0               -30.312
        723  6.02500000000   72.21001   117.05158       0               -30.344
        724  6.03333333333   72.22108   116.25805       0               -30.461
        725  6.04166666667   72.22803   115.46410       0               -30.497
        726  6.05000000000   72.23087   114.67014       0               -30.517
        727  6.05833333333   72.22959   113.87658       0               -30.511
        728  6.06666666667   72.22420   113.08383       0               -30.521
        729  6.07500000000   72.21472   112.29230       0               -30.601
        730  6.08333333333   72.20114   111.50239       0               -30.614
        731  6.09166666667   72.18349   110.71450       0               -30.726
        732  6.10000000000   72.16177   109.92903       0               -30.804
        733  6.10833333333   72.13602   109.14637       0               -30.865
        734  6.11666666667   72.10625   108.36690       0               -30.813
        735  6.12500000000   72.07249   107.59099       0               -30.786
        736  6.13333333333   72.03476   106.81901       0               -30.817
        737  6.14166666667   71.99309   106.05131       0               -30.817
        738  6.15000000000   71.94753   105.28823       0               -30.860
        739  6.15833333333   71.89809   104.53012       0               -30.840
        740  6.16666666667   71.84482   103.77729       0               -30.859
        741  6.17500000000   71.78776   103.03005       0               -30.878
        742  6.18333333333   71.72695   102.28870       0               -30.888
        743  6.19166666667   71.66243   101.55351       0               -30.921
        744  6.20000000000   71.59424   100.82476       0               -30.929
        745  6.20833333333   71.52244   100.10270       0               -30.968
        746  6.21666666667   71.44707    99.38756       0               -30.972
        747  6.22500000000   71.36818    98.67958       0               -30.938
        748  6.23333333333   71.28582    97.97896       0               -30.962
        749  6.24166666667   71.20005    97.28590       0               -30.908
        750  6.25000000000   71.11091    96.60058       0               -30.950
        751  6.25833333333   71.01845    95.92316       0               -30.918
        752  6.26666666667   70.92274    95.25381       0               -30.951
        753  6.27500000000   70.82383    94.59265       0               -30.934
        754  6.28333333333   70.72178    93.93981       0               -30.924
        755  6.29166666667   70.61663    93.29540       0               -30.879
        756  6.30000000000   70.50846    92.65951       0               -30.883
        757  6.30833333333   70.39730    92.03225       0               -30.893
        758  6.31666666667   70.28323    91.41366       0               -30.940
        759  6.32500000000   70.16629    90.80382       0               -30.903
        760  6.33333333333   70.04656    90.20278       0               -30.854
        761  6.34166666667   69.92407    89.61056       0               -30.834
        762  6.35000000000   69.79889    89.02720       0               -30.799
        763  6.35833333333   69.67108    88.45271       0               -30.830
        764  6.36666666667   69.54070    87.88710       0               -30.858
        765  6.37500000000   69.40779    87.33037       0               -30.811
        766  6.38333333333   69.27241    86.78250       0               -30.820
        767  6.39166666667   69.13463    86.24348       0               -30.757
        768  6.40000000000   68.99448    85.71327       0               -30.784
        769  6.40833333333   68.85204    85.19184       0               -30.802
        770  6.41666666667   68.70735    84.67916       0               -30.776
        771  6.42500000000   68.56046    84.17516       0               -30.769
        772  6.43333333333   68.41142    83.67980       0               -30.774
        773  6.44166666667   68.26030    83.19302       0               -30.787
        774  6.45000000000   68.10713    82.71475       0               -30.799
        775  6.45833333333   67.95197    82.24492       0               -30.790
        776  6.46666666667   67.79487    81.78346       0               -30.790
        777  6.47500000000   67.63587    81.33029       0               -30.828
        778  6.48333333333   67.47503    80.88532       0               -30.793
        779  6.49166666667   67.31238    80.44848       0               -30.795
        780  6.50000000000   67.14798    80.01967       0               -30.819
        781  6.50833333333   66.98187    79.59881       0               -30.787
        782  6.51666666667   66.81409    79.18580       0               -30.768
        783  6.52500000000   66.64470    78.78054       0               -30.781
        784  6.53333333333   66.47372    78.38295       0               -30.794
        785  6.54166666667   66.30120    77.99292       0               -30.816
        786  6.55000000000   66.12719    77.61035       0               -30.828
        787  6.55833333333   65.95171    77.23514       0               -30.908
        788  6.56666666667   65.77482    76.86719       0               -30.952
        789  6.57500000000   65.59655    76.50640       0               -30.963
        790  6.58333333333   65.41694    76.15267       0               -31.009
        791  6.59166666667   65.23602    75.80589       0               -31.050
        792  6.60000000000   65.05382    75.46596       0               -31.051
        793  6.60833333333   64.87040    75.13278       0               -31.077
        794  6.61666666667   64.68577    74.80624       0               -31.137
        795  6.62500000000   64.49997    74.48625       0               -31.171
        796  6.63333333333   64.31304    74.17270       0               -31.200
        797  6.64166666667   64.12500    73.86549       0               -31.189
        798  6.65000000000   63.93590    73.56452       0               -31.187
        799  6.65833333333   63.74575    73.26968       0               -31.191
        800  6.66666666667   63.55459    72.98089       0               -31.182
        801  6.67500000000   63.36244    72.69804       0               -31.190
        802  6.68333333333   63.16934    72.42103       0               -31.157
        803  6.69166666667   62.97532    72.14977       0               -31.154
        804  6.70000000000   62.78039    71.88416       0               -31.135
        805  6.70833333333   62.58459    71.62410       0               -31.117
        806  6.71666666667   62.38795    71.36951       0               -31.100
        807  6.72500000000   62.19048    71.12029       0               -31.085
        808  6.73333333333   61.99221    70.87635       0               -31.055
        809  6.74166666667   61.79317    70.63760       0               -31.060
        810  6.75000000000   61.59338    70.40396       0               -31.041
        811  6.75833333333   61.39286    70.17532       0               -31.039
        812  6.76666666667   61.19164    69.95162       0               -31.008
        813  6.77500000000   60.98973    69.73276       0               -31.004
        814  6.78333333333   60.78716    69.51866       0               -30.989
        815  6.79166666667   60.58394    69.30924       0               -30.977
        816  6.80000000000   60.38011    69.10442       0               -30.986
        817  6.80833333333   60.17567    68.90412       0               -30.972
        818  6.81666666667   59.97065    68.70825       0               -31.008
        819  6.82500000000   59.76507    68.51675       0               -31.025
        820  6.83333333333   59.55894    68.32954       0               -31.023
        821  6.84166666667   59.35228    68.14654       0               -30.971
        822  6.85000000000   59.14511    67.96769       0               -30.994
        823  6.85833333333   58.93745    67.79290       0               -30.995
        824  6.86666666667   58.72931    67.62211       0               -30.974
        825  6.87500000000   58.52071    67.45525       0               -30.954
        826  6.88333333333   58.31166    67.29226       0               -30.934
        827  6.89166666667   58.10219    67.13306       0               -30.905
        828  6.90000000000   57.89230    66.97759       0               -30.889
        829  6.90833333333   57.68201    66.82579       0               -30.886
        830  6.91666666667   57.47133    66.67759       0               -30.881
        831  6.92500000000   57.26029    66.53293       0               -30.861
        832  6.93333333333   57.04888    66.39175       0               -30.869
        833  6.94166666667   56.83714    66.25400       0               -30.853
        834  6.95000000000   56.62506    66.11961       0               -30.843
        835  6.95833333333   56.41266    65.98853       0               -30.819
        836  6.96666666667   56.19995    65.86069       0               -30.802
        837  6.97500000000   55.98695    65.73606       0               -30.823
        838  6.98333333333   55.77367    65.61456       0               -30.772
        839  6.99166666667   55.56012    65.49616       0               -30.788
        840  7.00000000000   55.34631    65.38079       0               -30.772
        841  7.00833333333   55.13224    65.26841       0               -30.778
        842  7.01666666667   54.91795    65.15896       0               -30.831
        843  7.02500000000   54.70342    65.05241       0               -30.839
        844  7.03333333333   54.48868    64.94869       0               -30.846
        845  7.04166666667   54.27373    64.84777       0               -30.834
        846  7.05000000000   54.05858    64.74960       0               -30.773
        847  7.05833333333   53.84324    64.65412       0               -30.741
        848  7.06666666667   53.62773    64.56131       0               -30.705
        849  7.07500000000   53.41205    64.47111       0               -30.636
        850  7.08333333333   53.19621    64.38349       0               -30.574
        851  7.09166666667   52.98021    64.29839       0               -30.528
        852  7.10000000000   52.76407    64.21579       0               -30.459
        853  7.10833333333   52.54780    64.13563       0               -30.428
        854  7.11666666667   52.33140    64.05789       0               -30.394
        855  7.12500000000   52.11489    63.98252       0               -30.396
        856  7.13333333333   51.89826    63.90948       0               -30.399
        857  7.14166666667   51.68153    63.83874       0               -30.339
        858  7.15000000000   51.46470    63.77027       0               -30.286
        859  7.15833333333   51.24778    63.70402       0               -30.256
        860  7.16666666667   51.03079    63.63996       0               -30.208
        861  7.17500000000   50.81371    63.57806       0               -30.138
        862  7.18333333333   50.59658    63.51828       0               -30.095
        863  7.19166666667   50.37938    63.46060       0               -30.074
        864  7.20000000000   50.16212    63.40497       0               -30.033
        865  7.20833333333   49.94482    63.35138       0               -30.036
        866  7.21666666667   49.72747    63.29977       0               -30.085
        867  7.22500000000   49.51009    63.25014       0               -30.081
        868  7.23333333333   49.29268    63.20244       0               -30.029
        869  7.24166666667   49.07524    63.15665       0               -30.044
        870  7.25000000000   48.85779    63.11274       0               -29.999
        871  7.25833333333   48.64032    63.07068       0               -29.940
        872  7.26666666667   48.42284    63.03044       0               -29.919
        873  7.27500000000   48.20537    62.99200       0               -29.828
        874  7.28333333333   47.98789    62.95533       0               -29.776
        875  7.29166666667   47.77042    62.92040       0               -29.716
        876  7.30000000000   47.55297    62.88719       0               -29.694
        877  7.30833333333   47.33553    62.85568       0               -29.695
        878  7.31666666667   47.11812    62.82583       0               -29.665
        879  7.32500000000   46.90073    62.79763       0               -29.657
        880  7.33333333333   46.68338    62.77105       0               -29.625
        881  7.34166666667   46.46606    62.74607       0               -29.627
        882  7.35000000000   46.24878    62.72267       0               -29.571
        883  7.35833333333   46.03154    62.70081       0               -29.515
        884  7.36666666667   45.81436    62.68049       0               -29.460
        885  7.37500000000   45.59723    62.66168       0               -29.400
        886  7.38333333333   45.38015    62.64436       0               -29.352
        887  7.39166666667   45.16313    62.62851       0               -29.337
        888  7.40000000000   44.94618    62.61410       0               -29.295
        889  7.40833333333   44.72930    62.60112       0               -29.246
        890  7.41666666667   44.51249    62.58955       0               -29.170
        891  7.42500000000   44.29575    62.57937       0               -29.085
        892  7.43333333333   44.07910    62.57056       0               -29.057
        893  7.44166666667   43.86252    62.56310       0               -28.999
        894  7.45000000000   43.64604    62.55698       0               -28.841
        895  7.45833333333   43.42964    62.55217       0               -28.473
        896  7.46666666667   43.21333    62.54866       0               -27.956
        897  7.47500000000   42.99712    62.54643       0               -27.683
        898  7.48333333333   42.78100    62.54546       0               -27.292
        899  7.49166666667   42.56499    62.54574       0               -27.656
        900  7.50000000000   42.34908    62.54725       0               -27.568
        901  7.50833333333   42.13328    62.54998       0               -27.371
        902  7.51666666667   41.91759    62.55390       0               -26.795
        903  7.52500000000   41.70201    62.55901       0               -26.435
        904  7.53333333333   41.48655    62.56529       0               -26.054
        905  7.54166666667   41.27120    62.57272       0               -26.042
        906  7.55000000000   41.05598    62.58129       0               -25.721
        907  7.55833333333   40.84088    62.59099       0               -25.572
        908  7.56666666667   40.62590    62.60179       0               -25.573
        909  7.57500000000   40.41105    62.61369       0               -25.417
        910  7.58333333333   40.19633    62.62667       0               -25.148
        911  7.59166666667   39.98175    62.64073       0               -25.603
        912  7.60000000000   39.76729    62.65583       0               -25.434
        913  7.60833333333   39.55298    62.67198       0               -25.463
        914  7.61666666667   39.33880    62.68916       0               -25.746
        915  7.62500000000   39.12477    62.70736       0               -25.805
        916  7.63333333333   38.91088    62.72656       0               -25.906
        917  7.64166666667   38.69713    62.74676       0               -25.774
        918  7.65000000000   38.48353    62.76793       0               -25.701
        919  7.65833333333   38.27008    62.79008       0               -25.712
        920  7.66666666667   38.05678    62.81318       0               -25.512
        921  7.67500000000   37.84363    62.83722       0               -25.084
        922  7.68333333333   37.63064    62.86221       0               -25.349
        923  7.69166666667   37.41780    62.88811       0               -25.606
        924  7.70000000000   37.20512    62.91493       0               -26.129
        925  7.70833333333   36.99260    62.94265       0               -26.101
        926  7.71666666667   36.78024    62.97126       0               -26.072
        927  7.72500000000   36.56804    63.00075       0               -25.703
        928  7.73333333333   36.35601    63.03112       0               -25.517
        929  7.74166666667   36.14414    63.06234       0               -25.332
        930  7.75000000000   35.93244    63.09442       0               -25.300
        931  7.75833333333   35.72091    63.12734       0               -25.478
        932  7.76666666667   35.50955    63.16108       0               -23.844
        933  7.77500000000   35.29836    63.19566       0               -24.807
        934  7.78333333333   35.08734    63.23104       0               -25.879
        935  7.79166666667   34.87650    63.26723       0               -26.040
        936  7.80000000000   34.66583    63.30421       0               -26.148
        937  7.80833333333   34.45534    63.34198       0               -26.468
        938  7.81666666667   34.24503    63.38053       0               -26.660
        939  7.82500000000   34.03489    63.41985       0               -26.668
        940  7.83333333333   33.82493    63.45992       0               -26.820
        941  7.84166666667   33.61516    63.50075       0               -26.878
        942  7.85000000000   33.40556    63.54232       0               -27.153
        943  7.85833333333   33.19615    63.58463       0               -27.110
        944  7.86666666667   32.98693    63.62767       0               -27.444
        945  7.87500000000   32.77789    63.67143       0               -27.706
        946  7.88333333333   32.56903    63.71589       0               -27.578
        947  7.89166666667   32.36036    63.76107       0               -27.340
        948  7.90000000000   32.15188    63.80694       0               -27.580
        949  7.90833333333   31.94359    63.85350       0               -27.371
        950  7.91666666667   31.73549    63.90074       0               -27.036
        951  7.92500000000   31.52758    63.94866       0               -27.270
        952  7.93333333333   31.31986    63.99725       0               -26.870
        953  7.94166666667   31.11233    64.04650       0               -26.866
        954  7.95000000000   30.90499    64.09640       0               -26.950
        955  7.95833333333   30.69785    64.14695       0               -26.868
        956  7.96666666667   30.49091    64.19814       0               -26.598
        957  7.97500000000   30.28415    64.24997       0               -26.213
        958  7.98333333333   30.07759    64.30242       0               -26.400
        959  7.99166666667   29.87123    64.35550       0               -26.481
        960  8.00000000000   29.66513    64.40928       0               -26.669
        961  8.00833333333   29.45910    64.46349       0               -26.830
        962  8.01666666667   29.25333    64.51839       0               -26.818
        963  8.02500000000   29.04776    64.57389       0               -26.442
        964  8.03333333333   28.84239    64.62998       0               -26.697
        965  8.04166666667   28.63722    64.68665       0               -26.688
        966  8.05000000000   28.43225    64.74391       0               -26.427
        967  8.05833333333   28.22748    64.80173       0               -25.977
        968  8.06666666667   28.02291    64.86013       0               -25.644
        969  8.07500000000   27.81854    64.91908       0               -25.717
        970  8.08333333333   27.61438    64.97860       0               -25.472
        971  8.09166666667   27.41041    65.03866       0               -25.837
        972  8.10000000000   27.20665    65.09927       0               -25.889
        973  8.10833333333   27.00309    65.16042       0               -25.768
        974  8.11666666667   26.79974    65.22211       0               -25.533
        975  8.12500000000   26.59659    65.28432       0               -25.437
        976  8.13333333333   26.39364    65.34706       0               -25.370
        977  8.14166666667   26.19090    65.41032       0               -24.700
        978  8.15000000000   25.98837    65.47410       0               -25.149
        979  8.15833333333   25.78603    65.53838       0               -24.884
        980  8.16666666667   25.58391    65.60317       0               -24.859
        981  8.17500000000   25.38199    65.66846       0               -24.572
        982  8.18333333333   25.18027    65.73425       0               -24.727
        983  8.19166666667   24.97876    65.80053       0               -24.543
        984  8.20000000000   24.77746    65.86729       0               -24.377
        985  8.20833333333   24.57636    65.93454       0               -24.428
        986  8.21666666667   24.37547    66.00226       0               -24.525
        987  8.22500000000   24.17479    66.07045       0               -24.268
        988  8.23333333333   23.97432    66.13912       0               -24.136
        989  8.24166666667   23.77405    66.20824       0               -23.684
        990  8.25000000000   23.57398    66.27783       0               -23.268
        991  8.25833333333   23.37413    66.34787       0               -23.308
        992  8.26666666667   23.17448    66.41837       0               -23.490
        993  8.27500000000   22.97504    66.48931       0               -23.628
        994  8.28333333333   22.77581    66.56070       0               -23.731
        995  8.29166666667   22.57679    66.63252       0               -22.451
        996  8.30000000000   22.37797    66.70478       0               -21.156
        997  8.30833333333   22.17936    66.77747       0               -21.104
        998  8.31666666667   21.98096    66.85059       0               -21.550
        999  8.32500000000   21.78276    66.92413       0               -20.855
       1000  8.33333333333   21.58478    66.99809       0               -21.407
       1001  8.34166666667   21.38700    67.07246       0               -22.161
       1002  8.35000000000   21.18943    67.14725       0               -22.212
       1003  8.35833333333   20.99207    67.22245       0               -22.100
       1004  8.36666666667   20.79491    67.29805       0               -22.488
       1005  8.37500000000   20.59796    67.37405       0               -23.101
       1006  8.38333333333   20.40122    67.45045       0               -22.713
       1007  8.39166666667   20.20469    67.52724       0               -19.034
       1008  8.40000000000   20.00836    67.60443       0               -19.477
       1009  8.40833333333   19.81224    67.68200       0               -19.375
       1010  8.41666666667   19.61633    67.75995       0               -20.947
       1011  8.42500000000   19.42063    67.83829       0               -21.877
       1012  8.43333333333   19.22513    67.91700       0               -21.083
       1013  8.44166666667   19.02984    67.99609       0               -21.049
       1014  8.45000000000   18.83475    68.07554       0               -19.965
       1015  8.45833333333   18.63988    68.15536       0               -21.283
       1016  8.46666666667   18.44520    68.23555       0               -17.211
       1017  8.47500000000   18.25074    68.31610       0               -17.680
       1018  8.48333333333   18.05648    68.39700       0               -17.263
       1019  8.49166666667   17.86243    68.47826       0               -18.614
       1020  8.50000000000   17.66858    68.55987       0               -19.090
       1021  8.50833333333   17.47494    68.64183       0               -16.623
       1022  8.51666666667   17.28150    68.72413       0               -15.873
       1023  8.52500000000   17.08827    68.80678       0               -15.361
       1024  8.53333333333   16.89524    68.88976       0               -16.054
       1025  8.54166666667   16.70242    68.97308       0               -17.087
       1026  8.55000000000   16.50980    69.05674       0               -16.097
       1027  8.55833333333   16.31738    69.14072       0               -16.621
       1028  8.56666666667   16.12517    69.22504       0               -15.451
       1029  8.57500000000   15.93316    69.30968       0               -14.376
       1030  8.58333333333   15.74136    69.39464       0               -17.407
       1031  8.59166666667   15.54976    69.47991       0               -17.844
       1032  8.60000000000   15.35836    69.56551       0               -19.109
       1033  8.60833333333   15.16717    69.65142       0               -18.374
       1034  8.61666666667   14.97617    69.73764       0               -17.330
       1035  8.62500000000   14.78538    69.82417       0               -17.564
       1036  8.63333333333   14.59479    69.91100       0               -18.228
       1037  8.64166666667   14.40440    69.99814       0               -18.124
       1038  8.65000000000   14.21422    70.08558       0               -17.268
       1039  8.65833333333   14.02423    70.17332       0               -18.484
       1040  8.66666666667   13.83444    70.26135       0               -19.156
       1041  8.67500000000   13.64485    70.34967       0               -18.635
       1042  8.68333333333   13.45547    70.43829       0               -18.595
       1043  8.69166666667   13.26628    70.52719       0               -18.605
       1044  8.70000000000   13.07729    70.61638       0               -18.639
       1045  8.70833333333   12.88850    70.70585       0               -18.478
       1046  8.71666666667   12.69991    70.79560       0               -19.108
       1047  8.72500000000   12.51151    70.88563       0               -19.108
       1048  8.73333333333   12.32332    70.97594       0               -18.270
       1049  8.74166666667   12.13532    71.06652       0               -18.265
       1050  8.75000000000   11.94752    71.15737       0               -18.193
       1051  8.75833333333   11.75991    71.24849       0               -18.249
       1052  8.76666666667   11.57250    71.33987       0               -18.347
       1053  8.77500000000   11.38528    71.43152       0               -18.347
       1054  8.78333333333   11.19826    71.52343       0               -18.321
       1055  8.79166666667   11.01144    71.61560       0               -18.472
       1056  8.80000000000   10.82481    71.70803       0               -18.418
       1057  8.80833333333   10.63837    71.80072       0               -19.289
       1058  8.81666666667   10.45213    71.89365       0               -19.827
       1059  8.82500000000   10.26608    71.98684       0               -20.609
       1060  8.83333333333   10.08022    72.08027       0               -21.508
       1061  8.84166666667    9.89456    72.17396       0               -22.495
       1062  8.85000000000    9.70908    72.26788       0               -22.966
       1063  8.85833333333    9.52380    72.36205       0               -23.197
       1064  8.86666666667    9.33871    72.45646       0               -23.153
       1065  8.87500000000    9.15381    72.55110       0               -23.205
       1066  8.88333333333    8.96910    72.64599       0               -23.618
       1067  8.89166666667    8.78458    72.74110       0               -23.845
       1068  8.90000000000    8.60025    72.83645       0               -23.433
       1069  8.90833333333    8.41611    72.93203       0               -23.147
       1070  8.91666666667    8.23215    73.02783       0               -22.836
       1071  8.92500000000    8.04838    73.12386       0               -22.399
       1072  8.93333333333    7.86480    73.22012       0               -22.239
       1073  8.94166666667    7.68141    73.31659       0               -22.295
       1074  8.95000000000    7.49820    73.41329       0               -22.213
       1075  8.95833333333    7.31518    73.51020       0               -21.772
       1076  8.96666666667    7.13235    73.60733       0               -20.948
       1077  8.97500000000    6.94970    73.70468       0               -20.011
       1078  8.98333333333    6.76723    73.80223       0               -19.754
       1079  8.99166666667    6.58495    73.90000       0               -19.867
       1080  9.00000000000    6.40285    73.99797       0               -19.951
       1081  9.00833333333    6.22094    74.09615       0               -19.963
       1082  9.01666666667    6.03920    74.19454       0               -19.737
       1083  9.02500000000    5.85765    74.29313       0               -19.283
       1084  9.03333333333    5.67628    74.39192       0               -18.679
       1085  9.04166666667    5.49509    74.49090       0               -18.273
       1086  9.05000000000    5.31408    74.59009       0               -17.584
       1087  9.05833333333    5.13325    74.68947       0               -16.775
       2233 18.60833333333    5.16409   339.80108       0                15.010
       2234 18.61666666667    5.29473   339.66652       0                14.791
       2235 18.62500000000    5.42476   339.53122       0                14.724
       2236 18.63333333333    5.55417   339.39520       0                14.773
       2237 18.64166666667    5.68297   339.25844       0                14.517
       2238 18.65000000000    5.81114   339.12095       0                14.595
       2239 18.65833333333    5.93868   338.98274       0                14.775
       2240 18.66666666667    6.06559   338.84379       0                14.715
       2241 18.67500000000    6.19186   338.70411       0                14.764
       2242 18.68333333333    6.31748   338.56370       0                14.908
       2243 18.69166666667    6.44245   338.42257       0                14.857
       2244 18.70000000000    6.56676   338.28070       0                14.746
       2245 18.70833333333    6.69042   338.13810       0                14.811
       2246 18.71666666667    6.81341   337.99477       0                14.963
       2247 18.72500000000    6.93573   337.85071       0                15.128
       2248 18.73333333333    7.05738   337.70593       0                15.161
       2249 18.74166666667    7.17834   337.56041       0                15.306
       2250 18.75000000000    7.29862   337.41417       0                15.336
       2251 18.75833333333    7.41820   337.26720       0                15.377
       2252 18.76666666667    7.53709   337.11951       0                15.235
       2253 18.77500000000    7.65528   336.97109       0                15.184
       2254 18.78333333333    7.77276   336.82194       0                15.135
       2255 18.79166666667    7.88953   336.67207       0                15.137
       2256 18.80000000000    8.00559   336.52148       0                15.233
       2257 18.80833333333    8.12092   336.37016       0                15.310
       2258 18.81666666667    8.23552   336.21813       0                15.345
       2259 18.82500000000    8.34939   336.06537       0                15.235
       2260 18.83333333333    8.46253   335.91190       0                15.039
       2261 18.84166666667    8.57492   335.75770       0                15.219
       2262 18.85000000000    8.68656   335.60279       0                15.344
       2263 18.85833333333    8.79746   335.44717       0                15.460
       2264 18.86666666667    8.90759   335.29083       0                15.535
       2265 18.87500000000    9.01696   335.13379       0                15.663
       2266 18.88333333333    9.12556   334.97603       0                15.616
       2267 18.89166666667    9.23339   334.81756       0                15.667
       2268 18.90000000000    9.34044   334.65839       0                15.737
       2269 18.90833333333    9.44670   334.49851       0                15.734
       2270 18.91666666667    9.55218   334.33793       0                15.619
       2271 18.92500000000    9.65687   334.17665       0                15.515
       2272 18.93333333333    9.76075   334.01466       0                15.640
       2273 18.94166666667    9.86383   333.85199       0                15.654
       2274 18.95000000000    9.96610   333.68861       0                15.547
       2275 18.95833333333   10.06756   333.52455       0                15.587
       2276 18.96666666667   10.16820   333.35979       0                15.742
       2277 18.97500000000   10.26802   333.19435       0                15.770
       2278 18.98333333333   10.36700   333.02822       0                15.712
       2279 18.99166666667   10.46516   332.86141       0                15.658
       2280 19.00000000000   10.56247   332.69392       0                15.694
       2281 19.00833333333   10.65894   332.52575       0                15.684
       2282 19.01666666667   10.75456   332.35691       0                15.636
       2283 19.02500000000   10.84933   332.18740       0                15.610
       2284 19.03333333333   10.94324   332.01722       0                15.414
       2285 19.04166666667   11.03629   331.84637       0                15.395
       2286 19.05000000000   11.12847   331.67486       0                15.341
       2287 19.05833333333   11.21977   331.50270       0                15.261
       2288 19.06666666667   11.31020   331.32987       0                15.370
       2289 19.07500000000   11.39975   331.15639       0                15.274
       2290 19.08333333333   11.48840   330.98227       0                15.215
       2291 19.09166666667   11.57617   330.80750       0                15.294
       2292 19.10000000000   11.66304   330.63209       0                15.329
       2293 19.10833333333   11.74901   330.45603       0                15.484
       2294 19.11666666667   11.83407   330.27935       0                15.493
       2295 19.12500000000   11.91823   330.10203       0                15.556
       2296 19.13333333333   12.00147   329.92409       0                15.611
       2297 19.14166666667   12.08379   329.74553       0                15.656
       2298 19.15000000000   12.16518   329.56634       0                15.702
       2299 19.15833333333   12.24565   329.38654       0                15.793
       2300 19.16666666667   12.32519   329.20614       0                15.775
       2301 19.17500000000   12.40378   329.02512       0                15.769
       2302 19.18333333333   12.48144   328.84350       0                15.739
       2303 19.19166666667   12.55815   328.66129       0                15.716
       2304 19.20000000000   12.63391   328.47849       0                15.683
       2305 19.20833333333   12.70872   328.29509       0                15.653
       2306 19.21666666667   12.78257   328.11112       0                15.600
       2307 19.22500000000   12.85546   327.92656       0                15.551
       2308 19.23333333333   12.92738   327.74143       0                15.546
       2309 19.24166666667   12.99833   327.55574       0                15.644
       2310 19.25000000000   13.06830   327.36948       0                15.668
       2311 19.25833333333   13.13730   327.18266       0                15.768
       2312 19.26666666667   13.20531   326.99529       0                15.833
       2313 19.27500000000   13.27234   326.80737       0                15.875
       2314 19.28333333333   13.33838   326.61891       0                15.885
       2315 19.29166666667   13.40343   326.42991       0                15.868
       2316 19.30000000000   13.46747   326.24038       0                15.973
       2317 19.30833333333   13.53052   326.05032       0                16.005
       2318 19.31666666667   13.59256   325.85974       0                15.963
       2319 19.32500000000   13.65359   325.66865       0                15.972
       2320 19.33333333333   13.71361   325.47704       0                16.059
       2321 19.34166666667   13.77262   325.28494       0                16.062
       2322 19.35000000000   13.83061   325.09234       0                16.070
       2323 19.35833333333   13.88757   324.89924       0                15.992
       2324 19.36666666667   13.94351   324.70566       0                16.078
       2325 19.37500000000   13.99842   324.51160       0                16.134
       2326 19.38333333333   14.05230   324.31707       0                16.182
       2327 19.39166666667   14.10515   324.12207       0                16.169
       2328 19.40000000000   14.15696   323.92661       0                16.184
       2329 19.40833333333   14.20772   323.73070       0                16.059
       2330 19.41666666667   14.25745   323.53433       0                16.168
       2331 19.42500000000   14.30612   323.33753       0                16.158
       2332 19.43333333333   14.35375   323.14029       0                16.135
       2333 19.44166666667   14.40033   322.94263       0                16.085
       2334 19.45000000000   14.44585   322.74454       0                16.151
       2335 19.45833333333   14.49031   322.54603       0                16.134
       2336 19.46666666667   14.53371   322.34712       0                16.203
       2337 19.47500000000   14.57605   322.14781       0                16.394
       2338 19.48333333333   14.61733   321.94811       0                16.361
       2339 19.49166666667   14.65754   321.74801       0                16.391
       2340 19.50000000000   14.69668   321.54754       0                16.388
       2341 19.50833333333   14.73475   321.34669       0                16.425
       2342 19.51666666667   14.77174   321.14548       0                16.517
       2343 19.52500000000   14.80766   320.94390       0                16.501
       2344 19.53333333333   14.84250   320.74198       0                16.400
       2345 19.54166666667   14.87626   320.53971       0                16.281
       2346 19.55000000000   14.90894   320.33710       0                16.219
       2347 19.55833333333   14.94054   320.13417       0                16.196
       2348 19.56666666667   14.97105   319.93091       0                16.212
       2349 19.57500000000   15.00047   319.72733       0                16.202
       2350 19.58333333333   15.02881   319.52345       0                16.261
       2351 19.59166666667   15.05606   319.31927       0                16.153
       2352 19.60000000000   15.08222   319.11479       0                16.114
       2353 19.60833333333   15.10728   318.91003       0                16.229
       2354 19.61666666667   15.13125   318.70499       0                16.178
       2355 19.62500000000   15.15413   318.49968       0                16.119
       2356 19.63333333333   15.17591   318.29411       0                16.135
       2357 19.64166666667   15.19659   318.08828       0                16.182
       2358 19.65000000000   15.21618   317.88220       0                16.311
       2359 19.65833333333   15.23466   317.67589       0                16.340
       2360 19.66666666667   15.25205   317.46934       0                16.468
       2361 19.67500000000   15.26834   317.26257       0                16.505
       2362 19.68333333333   15.28353   317.05558       0                16.509
       2363 19.69166666667   15.29761   316.84839       0                16.491
       2364 19.70000000000   15.31060   316.64099       0                16.547
       2365 19.70833333333   15.32248   316.43340       0                16.528
       2366 19.71666666667   15.33326   316.22562       0                16.464
       2367 19.72500000000   15.34294   316.01767       0                16.535
       2368 19.73333333333   15.35151   315.80955       0                16.448
       2369 19.74166666667   15.35898   315.60126       0                16.448
       2370 19.75000000000   15.36535   315.39282       0                16.507
       2371 19.75833333333   15.37062   315.18424       0                16.490
       2372 19.76666666667   15.37478   314.97551       0                16.483
       2373 19.77500000000   15.37784   314.76666       0                16.547
       2374 19.78333333333   15.37980   314.55768       0                16.522
       2375 19.79166666667   15.38066   314.34859       0                16.539
       2376 19.80000000000   15.38041   314.13939       0                16.713
       2377 19.80833333333   15.37907   313.93009       0                16.806
       2378 19.81666666667   15.37663   313.72070       0                16.915
       2379 19.82500000000   15.37308   313.51123       0                16.886
       2380 19.83333333333   15.36844   313.30168       0                16.813
       2381 19.84166666667   15.36270   313.09206       0                16.782
       2382 19.85000000000   15.35587   312.88238       0                16.745
       2383 19.85833333333   15.34794   312.67265       0                16.731
       2384 19.86666666667   15.33891   312.46287       0                16.758
       2385 19.87500000000   15.32879   312.25306       0                16.832
       2386 19.88333333333   15.31758   312.04322       0                16.886
       2387 19.89166666667   15.30528   311.83335       0                16.917
       2388 19.90000000000   15.29189   311.62347       0                16.935
       2389 19.90833333333   15.27742   311.41359       0                16.910
       2390 19.91666666667   15.26185   311.20370       0                16.976
       2391 19.92500000000   15.24521   310.99382       0                17.175
       2392 19.93333333333   15.22748   310.78396       0                17.337
       2393 19.94166666667   15.20867   310.57412       0                17.324
       2394 19.95000000000   15.18878   310.36431       0                17.305
       2395 19.95833333333   15.16781   310.15454       0                17.302
       2396 19.96666666667   15.14577   309.94481       0                17.366
       2397 19.97500000000   15.12266   309.73514       0                17.458
       2398 19.98333333333   15.09848   309.52553       0                17.478
       2399 19.99166666667   15.07323   309.31598       0                17.501
       2400 20.00000000000   15.04684   309.10686       0                17.516
       2401 20.00833333333   15.01953   308.89712       0                17.621
       2402 20.01666666667   14.99109   308.68781       0                17.683
       2403 20.02500000000   14.96159   308.47860       0                17.691
       2404 20.03333333333   14.93103   308.26950       0                17.850
       2405 20.04166666667   14.89943   308.06050       0                17.942
       2406 20.05000000000   14.86677   307.85162       0                17.922
       2407 20.05833333333   14.83306   307.64286       0                17.943
       2408 20.06666666667   14.79831   307.43424       0                18.069
       2409 20.07500000000   14.76252   307.22574       0                18.028
       2410 20.08333333333   14.72569   307.01739       0                18.133
       2411 20.09166666667   14.68782   306.80919       0                18.228
       2412 20.10000000000   14.64893   306.60115       0                18.319
       2413 20.10833333333   14.60900   306.39327       0                18.293
       2414 20.11666666667   14.56805   306.18555       0                18.490
       2415 20.12500000000   14.52607   305.97802       0                18.604
       2416 20.13333333333   14.48308   305.77066       0                18.696
       2417 20.14166666667   14.43907   305.56349       0                18.822
       2418 20.15000000000   14.39405   305.35651       0                18.888
       2419 20.15833333333   14.34802   305.14974       0                18.990
       2420 20.16666666667   14.30099   304.94316       0                19.111
       2421 20.17500000000   14.25295   304.73681       0                19.181
       2422 20.18333333333   14.20392   304.53066       0                19.348
       2423 20.19166666667   14.15390   304.32474       0                19.511
       2424 20.20000000000   14.10289   304.11905       0                19.676
       2425 20.20833333333   14.05089   303.91360       0                19.853
       2426 20.21666666667   13.99791   303.70838       0                20.053
       2427 20.22500000000   13.94395   303.50341       0                20.193
       2428 20.23333333333   13.88902   303.29869       0                20.441
       2429 20.24166666667   13.83312   303.09422       0                20.461
       2430 20.25000000000   13.77626   302.89002       0                20.593
       2431 20.25833333333   13.71843   302.68608       0                20.746
       2432 20.26666666667   13.65965   302.48241       0                20.864
       2433 20.27500000000   13.59992   302.27902       0                20.923
       2434 20.28333333333   13.53924   302.07592       0                21.057
       2435 20.29166666667   13.47762   301.87309       0                21.147
       2436 20.30000000000   13.41506   301.67056       0                21.229
       2437 20.30833333333   13.35156   301.46833       0                21.380
       2438 20.31666666667   13.28714   301.26639       0                21.547
       2439 20.32500000000   13.22179   301.06476       0                21.687
       2440 20.33333333333   13.15553   300.86344       0                21.737
       2441 20.34166666667   13.08834   300.66243       0                21.864
       2442 20.35000000000   13.02025   300.46174       0                22.016
       2443 20.35833333333   12.95125   300.26137       0                22.143
       2444 20.36666666667   12.88135   300.06132       0                22.257
       2445 20.37500000000   12.81056   299.86161       0                22.300
       2446 20.38333333333   12.73887   299.66223       0                22.461
       2447 20.39166666667   12.66630   299.46319       0                22.595
       2448 20.40000000000   12.59285   299.26449       0                22.774
       2449 20.40833333333   12.51852   299.06613       0                22.899
       2450 20.41666666667   12.44332   298.86812       0                23.172
       2451 20.42500000000   12.36725   298.67047       0                23.360
       2452 20.43333333333   12.29033   298.47317       0                23.616
       2453 20.44166666667   12.21255   298.27623       0                23.852
       2454 20.45000000000   12.13391   298.07965       0                24.065
       2455 20.45833333333   12.05444   297.88343       0                24.220
       2456 20.46666666667   11.97412   297.68759       0                24.385
       2457 20.47500000000   11.89297   297.49211       0                24.604
       2458 20.48333333333   11.81099   297.29701       0                24.774
       2459 20.49166666667   11.72819   297.10229       0                24.976
       2460 20.50000000000   11.64457   296.90795       0                25.233
       2461 20.50833333333   11.56013   296.71399       0                25.491
       2462 20.51666666667   11.47489   296.52041       0                25.770
       2463 20.52500000000   11.38884   296.32722       0                26.012
       2464 20.53333333333   11.30200   296.13442       0                26.291
       2465 20.54166666667   11.21437   295.94202       0                26.602
       2466 20.55000000000   11.12595   295.75001       0                26.801
       2467 20.55833333333   11.03675   295.55839       0                27.013
       2468 20.56666666667   10.94677   295.36717       0                27.210
       2469 20.57500000000   10.85603   295.17636       0                27.446
       2470 20.58333333333   10.76452   294.98594       0                27.654
       2471 20.59166666667   10.67225   294.79594       0                27.891
       2472 20.60000000000   10.57923   294.60633       0                28.191
       2473 20.60833333333   10.48547   294.41714       0                28.440
       2474 20.61666666667   10.39096   294.22835       0                28.749
       2475 20.62500000000   10.29572   294.03998       0                28.989
       2476 20.63333333333   10.19975   293.85201       0                29.256
       2477 20.64166666667   10.10305   293.66447       0                29.550
       2478 20.65000000000   10.00563   293.47733       0                29.744
       2479 20.65833333333    9.90750   293.29061       0                29.955
       2480 20.66666666667    9.80866   293.10431       0                30.176
       2481 20.67500000000    9.70912   292.91843       0                30.369
       2482 20.68333333333    9.60889   292.73297       0                30.716
       2483 20.69166666667    9.50796   292.54793       0                30.984
       2484 20.70000000000    9.40635   292.36331       0                31.251
       2485 20.70833333333    9.30406   292.17911       0                31.462
       2486 20.71666666667    9.20110   291.99533       0                31.775
       2487 20.72500000000    9.09747   291.81197       0                32.115
       2488 20.73333333333    8.99318   291.62904       0                32.361
       2489 20.74166666667    8.88823   291.44654       0                32.618
       2490 20.75000000000    8.78263   291.26446       0                32.869
       2491 20.75833333333    8.67639   291.08280       0                33.062
       2492 20.76666666667    8.56950   290.90157       0                33.239
       2493 20.77500000000    8.46199   290.72076       0                33.610
       2494 20.78333333333    8.35385   290.54038       0                33.887
       2495 20.79166666667    8.24508   290.36042       0                34.165
       2496 20.80000000000    8.13570   290.18089       0                34.583
       2497 20.80833333333    8.02571   290.00179       0                34.976
       2498 20.81666666667    7.91511   289.82310       0                35.063
       2499 20.82500000000    7.80392   289.64485       0                35.527
       2500 20.83333333333    7.69213   289.46702       0                35.804
       2501 20.84166666667    7.57975   289.28961       0                36.173
       2502 20.85000000000    7.46680   289.11263       0                36.555
       2503 20.85833333333    7.35326   288.93607       0                36.768
       2504 20.86666666667    7.23916   288.75993       0                37.213
       2505 20.87500000000    7.12449   288.58422       0                37.515
       2506 20.88333333333    7.00926   288.40892       0                37.745
       2507 20.89166666667    6.89348   288.23405       0                38.248
       2508 20.90000000000    6.77716   288.05960       0                38.516
       2509 20.90833333333    6.66029   287.88557       0                38.931
       2510 20.91666666667    6.54288   287.71195       0                39.229
       2511 20.92500000000    6.42494   287.53875       0                39.573
       2512 20.93333333333    6.30648   287.36597       0                40.070
       2513 20.94166666667    6.18750   287.19361       0                40.471
       2514 20.95000000000    6.06801   287.02166       0                40.915
       2515 20.95833333333    5.94800   286.85012       0                41.215
       2516 20.96666666667    5.82750   286.67899       0                41.651
       2517 20.97500000000    5.70649   286.50828       0                42.127
       2518 20.98333333333    5.58500   286.33797       0                42.325
       2519 20.99166666667    5.46302   286.16807       0                42.881
       2520 21.00000000000    5.34056   285.99858       0                43.584
       2521 21.00833333333    5.21762   285.82949       0                43.699
       2522 21.01666666667    5.09422   285.66081       0                44.402
