# Created on 2018-12-12 16:17:49 
# Sources: d:\gpsother\tec-suite\in\2015\abcd0770.15d.Z, d:\gpsother\tec-suite\in\2015\brdc0770.15g.Z
# Satellite: R18 (k = -3.0)
# Interval: 30.0
# Sampling interval: 0.0 (not used).
# Site: abcd
# Position (L, B, H): 253.601641965, 52.1962622634, 578.574894483
# Position (X, Y, Z): -1106129.71, -3758704.03, 5016675.77
# datetime format: %Y-%m-%dT%H:%M:%S
# Columns: tsn, hour, el, az, validity, tec.l1l2
# (I11,1X,F14.11,1X,F10.5,1X,F11.5,1X,I7,1X,F21.3)
         23  0.19166666667    5.10242   167.40086       0                 4.709
         24  0.20000000000    5.34572   167.36631       0                 5.347
         25  0.20833333333    5.58940   167.33194       0                 5.832
         26  0.21666666667    5.83346   167.29776       0                 6.259
         27  0.22500000000    6.07790   167.26376       0                 6.482
         28  0.23333333333    6.32273   167.22995       0                 6.413
         29  0.24166666667    6.56794   167.19632       0                 6.127
         30  0.25000000000    6.81353   167.16288       0                 6.049
         31  0.25833333333    7.05951   167.12963       0                 5.696
         32  0.26666666667    7.30588   167.09655       0                 5.269
         33  0.27500000000    7.55263   167.06367       0                 4.825
         34  0.28333333333    7.79976   167.03096       0                 4.314
         35  0.29166666667    8.04729   166.99844       0                 3.615
         36  0.30000000000    8.29520   166.96611       0                 2.873
         37  0.30833333333    8.54350   166.93396       0                 1.984
         38  0.31666666667    8.79219   166.90199       0                 1.318
         39  0.32500000000    9.04126   166.87020       0                 0.014
         40  0.33333333333    9.29073   166.83860       0                -1.129
         41  0.34166666667    9.54058   166.80719       0                -2.369
         42  0.35000000000    9.79083   166.77595       0                -3.555
         43  0.35833333333   10.04146   166.74490       0                -4.509
         44  0.36666666667   10.29249   166.71404       0                -5.463
         45  0.37500000000   10.54390   166.68336       0                -6.692
         46  0.38333333333   10.79571   166.65286       0                -7.931
         47  0.39166666667   11.04790   166.62255       0                -9.106
         48  0.40000000000   11.30049   166.59242       0               -10.329
         49  0.40833333333   11.55346   166.56248       0               -11.240
         50  0.41666666667   11.80683   166.53272       0               -12.248
         51  0.42500000000   12.06059   166.50314       0               -13.377
         52  0.43333333333   12.31474   166.47375       0               -14.844
         53  0.44166666667   12.56929   166.44455       0               -16.314
         54  0.45000000000   12.82422   166.41553       0               -17.611
         55  0.45833333333   13.07955   166.38670       0               -18.853
         56  0.46666666667   13.33526   166.35805       0               -20.127
         57  0.47500000000   13.59137   166.32959       0               -21.448
         58  0.48333333333   13.84787   166.30132       0               -22.673
         59  0.49166666667   14.10476   166.27324       0               -23.869
         60  0.50000000000   14.36204   166.24534       0               -25.122
         61  0.50833333333   14.61087   166.17380       0               -26.291
         62  0.51666666667   14.86872   166.14586       0               -27.267
         63  0.52500000000   15.12691   166.11781       0               -28.074
         64  0.53333333333   15.38543   166.08965       0               -28.688
         65  0.54166666667   15.64429   166.06138       0               -29.442
         66  0.55000000000   15.90348   166.03299       0               -30.161
         67  0.55833333333   16.16301   166.00450       0               -30.765
         68  0.56666666667   16.42287   165.97588       0               -31.211
         69  0.57500000000   16.68307   165.94715       0               -31.687
         70  0.58333333333   16.94360   165.91830       0               -32.287
         71  0.59166666667   17.20447   165.88932       0               -32.742
         72  0.60000000000   17.46567   165.86023       0               -33.195
         73  0.60833333333   17.72721   165.83100       0               -33.540
         74  0.61666666667   17.98907   165.80165       0               -33.814
         75  0.62500000000   18.25128   165.77218       0               -34.153
         76  0.63333333333   18.51381   165.74257       0               -34.630
         77  0.64166666667   18.77668   165.71282       0               -35.175
         78  0.65000000000   19.03988   165.68295       0               -35.831
         79  0.65833333333   19.30341   165.65293       0               -36.433
         80  0.66666666667   19.56727   165.62278       0               -37.180
         81  0.67500000000   19.83146   165.59248       0               -37.639
         82  0.68333333333   20.09598   165.56205       0               -38.261
         83  0.69166666667   20.36084   165.53146       0               -38.887
         84  0.70000000000   20.62602   165.50074       0               -39.538
         85  0.70833333333   20.89153   165.46986       0               -40.125
         86  0.71666666667   21.15737   165.43883       0               -40.630
         87  0.72500000000   21.42353   165.40764       0               -40.903
         88  0.73333333333   21.69003   165.37630       0               -41.108
         89  0.74166666667   21.95684   165.34480       0               -41.351
         90  0.75000000000   22.22399   165.31314       0               -41.650
         91  0.75833333333   22.49146   165.28132       0               -42.002
         92  0.76666666667   22.75925   165.24933       0               -42.200
         93  0.77500000000   23.02737   165.21718       0               -42.412
         94  0.78333333333   23.29581   165.18485       0               -42.547
         95  0.79166666667   23.56457   165.15235       0               -42.850
         96  0.80000000000   23.83365   165.11967       0               -43.275
         97  0.80833333333   24.10305   165.08682       0               -43.651
         98  0.81666666667   24.37277   165.05378       0               -43.984
         99  0.82500000000   24.64281   165.02057       0               -44.328
        100  0.83333333333   24.91317   164.98716       0               -44.656
        101  0.84166666667   25.18384   164.95357       0               -44.893
        102  0.85000000000   25.45483   164.91978       0               -45.250
        103  0.85833333333   25.72613   164.88580       0               -45.470
        104  0.86666666667   25.99775   164.85162       0               -45.735
        105  0.87500000000   26.26968   164.81724       0               -45.958
        106  0.88333333333   26.54192   164.78265       0               -46.141
        107  0.89166666667   26.81448   164.74786       0               -46.344
        108  0.90000000000   27.08734   164.71286       0               -46.565
        109  0.90833333333   27.36051   164.67764       0               -46.744
        110  0.91666666667   27.63399   164.64221       0               -46.921
        111  0.92500000000   27.90777   164.60655       0               -46.997
        112  0.93333333333   28.18186   164.57068       0               -47.105
        113  0.94166666667   28.45625   164.53457       0               -47.252
        114  0.95000000000   28.73095   164.49824       0               -47.395
        115  0.95833333333   29.00595   164.46167       0               -47.525
        116  0.96666666667   29.28124   164.42486       0               -47.624
        117  0.97500000000   29.55684   164.38781       0               -47.750
        118  0.98333333333   29.83274   164.35052       0               -47.804
        119  0.99166666667   30.10893   164.31297       0               -47.994
        120  1.00000000000   30.38541   164.27518       0               -48.138
        121  1.00833333333   30.65508   164.18373       0               -48.303
        122  1.01666666667   30.93196   164.14457       0               -48.382
        123  1.02500000000   31.20910   164.10477       0               -48.445
        124  1.03333333333   31.48647   164.06434       0               -48.488
        125  1.04166666667   31.76409   164.02326       0               -48.526
        126  1.05000000000   32.04195   163.98152       0               -48.578
        127  1.05833333333   32.32004   163.93912       0               -48.624
        128  1.06666666667   32.59836   163.89604       0               -48.753
        129  1.07500000000   32.87691   163.85227       0               -48.735
        130  1.08333333333   33.15569   163.80781       0               -48.825
        131  1.09166666667   33.43470   163.76265       0               -48.789
        132  1.10000000000   33.71392   163.71676       0               -48.710
        133  1.10833333333   33.99337   163.67016       0               -48.771
        134  1.11666666667   34.27303   163.62282       0               -48.730
        135  1.12500000000   34.55290   163.57473       0               -48.683
        136  1.13333333333   34.83299   163.52588       0               -48.606
        137  1.14166666667   35.11328   163.47627       0               -48.768
        138  1.15000000000   35.39377   163.42587       0               -48.831
        139  1.15833333333   35.67447   163.37469       0               -49.016
        140  1.16666666667   35.95536   163.32270       0               -49.229
        141  1.17500000000   36.23645   163.26989       0               -49.228
        142  1.18333333333   36.51773   163.21625       0               -49.310
        143  1.19166666667   36.79920   163.16178       0               -49.254
        144  1.20000000000   37.08085   163.10644       0               -49.322
        145  1.20833333333   37.36268   163.05024       0               -49.322
        146  1.21666666667   37.64470   162.99316       0               -49.297
        147  1.22500000000   37.92688   162.93518       0               -49.345
        148  1.23333333333   38.20924   162.87630       0               -49.425
        149  1.24166666667   38.49177   162.81648       0               -49.431
        150  1.25000000000   38.77446   162.75573       0               -49.392
        151  1.25833333333   39.05731   162.69403       0               -49.476
        152  1.26666666667   39.34032   162.63135       0               -49.365
        153  1.27500000000   39.62348   162.56768       0               -49.404
        154  1.28333333333   39.90679   162.50302       0               -49.255
        155  1.29166666667   40.19025   162.43733       0               -49.195
        156  1.30000000000   40.47385   162.37060       0               -49.264
        157  1.30833333333   40.75758   162.30283       0               -49.302
        158  1.31666666667   41.04145   162.23397       0               -49.285
        159  1.32500000000   41.32545   162.16403       0               -49.262
        160  1.33333333333   41.60958   162.09298       0               -49.339
        161  1.34166666667   41.89383   162.02079       0               -49.317
        162  1.35000000000   42.17820   161.94746       0               -49.350
        163  1.35833333333   42.46268   161.87296       0               -49.320
        164  1.36666666667   42.74726   161.79727       0               -49.394
        165  1.37500000000   43.03196   161.72037       0               -49.381
        166  1.38333333333   43.31675   161.64223       0               -49.317
        167  1.39166666667   43.60165   161.56284       0               -49.246
        168  1.40000000000   43.88663   161.48217       0               -49.201
        169  1.40833333333   44.17170   161.40019       0               -49.158
        170  1.41666666667   44.45685   161.31689       0               -49.159
        171  1.42500000000   44.74208   161.23224       0               -49.067
        172  1.43333333333   45.02738   161.14621       0               -49.069
        173  1.44166666667   45.31275   161.05878       0               -48.985
        174  1.45000000000   45.59819   160.96992       0               -48.886
        175  1.45833333333   45.88368   160.87961       0               -48.831
        176  1.46666666667   46.16922   160.78781       0               -48.882
        177  1.47500000000   46.45482   160.69450       0               -48.921
        178  1.48333333333   46.74045   160.59964       0               -49.038
        179  1.49166666667   47.02612   160.50321       0               -49.193
        180  1.50000000000   47.31183   160.40518       0               -49.170
        181  1.50833333333   47.59441   160.24064       0               -49.228
        182  1.51666666667   47.87988   160.13782       0               -49.319
        183  1.52500000000   48.16527   160.03286       0               -49.380
        184  1.53333333333   48.45058   159.92573       0               -49.443
        185  1.54166666667   48.73579   159.81639       0               -49.349
        186  1.55000000000   49.02091   159.70478       0               -49.171
        187  1.55833333333   49.30591   159.59087       0               -49.128
        188  1.56666666667   49.59079   159.47461       0               -49.196
        189  1.57500000000   49.87554   159.35595       0               -49.202
        190  1.58333333333   50.16015   159.23485       0               -49.172
        191  1.59166666667   50.44460   159.11125       0               -49.042
        192  1.60000000000   50.72889   158.98510       0               -48.988
        193  1.60833333333   51.01301   158.85635       0               -48.962
        194  1.61666666667   51.29695   158.72494       0               -48.971
        195  1.62500000000   51.58069   158.59083       0               -49.073
        196  1.63333333333   51.86422   158.45395       0               -49.030
        197  1.64166666667   52.14753   158.31424       0               -48.986
        198  1.65000000000   52.43061   158.17166       0               -49.081
        199  1.65833333333   52.71344   158.02612       0               -49.182
        200  1.66666666667   52.99603   157.87758       0               -49.083
        201  1.67500000000   53.27834   157.72596       0               -49.143
        202  1.68333333333   53.56037   157.57120       0               -49.238
        203  1.69166666667   53.84210   157.41323       0               -49.546
        204  1.70000000000   54.12353   157.25198       0               -49.715
        205  1.70833333333   54.40464   157.08737       0               -49.592
        206  1.71666666667   54.68540   156.91934       0               -49.541
        207  1.72500000000   54.96582   156.74781       0               -49.935
        208  1.73333333333   55.24587   156.57269       0               -49.835
        209  1.74166666667   55.52553   156.39392       0               -49.863
        210  1.75000000000   55.79550   156.21754       0               -50.064
        211  1.75833333333   56.08366   156.02503       0               -50.210
        212  1.76666666667   56.36208   155.83476       0               -50.270
        213  1.77500000000   56.64006   155.64047       0               -50.298
        214  1.78333333333   56.91758   155.44208       0               -50.388
        215  1.79166666667   57.19461   155.23949       0               -50.425
        216  1.80000000000   57.47114   155.03261       0               -50.422
        217  1.80833333333   57.74715   154.82133       0               -50.509
        218  1.81666666667   58.02262   154.60555       0               -50.614
        219  1.82500000000   58.29754   154.38516       0               -50.658
        220  1.83333333333   58.57187   154.16005       0               -50.724
        221  1.84166666667   58.84561   153.93011       0               -50.694
        222  1.85000000000   59.11872   153.69523       0               -50.686
        223  1.85833333333   59.39119   153.45528       0               -50.608
        224  1.86666666667   59.66300   153.21015       0               -50.560
        225  1.87500000000   59.93411   152.95969       0               -50.659
        226  1.88333333333   60.20451   152.70380       0               -50.762
        227  1.89166666667   60.47417   152.44233       0               -50.700
        228  1.90000000000   60.74307   152.17515       0               -50.701
        229  1.90833333333   61.01118   151.90211       0               -50.784
        230  1.91666666667   61.27846   151.62307       0               -50.846
        231  1.92500000000   61.54491   151.33788       0               -51.047
        232  1.93333333333   61.81047   151.04639       0               -51.254
        233  1.94166666667   62.07514   150.74845       0               -51.577
        234  1.95000000000   62.33886   150.44389       0               -51.402
        235  1.95833333333   62.60163   150.13254       0               -51.058
        236  1.96666666667   62.86339   149.81424       0               -51.013
        237  1.97500000000   63.12411   149.48881       0               -50.846
        238  1.98333333333   63.38377   149.15608       0               -50.948
        239  1.99166666667   63.64233   148.81585       0               -50.748
        240  2.00000000000   63.89118   148.47967       0               -50.734
        241  2.00833333333   64.12213   148.06824       0               -50.879
        242  2.01666666667   64.37657   147.70295       0               -50.929
        243  2.02500000000   64.62957   147.32903       0               -50.818
        244  2.03333333333   64.88108   146.94626       0               -50.795
        245  2.04166666667   65.13105   146.55445       0               -50.803
        246  2.05000000000   65.37942   146.15337       0               -50.731
        247  2.05833333333   65.62616   145.74281       0               -50.810
        248  2.06666666667   65.87120   145.32255       0               -50.783
        249  2.07500000000   66.11448   144.89237       0               -50.713
        250  2.08333333333   66.35596   144.45203       0               -50.833
        251  2.09166666667   66.59557   144.00131       0               -50.735
        252  2.10000000000   66.83324   143.53997       0               -50.645
        253  2.10833333333   67.06893   143.06779       0               -50.438
        254  2.11666666667   67.30256   142.58451       0               -50.294
        255  2.12500000000   67.53406   142.08991       0               -50.267
        256  2.13333333333   67.76337   141.58374       0               -50.307
        257  2.14166666667   67.99042   141.06575       0               -50.408
        258  2.15000000000   68.21513   140.53572       0               -50.560
        259  2.15833333333   68.43743   139.99340       0               -50.670
        260  2.16666666667   68.65724   139.43855       0               -50.824
        261  2.17500000000   68.87449   138.87093       0               -50.926
        262  2.18333333333   69.08909   138.29031       0               -50.721
        263  2.19166666667   69.30096   137.69646       0               -50.670
        264  2.20000000000   69.51002   137.08914       0               -50.620
        265  2.20833333333   69.71617   136.46814       0               -50.716
        266  2.21666666667   69.91932   135.83325       0               -50.633
        267  2.22500000000   70.11940   135.18425       0               -50.645
        268  2.23333333333   70.31629   134.52096       0               -51.151
        269  2.24166666667   70.50991   133.84318       0               -51.602
        270  2.25000000000   70.70015   133.15075       0               -51.957
        271  2.25833333333   70.88692   132.44349       0               -52.227
        272  2.26666666667   71.07011   131.72127       0               -52.221
        273  2.27500000000   71.24963   130.98395       0               -52.506
        274  2.28333333333   71.42536   130.23144       0               -52.162
        275  2.29166666667   71.59719   129.46364       0               -52.050
        276  2.30000000000   71.76503   128.68048       0               -52.392
        277  2.30833333333   71.92875   127.88193       0               -52.133
        278  2.31666666667   72.08825   127.06797       0               -52.053
        279  2.32500000000   72.24342   126.23862       0               -52.647
        280  2.33333333333   72.39414   125.39392       0               -53.094
        281  2.34166666667   72.54030   124.53395       0               -53.184
        282  2.35000000000   72.68179   123.65882       0               -53.412
        283  2.35833333333   72.81850   122.76868       0               -53.411
        284  2.36666666667   72.95030   121.86373       0               -53.660
        285  2.37500000000   73.07710   120.94419       0               -54.068
        286  2.38333333333   73.19878   120.01032       0               -54.315
        287  2.39166666667   73.31523   119.06244       0               -54.241
        288  2.40000000000   73.42635   118.10092       0               -54.241
        289  2.40833333333   73.53203   117.12614       0               -54.151
        290  2.41666666667   73.63217   116.13856       0               -54.076
        291  2.42500000000   73.72666   115.13867       0               -53.792
        292  2.43333333333   73.81543   114.12701       0               -53.868
        293  2.44166666667   73.89836   113.10416       0               -53.879
        294  2.45000000000   73.97539   112.07076       0               -54.055
        295  2.45833333333   74.04643   111.02746       0               -54.214
        296  2.46666666667   74.11139   109.97500       0               -54.001
        297  2.47500000000   74.17022   108.91412       0               -53.984
        298  2.48333333333   74.22284   107.84562       0               -54.069
        299  2.49166666667   74.26921   106.77032       0               -53.877
        300  2.50000000000   74.30926   105.68908       0               -53.807
        301  2.50833333333   74.31909   104.65975       0               -53.671
        302  2.51666666667   74.34593   103.57120       0               -53.571
        303  2.52500000000   74.36620   102.47992       0               -53.452
        304  2.53333333333   74.37990   101.38692       0               -53.544
        305  2.54166666667   74.38702   100.29317       0               -53.574
        306  2.55000000000   74.38757    99.19969       0               -53.761
        307  2.55833333333   74.38155    98.10745       0               -53.839
        308  2.56666666667   74.36898    97.01746       0               -54.148
        309  2.57500000000   74.34989    95.93070       0               -53.857
        310  2.58333333333   74.32432    94.84812       0               -53.534
        311  2.59166666667   74.29232    93.77066       0               -53.200
        312  2.60000000000   74.25392    92.69926       0               -53.441
        313  2.60833333333   74.20921    91.63479       0               -53.694
        314  2.61666666667   74.15823    90.57811       0               -53.494
        315  2.62500000000   74.10107    89.53004       0               -53.250
        316  2.63333333333   74.03780    88.49137       0               -53.754
        317  2.64166666667   73.96850    87.46283       0               -53.785
        318  2.65000000000   73.89328    86.44513       0               -53.951
        319  2.65833333333   73.81222    85.43890       0               -53.764
        320  2.66666666667   73.72543    84.44476       0               -53.594
        321  2.67500000000   73.63300    83.46326       0               -53.451
        322  2.68333333333   73.53506    82.49492       0               -53.460
        323  2.69166666667   73.43170    81.54019       0               -53.346
        324  2.70000000000   73.32304    80.59949       0               -53.804
        325  2.70833333333   73.20920    79.67319       0               -54.049
        326  2.71666666667   73.09029    78.76160       0               -53.907
        327  2.72500000000   72.96644    77.86501       0               -53.913
        328  2.73333333333   72.83776    76.98364       0               -53.780
        329  2.74166666667   72.70438    76.11769       0               -53.619
        330  2.75000000000   72.56641    75.26732       0               -53.560
        331  2.75833333333   72.42398    74.43263       0               -53.403
        332  2.76666666667   72.27720    73.61370       0               -53.461
        333  2.77500000000   72.12620    72.81058       0               -53.396
        334  2.78333333333   71.97109    72.02327       0               -53.522
        335  2.79166666667   71.81198    71.25177       0               -53.715
        336  2.80000000000   71.64901    70.49602       0               -53.722
        337  2.80833333333   71.48227    69.75596       0               -53.677
        338  2.81666666667   71.31189    69.03148       0               -53.459
        339  2.82500000000   71.13797    68.32248       0               -53.151
        340  2.83333333333   70.96062    67.62882       0               -53.126
        341  2.84166666667   70.77995    66.95035       0               -53.271
        342  2.85000000000   70.59606    66.28689       0               -53.475
        343  2.85833333333   70.40905    65.63827       0               -53.550
        344  2.86666666667   70.21902    65.00430       0               -53.415
        345  2.87500000000   70.02607    64.38475       0               -53.379
        346  2.88333333333   69.83030    63.77943       0               -53.331
        347  2.89166666667   69.63179    63.18811       0               -52.808
        348  2.90000000000   69.43063    62.61056       0               -52.499
        349  2.90833333333   69.22692    62.04654       0               -53.092
        350  2.91666666667   69.02073    61.49581       0               -53.409
        351  2.92500000000   68.81215    60.95814       0               -53.384
        352  2.93333333333   68.60126    60.43327       0               -53.288
        353  2.94166666667   68.38813    59.92095       0               -53.306
        354  2.95000000000   68.17285    59.42095       0               -53.134
        355  2.95833333333   67.95547    58.93300       0               -52.613
        356  2.96666666667   67.73608    58.45687       0               -52.832
        357  2.97500000000   67.51474    57.99229       0               -53.139
        358  2.98333333333   67.29151    57.53904       0               -53.134
        359  2.99166666667   67.06646    57.09686       0               -53.112
        360  3.00000000000   66.83966    56.66551       0               -53.050
        361  3.00833333333   66.62459    56.30417       0               -52.911
        362  3.01666666667   66.39439    55.89458       0               -52.649
        363  3.02500000000   66.16270    55.49548       0               -52.633
        364  3.03333333333   65.92959    55.10663       0               -52.927
        365  3.04166666667   65.69510    54.72780       0               -53.032
        366  3.05000000000   65.45929    54.35876       0               -53.181
        367  3.05833333333   65.22222    53.99925       0               -53.269
        368  3.06666666667   64.98393    53.64907       0               -53.297
        369  3.07500000000   64.74447    53.30800       0               -53.409
        370  3.08333333333   64.50389    52.97580       0               -53.572
        371  3.09166666667   64.26223    52.65227       0               -53.576
        372  3.10000000000   64.01953    52.33721       0               -53.751
        373  3.10833333333   63.77584    52.03041       0               -53.744
        374  3.11666666667   63.53119    51.73167       0               -53.627
        375  3.12500000000   63.28563    51.44080       0               -53.734
        376  3.13333333333   63.03919    51.15760       0               -53.680
        377  3.14166666667   62.79191    50.88190       0               -53.582
        378  3.15000000000   62.54382    50.61352       0               -53.679
        379  3.15833333333   62.29495    50.35228       0               -53.322
        380  3.16666666667   62.04534    50.09800       0               -53.732
        381  3.17500000000   61.79502    49.85053       0               -53.578
        382  3.18333333333   61.54401    49.60970       0               -53.500
        383  3.19166666667   61.29235    49.37535       0               -53.711
        384  3.20000000000   61.04007    49.14734       0               -53.724
        385  3.20833333333   60.78718    48.92550       0               -53.904
        386  3.21666666667   60.53372    48.70969       0               -53.931
        387  3.22500000000   60.27972    48.49978       0               -53.964
        388  3.23333333333   60.02518    48.29562       0               -53.968
        389  3.24166666667   59.77014    48.09708       0               -53.827
        390  3.25000000000   59.51463    47.90403       0               -53.730
        391  3.25833333333   59.25865    47.71635       0               -53.774
        392  3.26666666667   59.00224    47.53390       0               -53.841
        393  3.27500000000   58.74540    47.35658       0               -53.928
        394  3.28333333333   58.48817    47.18425       0               -53.967
        395  3.29166666667   58.23055    47.01681       0               -54.029
        396  3.30000000000   57.97258    46.85415       0               -54.005
        397  3.30833333333   57.71425    46.69616       0               -53.942
        398  3.31666666667   57.45560    46.54274       0               -53.888
        399  3.32500000000   57.19663    46.39378       0               -53.863
        400  3.33333333333   56.93736    46.24918       0               -53.842
        401  3.34166666667   56.67781    46.10886       0               -53.829
        402  3.35000000000   56.41799    45.97270       0               -53.791
        403  3.35833333333   56.15792    45.84063       0               -53.851
        404  3.36666666667   55.89760    45.71256       0               -53.912
        405  3.37500000000   55.63706    45.58840       0               -53.974
        406  3.38333333333   55.37629    45.46806       0               -54.033
        407  3.39166666667   55.11532    45.35146       0               -53.999
        408  3.40000000000   54.85416    45.23853       0               -53.918
        409  3.40833333333   54.59281    45.12918       0               -53.896
        410  3.41666666667   54.33129    45.02335       0               -53.921
        411  3.42500000000   54.06962    44.92096       0               -53.819
        412  3.43333333333   53.80778    44.82193       0               -53.799
        413  3.44166666667   53.54581    44.72620       0               -53.865
        414  3.45000000000   53.28371    44.63370       0               -53.813
        415  3.45833333333   53.02148    44.54437       0               -53.763
        416  3.46666666667   52.75913    44.45814       0               -53.756
        417  3.47500000000   52.49668    44.37494       0               -53.804
        418  3.48333333333   52.23413    44.29473       0               -53.770
        419  3.49166666667   51.97149    44.21744       0               -53.762
        420  3.50000000000   51.70876    44.14300       0               -53.740
        421  3.50833333333   51.47090    44.08189       0               -53.738
        422  3.51666666667   51.20819    44.01383       0               -53.660
        423  3.52500000000   50.94560    43.94852       0               -53.565
        424  3.53333333333   50.68311    43.88591       0               -53.573
        425  3.54166666667   50.42075    43.82595       0               -53.598
        426  3.55000000000   50.15851    43.76858       0               -53.530
        427  3.55833333333   49.89640    43.71376       0               -53.487
        428  3.56666666667   49.63442    43.66145       0               -53.507
        429  3.57500000000   49.37259    43.61158       0               -53.533
        430  3.58333333333   49.11090    43.56413       0               -53.539
        431  3.59166666667   48.84935    43.51904       0               -53.500
        432  3.60000000000   48.58796    43.47627       0               -53.467
        433  3.60833333333   48.32673    43.43577       0               -53.464
        434  3.61666666667   48.06566    43.39752       0               -53.521
        435  3.62500000000   47.80476    43.36146       0               -53.511
        436  3.63333333333   47.54402    43.32757       0               -53.476
        437  3.64166666667   47.28345    43.29579       0               -53.466
        438  3.65000000000   47.02306    43.26610       0               -53.434
        439  3.65833333333   46.76285    43.23846       0               -53.352
        440  3.66666666667   46.50282    43.21283       0               -53.392
        441  3.67500000000   46.24298    43.18918       0               -53.351
        442  3.68333333333   45.98332    43.16748       0               -53.314
        443  3.69166666667   45.72385    43.14769       0               -53.307
        444  3.70000000000   45.46458    43.12978       0               -53.273
        445  3.70833333333   45.20549    43.11373       0               -53.265
        446  3.71666666667   44.94661    43.09949       0               -53.227
        447  3.72500000000   44.68792    43.08705       0               -53.203
        448  3.73333333333   44.42944    43.07637       0               -53.095
        449  3.74166666667   44.17115    43.06743       0               -53.069
        450  3.75000000000   43.91307    43.06019       0               -52.892
        451  3.75833333333   43.65520    43.05464       0               -52.870
        452  3.76666666667   43.39754    43.05074       0               -52.917
        453  3.77500000000   43.14008    43.04847       0               -52.938
        454  3.78333333333   42.88284    43.04781       0               -52.894
        455  3.79166666667   42.62581    43.04873       0               -52.932
        456  3.80000000000   42.36899    43.05121       0               -52.936
        457  3.80833333333   42.11238    43.05522       0               -52.934
        458  3.81666666667   41.85600    43.06074       0               -52.881
        459  3.82500000000   41.59983    43.06776       0               -52.815
        460  3.83333333333   41.34388    43.07624       0               -52.698
        461  3.84166666667   41.08815    43.08617       0               -52.647
        462  3.85000000000   40.83263    43.09753       0               -52.637
        463  3.85833333333   40.57734    43.11030       0               -52.662
        464  3.86666666667   40.32228    43.12445       0               -52.677
        465  3.87500000000   40.06743    43.13998       0               -52.601
        466  3.88333333333   39.81281    43.15685       0               -52.508
        467  3.89166666667   39.55842    43.17506       0               -52.455
        468  3.90000000000   39.30424    43.19458       0               -52.434
        469  3.90833333333   39.05030    43.21540       0               -52.333
        470  3.91666666667   38.79658    43.23749       0               -52.234
        471  3.92500000000   38.54309    43.26085       0               -52.215
        472  3.93333333333   38.28983    43.28546       0               -52.165
        473  3.94166666667   38.03679    43.31130       0               -52.122
        474  3.95000000000   37.78399    43.33836       0               -51.824
        475  3.95833333333   37.53141    43.36661       0               -51.893
        476  3.96666666667   37.27906    43.39605       0               -52.257
        477  3.97500000000   37.02695    43.42666       0               -52.169
        478  3.98333333333   36.77506    43.45843       0               -52.292
        479  3.99166666667   36.52341    43.49133       0               -52.325
        480  4.00000000000   36.27199    43.52537       0               -52.242
        481  4.00833333333   36.04093    43.54971       0               -52.151
        482  4.01666666667   35.79028    43.58652       0               -52.144
        483  4.02500000000   35.53999    43.62433       0               -52.238
        484  4.03333333333   35.29006    43.66315       0               -52.327
        485  4.04166666667   35.04050    43.70295       0               -52.383
        486  4.05000000000   34.79130    43.74373       0               -52.201
        487  4.05833333333   34.54246    43.78548       0               -52.071
        488  4.06666666667   34.29397    43.82818       0               -52.072
        489  4.07500000000   34.04585    43.87183       0               -52.129
        490  4.08333333333   33.79808    43.91642       0               -52.119
        491  4.09166666667   33.55067    43.96194       0               -52.072
        492  4.10000000000   33.30361    44.00837       0               -52.016
        493  4.10833333333   33.05690    44.05572       0               -51.941
        494  4.11666666667   32.81055    44.10396       0               -51.797
        495  4.12500000000   32.56454    44.15310       0               -51.725
        496  4.13333333333   32.31889    44.20312       0               -51.648
        497  4.14166666667   32.07358    44.25402       0               -51.607
        498  4.15000000000   31.82862    44.30578       0               -51.511
        499  4.15833333333   31.58401    44.35840       0               -51.375
        500  4.16666666667   31.33974    44.41187       0               -51.088
        501  4.17500000000   31.09582    44.46619       0               -50.986
        502  4.18333333333   30.85224    44.52134       0               -50.926
        503  4.19166666667   30.60900    44.57732       0               -50.946
        504  4.20000000000   30.36610    44.63412       0               -50.671
        505  4.20833333333   30.12354    44.69173       0               -50.434
        506  4.21666666667   29.88131    44.75016       0               -49.904
        507  4.22500000000   29.63943    44.80938       0               -50.052
        508  4.23333333333   29.39788    44.86940       0               -50.133
        509  4.24166666667   29.15666    44.93021       0               -50.053
        510  4.25000000000   28.91578    44.99180       0               -49.872
        511  4.25833333333   28.67523    45.05416       0               -49.646
        512  4.26666666667   28.43502    45.11730       0               -49.633
        513  4.27500000000   28.19513    45.18120       0               -49.627
        514  4.28333333333   27.95558    45.24585       0               -49.405
        515  4.29166666667   27.71635    45.31126       0               -48.950
        516  4.30000000000   27.47746    45.37742       0               -49.015
        517  4.30833333333   27.23889    45.44432       0               -49.296
        518  4.31666666667   27.00064    45.51195       0               -49.601
        519  4.32500000000   26.76273    45.58031       0               -50.102
        520  4.33333333333   26.52513    45.64940       0               -50.312
        521  4.34166666667   26.28787    45.71922       0               -50.479
        522  4.35000000000   26.05092    45.78974       0               -50.018
        523  4.35833333333   25.81430    45.86098       0               -50.002
        524  4.36666666667   25.57800    45.93293       0               -49.407
        525  4.37500000000   25.34202    46.00558       0               -49.537
        526  4.38333333333   25.10636    46.07892       0               -49.339
        527  4.39166666667   24.87102    46.15296       0               -49.379
        528  4.40000000000   24.63601    46.22769       0               -48.944
        529  4.40833333333   24.40131    46.30310       0               -49.012
        530  4.41666666667   24.16693    46.37920       0               -48.576
        531  4.42500000000   23.93286    46.45597       0               -48.576
        532  4.43333333333   23.69912    46.53341       0               -48.301
        533  4.44166666667   23.46569    46.61152       0               -48.391
        534  4.45000000000   23.23258    46.69030       0               -48.196
        535  4.45833333333   22.99979    46.76974       0               -48.985
        536  4.46666666667   22.76731    46.84983       0               -49.394
        537  4.47500000000   22.53514    46.93058       0               -48.992
        538  4.48333333333   22.30330    47.01199       0               -49.003
        539  4.49166666667   22.07177    47.09403       0               -49.108
        540  4.50000000000   21.84055    47.17673       0               -49.543
        541  4.50833333333   21.61772    47.23872       0               -49.045
        542  4.51666666667   21.38744    47.32298       0               -48.605
        543  4.52500000000   21.15751    47.40774       0               -48.751
        544  4.53333333333   20.92795    47.49298       0               -49.129
        545  4.54166666667   20.69875    47.57872       0               -49.121
        546  4.55000000000   20.46991    47.66493       0               -48.435
        547  4.55833333333   20.24143    47.75164       0               -48.094
        548  4.56666666667   20.01330    47.83882       0               -48.129
        549  4.57500000000   19.78552    47.92649       0               -48.497
        550  4.58333333333   19.55810    48.01464       0               -48.820
        551  4.59166666667   19.33103    48.10327       0               -48.692
        552  4.60000000000   19.10431    48.19238       0               -48.774
        553  4.60833333333   18.87794    48.28197       0               -48.463
        554  4.61666666667   18.65192    48.37203       0               -47.896
        555  4.62500000000   18.42624    48.46257       0               -47.409
        556  4.63333333333   18.20091    48.55359       0               -47.424
        557  4.64166666667   17.97592    48.64508       0               -47.569
        558  4.65000000000   17.75128    48.73705       0               -47.899
        559  4.65833333333   17.52698    48.82949       0               -47.749
        560  4.66666666667   17.30302    48.92240       0               -47.970
        561  4.67500000000   17.07940    49.01578       0               -47.762
        562  4.68333333333   16.85612    49.10964       0               -46.770
        563  4.69166666667   16.63317    49.20397       0               -46.971
        564  4.70000000000   16.41057    49.29876       0               -46.952
        565  4.70833333333   16.18830    49.39403       0               -46.718
        566  4.71666666667   15.96637    49.48976       0               -48.233
        567  4.72500000000   15.74477    49.58596       0               -48.343
        568  4.73333333333   15.52350    49.68263       0               -48.166
        569  4.74166666667   15.30257    49.77977       0               -47.951
        570  4.75000000000   15.08198    49.87737       0               -47.455
        571  4.75833333333   14.86171    49.97544       0               -46.819
        572  4.76666666667   14.64178    50.07398       0               -46.784
        573  4.77500000000   14.42217    50.17298       0               -46.627
        574  4.78333333333   14.20290    50.27245       0               -46.782
        575  4.79166666667   13.98396    50.37238       0               -46.605
        576  4.80000000000   13.76535    50.47278       0               -46.393
        577  4.80833333333   13.54707    50.57364       0               -46.201
        578  4.81666666667   13.32912    50.67497       0               -45.718
        579  4.82500000000   13.11149    50.77676       0               -44.533
        580  4.83333333333   12.89420    50.87901       0               -44.185
        581  4.84166666667   12.67723    50.98173       0               -44.832
        582  4.85000000000   12.46059    51.08490       0               -44.011
        583  4.85833333333   12.24428    51.18855       0               -43.981
        584  4.86666666667   12.02830    51.29265       0               -43.293
        585  4.87500000000   11.81265    51.39722       0               -43.964
        586  4.88333333333   11.59732    51.50225       0               -44.076
        587  4.89166666667   11.38233    51.60774       0               -42.893
        588  4.90000000000   11.16766    51.71370       0               -41.877
        589  4.90833333333   10.95331    51.82012       0               -38.799
        590  4.91666666667   10.73930    51.92700       0               -36.224
        591  4.92500000000   10.52562    52.03434       0               -34.702
        592  4.93333333333   10.31226    52.14214       0               -30.651
        593  4.94166666667   10.09923    52.25041    4096               -24.295
        594  4.95000000000    9.88653    52.35914    4096               -26.356
        595  4.95833333333    9.67417    52.46833       0               -30.407
        596  4.96666666667    9.46213    52.57798       0               -29.619
        597  4.97500000000    9.25042    52.68809       0               -30.199
        598  4.98333333333    9.03904    52.79867       0               -33.577
        599  4.99166666667    8.82799    52.90971       0               -35.618
        600  5.00000000000    8.61728    53.02121       0               -36.168
        601  5.00833333333    8.40164    53.10616       0               -35.175
        602  5.01666666667    8.19177    53.21868       0               -34.573
        603  5.02500000000    7.98220    53.33148       0               -34.034
        604  5.03333333333    7.77292    53.44456       0               -33.069
        605  5.04166666667    7.56394    53.55793       0               -31.210
        606  5.05000000000    7.35524    53.67159       0               -30.439
        607  5.05833333333    7.14684    53.78554       0               -31.958
        608  5.06666666667    6.93872    53.89978       0               -26.993
        609  5.07500000000    6.73090    54.01431       0               -26.769
        610  5.08333333333    6.52337    54.12914       0               -28.609
        611  5.09166666667    6.31613    54.24426       0               -29.250
        612  5.10000000000    6.10917    54.35968       0               -30.814
        613  5.10833333333    5.90251    54.47540       0               -33.227
        614  5.11666666667    5.69614    54.59142       0               -33.714
        615  5.12500000000    5.49005    54.70774       0               -35.211
        616  5.13333333333    5.28426    54.82437       0               -35.315
        617  5.14166666667    5.07875    54.94130       0               -35.061
       1684 14.03333333333    5.32415   340.23711       0                 2.487
       1685 14.04166666667    5.54424   340.18803       0                 1.929
       1686 14.05000000000    5.76419   340.13795       0                 1.366
       1687 14.05833333333    5.98402   340.08685       0                 1.157
       1688 14.06666666667    6.20370   340.03474       0                 0.666
       1689 14.07500000000    6.42324   339.98160       0                 0.190
       1690 14.08333333333    6.64264   339.92744       0                 0.053
       1691 14.09166666667    6.86189   339.87224       0                 0.049
       1692 14.10000000000    7.08098   339.81600       0                -0.057
       1693 14.10833333333    7.29993   339.75872       0                -0.074
       1694 14.11666666667    7.51871   339.70038       0                -0.237
       1695 14.12500000000    7.73734   339.64100       0                -0.641
       1696 14.13333333333    7.95579   339.58054       0                -0.841
       1697 14.14166666667    8.17409   339.51903       0                -0.950
       1698 14.15000000000    8.39220   339.45643       0                -1.148
       1699 14.15833333333    8.61015   339.39276       0                -1.256
       1700 14.16666666667    8.82791   339.32801       0                -1.291
       1701 14.17500000000    9.04549   339.26216       0                -1.473
       1702 14.18333333333    9.26289   339.19521       0                -1.630
       1703 14.19166666667    9.48010   339.12716       0                -1.725
       1704 14.20000000000    9.69711   339.05800       0                -1.892
       1705 14.20833333333    9.91393   338.98772       0                -2.106
       1706 14.21666666667   10.13054   338.91632       0                -2.089
       1707 14.22500000000   10.34695   338.84379       0                -2.212
       1708 14.23333333333   10.56316   338.77013       0                -2.361
       1709 14.24166666667   10.77915   338.69531       0                -2.437
       1710 14.25000000000   10.99492   338.61935       0                -2.617
       1711 14.25833333333   11.21048   338.54224       0                -2.645
       1712 14.26666666667   11.42581   338.46396       0                -2.541
       1713 14.27500000000   11.64091   338.38450       0                -2.617
       1714 14.28333333333   11.85578   338.30387       0                -2.654
       1715 14.29166666667   12.07042   338.22206       0                -2.725
       1716 14.30000000000   12.28482   338.13905       0                -2.752
       1717 14.30833333333   12.49897   338.05484       0                -2.755
       1718 14.31666666667   12.71288   337.96943       0                -2.741
       1719 14.32500000000   12.92653   337.88280       0                -2.803
       1720 14.33333333333   13.13993   337.79494       0                -2.945
       1721 14.34166666667   13.35306   337.70586       0                -3.128
       1722 14.35000000000   13.56593   337.61554       0                -3.278
       1723 14.35833333333   13.77853   337.52397       0                -3.368
       1724 14.36666666667   13.99086   337.43115       0                -3.188
       1725 14.37500000000   14.20291   337.33707       0                -3.277
       1726 14.38333333333   14.41468   337.24172       0                -3.101
       1727 14.39166666667   14.62615   337.14509       0                -3.300
       1728 14.40000000000   14.83734   337.04718       0                -3.348
       1729 14.40833333333   15.04823   336.94797       0                -3.423
       1730 14.41666666667   15.25881   336.84745       0                -3.502
       1731 14.42500000000   15.46909   336.74563       0                -3.525
       1732 14.43333333333   15.67906   336.64249       0                -3.595
       1733 14.44166666667   15.88871   336.53802       0                -3.693
       1734 14.45000000000   16.09803   336.43221       0                -3.703
       1735 14.45833333333   16.30704   336.32506       0                -3.740
       1736 14.46666666667   16.51570   336.21655       0                -3.810
       1737 14.47500000000   16.72403   336.10668       0                -3.877
       1738 14.48333333333   16.93202   335.99544       0                -3.861
       1739 14.49166666667   17.13966   335.88281       0                -3.891
       1740 14.50000000000   17.34695   335.76880       0                -4.070
       1741 14.50833333333   17.53445   335.65793       0                -4.091
       1742 14.51666666667   17.74065   335.54074       0                -4.243
       1743 14.52500000000   17.94635   335.42217       0                -4.387
       1744 14.53333333333   18.15153   335.30220       0                -4.213
       1745 14.54166666667   18.35620   335.18084       0                -4.194
       1746 14.55000000000   18.56034   335.05807       0                -4.121
       1747 14.55833333333   18.76395   334.93388       0                -4.054
       1748 14.56666666667   18.96702   334.80827       0                -4.024
       1749 14.57500000000   19.16954   334.68122       0                -4.135
       1750 14.58333333333   19.37150   334.55273       0                -4.039
       1751 14.59166666667   19.57290   334.42280       0                -4.032
       1752 14.60000000000   19.77373   334.29140       0                -4.180
       1753 14.60833333333   19.97399   334.15854       0                -4.285
       1754 14.61666666667   20.17365   334.02420       0                -4.205
       1755 14.62500000000   20.37272   333.88838       0                -4.215
       1756 14.63333333333   20.57119   333.75106       0                -4.186
       1757 14.64166666667   20.76905   333.61224       0                -4.210
       1758 14.65000000000   20.96630   333.47192       0                -4.297
       1759 14.65833333333   21.16291   333.33007       0                -4.285
       1760 14.66666666667   21.35889   333.18670       0                -4.427
       1761 14.67500000000   21.55423   333.04179       0                -4.467
       1762 14.68333333333   21.74891   332.89533       0                -4.604
       1763 14.69166666667   21.94294   332.74732       0                -4.882
       1764 14.70000000000   22.13629   332.59775       0                -4.727
       1765 14.70833333333   22.32897   332.44661       0                -4.653
       1766 14.71666666667   22.52096   332.29389       0                -5.056
       1767 14.72500000000   22.71226   332.13958       0                -5.104
       1768 14.73333333333   22.90285   331.98368       0                -5.239
       1769 14.74166666667   23.09273   331.82617       0                -5.202
       1770 14.75000000000   23.28189   331.66705       0                -5.116
       1771 14.75833333333   23.47031   331.50630       0                -5.166
       1772 14.76666666667   23.65799   331.34392       0                -5.295
       1773 14.77500000000   23.84492   331.17991       0                -5.357
       1774 14.78333333333   24.03109   331.01425       0                -5.510
       1775 14.79166666667   24.21649   330.84693       0                -5.603
       1776 14.80000000000   24.40111   330.67795       0                -5.571
       1777 14.80833333333   24.58494   330.50729       0                -5.368
       1778 14.81666666667   24.76796   330.33496       0                -5.449
       1779 14.82500000000   24.95018   330.16093       0                -5.487
       1780 14.83333333333   25.13158   329.98521       0                -5.212
       1781 14.84166666667   25.31214   329.80779       0                -4.941
       1782 14.85000000000   25.49187   329.62865       0                -5.169
       1783 14.85833333333   25.67074   329.44780       0                -5.452
       1784 14.86666666667   25.84875   329.26521       0                -5.348
       1785 14.87500000000   26.02588   329.08089       0                -5.275
       1786 14.88333333333   26.20213   328.89483       0                -5.129
       1787 14.89166666667   26.37749   328.70702       0                -5.036
       1788 14.90000000000   26.55194   328.51745       0                -5.085
       1789 14.90833333333   26.72547   328.32611       0                -4.995
       1790 14.91666666667   26.89807   328.13301       0                -5.088
       1791 14.92500000000   27.06973   327.93812       0                -5.035
       1792 14.93333333333   27.24044   327.74145       0                -5.047
       1793 14.94166666667   27.41018   327.54299       0                -4.804
       1794 14.95000000000   27.57895   327.34273       0                -4.934
       1795 14.95833333333   27.74673   327.14066       0                -5.055
       1796 14.96666666667   27.91351   326.93679       0                -5.350
       1797 14.97500000000   28.07928   326.73109       0                -5.543
       1798 14.98333333333   28.24402   326.52358       0                -5.499
       1799 14.99166666667   28.40773   326.31424       0                -5.327
       1800 15.00000000000   28.57039   326.10306       0                -5.369
       1801 15.00833333333   28.71736   325.91146       0                -5.283
       1802 15.01666666667   28.87744   325.69656       0                -5.441
       1803 15.02500000000   29.03633   325.47996       0                -5.408
       1804 15.03333333333   29.19403   325.26166       0                -5.467
       1805 15.04166666667   29.35052   325.04166       0                -5.461
       1806 15.05000000000   29.50579   324.81995       0                -5.456
       1807 15.05833333333   29.65983   324.59654       0                -5.435
       1808 15.06666666667   29.81262   324.37141       0                -5.448
       1809 15.07500000000   29.96415   324.14457       0                -5.478
       1810 15.08333333333   30.11441   323.91602       0                -5.541
       1811 15.09166666667   30.26339   323.68576       0                -5.475
       1812 15.10000000000   30.41107   323.45378       0                -5.380
       1813 15.10833333333   30.55744   323.22009       0                -5.393
       1814 15.11666666667   30.70248   322.98468       0                -4.938
       1815 15.12500000000   30.84620   322.74756       0                -4.888
       1816 15.13333333333   30.98856   322.50872       0                -4.642
       1817 15.14166666667   31.12957   322.26817       0                -4.802
       1818 15.15000000000   31.26920   322.02591       0                -4.716
       1819 15.15833333333   31.40744   321.78193       0                -4.651
       1820 15.16666666667   31.54428   321.53625       0                -4.779
       1821 15.17500000000   31.67971   321.28886       0                -4.823
       1822 15.18333333333   31.81372   321.03976       0                -4.727
       1823 15.19166666667   31.94628   320.78896       0                -4.792
       1824 15.20000000000   32.07739   320.53647       0                -4.731
       1825 15.20833333333   32.20703   320.28227       0                -4.598
       1826 15.21666666667   32.33519   320.02639       0                -4.482
       1827 15.22500000000   32.46187   319.76882       0                -4.702
       1828 15.23333333333   32.58703   319.50957       0                -4.877
       1829 15.24166666667   32.71067   319.24864       0                -4.925
       1830 15.25000000000   32.83279   318.98604       0                -5.026
       1831 15.25833333333   32.95335   318.72178       0                -4.858
       1832 15.26666666667   33.07236   318.45586       0                -4.804
       1833 15.27500000000   33.18979   318.18829       0                -4.841
       1834 15.28333333333   33.30564   317.91907       0                -4.751
       1835 15.29166666667   33.41989   317.64822       0                -4.625
       1836 15.30000000000   33.53253   317.37574       0                -4.626
       1837 15.30833333333   33.64354   317.10164       0                -4.676
       1838 15.31666666667   33.75291   316.82593       0                -4.700
       1839 15.32500000000   33.86063   316.54863       0                -4.577
       1840 15.33333333333   33.96668   316.26973       0                -4.524
       1841 15.34166666667   34.07105   315.98925       0                -4.523
       1842 15.35000000000   34.17374   315.70721       0                -4.571
       1843 15.35833333333   34.27472   315.42361       0                -4.447
       1844 15.36666666667   34.37398   315.13847       0                -4.407
       1845 15.37500000000   34.47151   314.85179       0                -4.335
       1846 15.38333333333   34.56730   314.56360       0                -4.404
       1847 15.39166666667   34.66133   314.27390       0                -4.412
       1848 15.40000000000   34.75360   313.98271       0                -4.462
       1849 15.40833333333   34.84408   313.69005       0                -4.474
       1850 15.41666666667   34.93277   313.39593       0                -4.475
       1851 15.42500000000   35.01966   313.10036       0                -4.416
       1852 15.43333333333   35.10473   312.80336       0                -4.456
       1853 15.44166666667   35.18796   312.50496       0                -4.346
       1854 15.45000000000   35.26936   312.20516       0                -4.105
       1855 15.45833333333   35.34890   311.90398       0                -4.110
       1856 15.46666666667   35.42658   311.60144       0                -4.052
       1857 15.47500000000   35.50238   311.29757       0                -3.906
       1858 15.48333333333   35.57629   310.99238       0                -3.993
       1859 15.49166666667   35.64829   310.68588       0                -4.033
       1860 15.50000000000   35.71839   310.37811       0                -4.036
       1861 15.50833333333   35.78814   310.09816       0                -4.122
       1862 15.51666666667   35.85402   309.78812       0                -4.199
       1863 15.52500000000   35.91797   309.47706       0                -4.207
       1864 15.53333333333   35.97999   309.16500       0                -4.261
       1865 15.54166666667   36.04006   308.85197       0                -4.310
       1866 15.55000000000   36.09818   308.53798       0                -4.412
       1867 15.55833333333   36.15433   308.22307       0                -4.313
       1868 15.56666666667   36.20852   307.90724       0                -4.206
       1869 15.57500000000   36.26073   307.59053       0                -4.311
       1870 15.58333333333   36.31095   307.27295       0                -4.235
       1871 15.59166666667   36.35918   306.95454       0                -4.157
       1872 15.60000000000   36.40541   306.63532       0                -4.312
       1873 15.60833333333   36.44964   306.31530       0                -4.336
       1874 15.61666666667   36.49185   305.99452       0                -4.315
       1875 15.62500000000   36.53204   305.67300       0                -4.496
       1876 15.63333333333   36.57021   305.35077       0                -4.538
       1877 15.64166666667   36.60634   305.02784       0                -4.427
       1878 15.65000000000   36.64044   304.70426       0                -4.449
       1879 15.65833333333   36.67249   304.38004       0                -4.450
       1880 15.66666666667   36.70250   304.05522       0                -4.499
       1881 15.67500000000   36.73045   303.72981       0                -4.473
       1882 15.68333333333   36.75634   303.40385       0                -4.576
       1883 15.69166666667   36.78017   303.07736       0                -4.730
       1884 15.70000000000   36.80194   302.75037       0                -4.816
       1885 15.70833333333   36.82163   302.42291       0                -4.715
       1886 15.71666666667   36.83925   302.09501       0                -4.633
       1887 15.72500000000   36.85478   301.76670       0                -4.585
       1888 15.73333333333   36.86824   301.43800       0                -4.404
       1889 15.74166666667   36.87961   301.10894       0                -4.345
       1890 15.75000000000   36.88890   300.77956       0                -4.252
       1891 15.75833333333   36.89609   300.44988       0                -4.252
       1892 15.76666666667   36.90119   300.11993       0                -4.165
       1893 15.77500000000   36.90420   299.78974       0                -4.025
       1894 15.78333333333   36.90511   299.45934       0                -3.826
       1895 15.79166666667   36.90392   299.12876       0                -3.874
       1896 15.80000000000   36.90064   298.79802       0                -3.647
       1897 15.80833333333   36.89525   298.46717       0                -3.516
       1898 15.81666666667   36.88777   298.13623       0                -3.604
       1899 15.82500000000   36.87819   297.80523       0                -3.662
       1900 15.83333333333   36.86650   297.47419       0                -3.776
       1901 15.84166666667   36.85272   297.14316       0                -3.796
       1902 15.85000000000   36.83684   296.81215       0                -3.753
       1903 15.85833333333   36.81886   296.48120       0                -3.756
       1904 15.86666666667   36.79878   296.15035       0                -3.852
       1905 15.87500000000   36.77661   295.81961       0                -3.952
       1906 15.88333333333   36.75235   295.48901       0                -3.848
       1907 15.89166666667   36.72599   295.15860       0                -3.815
       1908 15.90000000000   36.69755   294.82839       0                -3.815
       1909 15.90833333333   36.66702   294.49843       0                -3.926
       1910 15.91666666667   36.63441   294.16873       0                -3.822
       1911 15.92500000000   36.59972   293.83932       0                -3.911
       1912 15.93333333333   36.56295   293.51024       0                -3.905
       1913 15.94166666667   36.52411   293.18152       0                -3.947
       1914 15.95000000000   36.48320   292.85317       0                -3.910
       1915 15.95833333333   36.44023   292.52524       0                -3.946
       1916 15.96666666667   36.39520   292.19775       0                -3.877
       1917 15.97500000000   36.34811   291.87073       0                -3.764
       1918 15.98333333333   36.29898   291.54421       0                -3.732
       1919 15.99166666667   36.24780   291.21821       0                -3.625
       1920 16.00000000000   36.19459   290.89276       0                -3.468
       1921 16.00833333333   36.15861   290.58215       0                -3.439
       1922 16.01666666667   36.10113   290.25813       0                -3.461
       1923 16.02500000000   36.04176   289.93484       0                -3.396
       1924 16.03333333333   35.98051   289.61229       0                -3.410
       1925 16.04166666667   35.91739   289.29051       0                -3.452
       1926 16.05000000000   35.85240   288.96952       0                -3.489
       1927 16.05833333333   35.78556   288.64933       0                -3.560
       1928 16.06666666667   35.71687   288.32997       0                -3.575
       1929 16.07500000000   35.64634   288.01146       0                -3.620
       1930 16.08333333333   35.57397   287.69382       0                -3.544
       1931 16.09166666667   35.49978   287.37706       0                -3.547
       1932 16.10000000000   35.42378   287.06121       0                -3.464
       1933 16.10833333333   35.34597   286.74629       0                -3.503
       1934 16.11666666667   35.26635   286.43231       0                -3.465
       1935 16.12500000000   35.18495   286.11929       0                -3.373
       1936 16.13333333333   35.10177   285.80725       0                -3.349
       1937 16.14166666667   35.01682   285.49621       0                -3.293
       1938 16.15000000000   34.93010   285.18618       0                -3.267
       1939 16.15833333333   34.84163   284.87719       0                -3.304
       1940 16.16666666667   34.75142   284.56924       0                -3.283
       1941 16.17500000000   34.65948   284.26236       0                -3.268
       1942 16.18333333333   34.56581   283.95655       0                -3.238
       1943 16.19166666667   34.47043   283.65185       0                -3.137
       1944 16.20000000000   34.37335   283.34825       0                -3.092
       1945 16.20833333333   34.27458   283.04577       0                -3.038
       1946 16.21666666667   34.17413   282.74444       0                -3.019
       1947 16.22500000000   34.07200   282.44425       0                -2.999
       1948 16.23333333333   33.96822   282.14524       0                -2.913
       1949 16.24166666667   33.86278   281.84740       0                -2.987
       1950 16.25000000000   33.75571   281.55076       0                -2.887
       1951 16.25833333333   33.64701   281.25531       0                -2.792
       1952 16.26666666667   33.53670   280.96109       0                -2.727
       1953 16.27500000000   33.42478   280.66809       0                -2.690
       1954 16.28333333333   33.31127   280.37634       0                -2.615
       1955 16.29166666667   33.19618   280.08583       0                -2.579
       1956 16.30000000000   33.07952   279.79659       0                -2.600
       1957 16.30833333333   32.96130   279.50861       0                -2.523
       1958 16.31666666667   32.84153   279.22192       0                -2.465
       1959 16.32500000000   32.72023   278.93652       0                -2.317
       1960 16.33333333333   32.59741   278.65241       0                -2.202
       1961 16.34166666667   32.47308   278.36962       0                -2.120
       1962 16.35000000000   32.34725   278.08814       0                -2.015
       1963 16.35833333333   32.21993   277.80799       0                -1.989
       1964 16.36666666667   32.09114   277.52917       0                -1.852
       1965 16.37500000000   31.96089   277.25170       0                -1.777
       1966 16.38333333333   31.82919   276.97557       0                -1.745
       1967 16.39166666667   31.69605   276.70079       0                -1.656
       1968 16.40000000000   31.56149   276.42737       0                -1.567
       1969 16.40833333333   31.42552   276.15533       0                -1.575
       1970 16.41666666667   31.28814   275.88465       0                -1.535
       1971 16.42500000000   31.14939   275.61535       0                -1.445
       1972 16.43333333333   31.00925   275.34744       0                -1.377
       1973 16.44166666667   30.86776   275.08091       0                -1.330
       1974 16.45000000000   30.72492   274.81578       0                -1.253
       1975 16.45833333333   30.58074   274.55204       0                -1.213
       1976 16.46666666667   30.43524   274.28970       0                -1.172
       1977 16.47500000000   30.28843   274.02877       0                -1.099
       1978 16.48333333333   30.14033   273.76925       0                -1.046
       1979 16.49166666667   29.99093   273.51114       0                -0.866
       1980 16.50000000000   29.84027   273.25444       0                -0.819
       1981 16.50833333333   29.71453   272.98798       0                -0.769
       1982 16.51666666667   29.56126   272.73426       0                -0.593
       1983 16.52500000000   29.40693   272.48188       0                -0.533
       1984 16.53333333333   29.25155   272.23084       0                -0.440
       1985 16.54166666667   29.09513   271.98114       0                -0.324
       1986 16.55000000000   28.93768   271.73276       0                -0.233
       1987 16.55833333333   28.77922   271.48572       0                -0.155
       1988 16.56666666667   28.61975   271.24001       0                -0.090
       1989 16.57500000000   28.45928   270.99563       0                 0.081
       1990 16.58333333333   28.29783   270.75257       0                 0.089
       1991 16.59166666667   28.13540   270.51084       0                 0.188
       1992 16.60000000000   27.97201   270.27042       0                 0.341
       1993 16.60833333333   27.80766   270.03133       0                 0.326
       1994 16.61666666667   27.64237   269.79355       0                 0.453
       1995 16.62500000000   27.47615   269.55707       0                 0.633
       1996 16.63333333333   27.30900   269.32191       0                 0.724
       1997 16.64166666667   27.14094   269.08805       0                 0.817
       1998 16.65000000000   26.97198   268.85549       0                 0.940
       1999 16.65833333333   26.80213   268.62424       0                 1.113
       2000 16.66666666667   26.63139   268.39427       0                 1.223
       2001 16.67500000000   26.45978   268.16560       0                 1.297
       2002 16.68333333333   26.28731   267.93821       0                 1.487
       2003 16.69166666667   26.11398   267.71210       0                 1.620
       2004 16.70000000000   25.93982   267.48727       0                 1.672
       2005 16.70833333333   25.76482   267.26372       0                 1.880
       2006 16.71666666667   25.58900   267.04144       0                 2.012
       2007 16.72500000000   25.41236   266.82042       0                 2.112
       2008 16.73333333333   25.23493   266.60066       0                 2.276
       2009 16.74166666667   25.05670   266.38216       0                 2.441
       2010 16.75000000000   24.87769   266.16492       0                 2.567
       2011 16.75833333333   24.69790   265.94892       0                 2.695
       2012 16.76666666667   24.51735   265.73416       0                 2.767
       2013 16.77500000000   24.33605   265.52064       0                 2.993
       2014 16.78333333333   24.15400   265.30835       0                 3.188
       2015 16.79166666667   23.97122   265.09730       0                 3.285
       2016 16.80000000000   23.78771   264.88746       0                 3.448
       2017 16.80833333333   23.60349   264.67885       0                 3.677
       2018 16.81666666667   23.41856   264.47144       0                 3.764
       2019 16.82500000000   23.23293   264.26525       0                 3.885
       2020 16.83333333333   23.04661   264.06025       0                 4.091
       2021 16.84166666667   22.85962   263.85646       0                 4.275
       2022 16.85000000000   22.67195   263.65385       0                 4.378
       2023 16.85833333333   22.48363   263.45244       0                 4.592
       2024 16.86666666667   22.29465   263.25220       0                 4.783
       2025 16.87500000000   22.10503   263.05314       0                 4.957
       2026 16.88333333333   21.91478   262.85525       0                 5.223
       2027 16.89166666667   21.72390   262.65853       0                 5.407
       2028 16.90000000000   21.53241   262.46296       0                 5.566
       2029 16.90833333333   21.34031   262.26855       0                 5.777
       2030 16.91666666667   21.14761   262.07529       0                 6.048
       2031 16.92500000000   20.95432   261.88317       0                 6.247
       2032 16.93333333333   20.76046   261.69219       0                 6.398
       2033 16.94166666667   20.56602   261.50234       0                 6.628
       2034 16.95000000000   20.37102   261.31361       0                 6.874
       2035 16.95833333333   20.17546   261.12601       0                 7.060
       2036 16.96666666667   19.97936   260.93951       0                 7.259
       2037 16.97500000000   19.78272   260.75413       0                 7.390
       2038 16.98333333333   19.58555   260.56985       0                 7.612
       2039 16.99166666667   19.38786   260.38667       0                 7.850
       2040 17.00000000000   19.18965   260.20458       0                 8.090
       2041 17.00833333333   19.01567   259.99556       0                 8.299
       2042 17.01666666667   18.81645   259.81559       0                 8.501
       2043 17.02500000000   18.61689   259.63651       0                 8.703
       2044 17.03333333333   18.41701   259.45831       0                 9.033
       2045 17.04166666667   18.21682   259.28098       0                 9.393
       2046 17.05000000000   18.01632   259.10451       0                 9.672
       2047 17.05833333333   17.81551   258.92889       0                 9.781
       2048 17.06666666667   17.61440   258.75413       0                 9.970
       2049 17.07500000000   17.41300   258.58021       0                10.356
       2050 17.08333333333   17.21131   258.40714       0                10.747
       2051 17.09166666667   17.00934   258.23489       0                11.039
       2052 17.10000000000   16.80709   258.06347       0                11.268
       2053 17.10833333333   16.60456   257.89287       0                11.590
       2054 17.11666666667   16.40177   257.72308       0                12.127
       2055 17.12500000000   16.19872   257.55410       0                12.612
       2056 17.13333333333   15.99541   257.38593       0                13.067
       2057 17.14166666667   15.79185   257.21854       0                13.476
       2058 17.15000000000   15.58804   257.05195       0                13.913
       2059 17.15833333333   15.38398   256.88615       0                14.379
       2060 17.16666666667   15.17970   256.72112       0                14.775
       2061 17.17500000000   14.97518   256.55686       0                15.193
       2062 17.18333333333   14.77043   256.39337       0                15.654
       2063 17.19166666667   14.56546   256.23064       0                16.295
       2064 17.20000000000   14.36027   256.06867       0                16.667
       2065 17.20833333333   14.15488   255.90745       0                16.970
       2066 17.21666666667   13.94927   255.74697       0                17.385
       2067 17.22500000000   13.74346   255.58722       0                17.988
       2068 17.23333333333   13.53745   255.42821       0                18.544
       2069 17.24166666667   13.33125   255.26993       0                18.992
       2070 17.25000000000   13.12486   255.11237       0                19.082
       2071 17.25833333333   12.91829   254.95552       0                19.365
       2072 17.26666666667   12.71154   254.79939       0                19.797
       2073 17.27500000000   12.50461   254.64396       0                20.357
       2074 17.28333333333   12.29751   254.48923       0                20.908
       2075 17.29166666667   12.09024   254.33520       0                21.433
       2076 17.30000000000   11.88281   254.18185       0                21.933
       2077 17.30833333333   11.67523   254.02919       0                22.367
       2078 17.31666666667   11.46749   253.87720       0                22.806
       2079 17.32500000000   11.25960   253.72589       0                23.281
       2080 17.33333333333   11.05157   253.57525       0                23.856
       2081 17.34166666667   10.84340   253.42527       0                24.303
       2082 17.35000000000   10.63509   253.27595       0                24.798
       2083 17.35833333333   10.42665   253.12729       0                25.316
       2084 17.36666666667   10.21808   252.97927       0                25.862
       2085 17.37500000000   10.00938   252.83189       0                26.372
       2086 17.38333333333    9.80057   252.68515       0                26.811
       2087 17.39166666667    9.59164   252.53905       0                27.230
       2088 17.40000000000    9.38260   252.39357       0                27.725
       2089 17.40833333333    9.17345   252.24872       0                28.237
       2090 17.41666666667    8.96419   252.10448       0                28.777
       2091 17.42500000000    8.75484   251.96086       0                29.317
       2092 17.43333333333    8.54539   251.81785       0                29.904
       2093 17.44166666667    8.33584   251.67544       0                30.558
       2094 17.45000000000    8.12621   251.53363       0                31.258
       2095 17.45833333333    7.91649   251.39242       0                31.860
       2096 17.46666666667    7.70669   251.25180       0                32.419
       2097 17.47500000000    7.49681   251.11176       0                32.887
       2098 17.48333333333    7.28686   250.97230       0                33.300
       2099 17.49166666667    7.07684   250.83342       0                33.762
       2100 17.50000000000    6.86674   250.69512       0                34.299
       2101 17.50833333333    6.67924   250.52342       0                34.946
       2102 17.51666666667    6.46908   250.38600       0                35.581
       2103 17.52500000000    6.25900   250.24890       0                36.315
       2104 17.53333333333    6.04902   250.11213       0                37.074
       2105 17.54166666667    5.83914   249.97569       0                37.724
       2106 17.55000000000    5.62935   249.83956       0                38.482
       2107 17.55833333333    5.41965   249.70375       0                39.294
       2108 17.56666666667    5.21006   249.56825       0                40.129
       2109 17.57500000000    5.00057   249.43305       0                40.978
       2749 22.90833333333    5.29893   144.94506       0                 7.562
       2750 22.91666666667    5.53262   144.86051       0                 7.205
       2751 22.92500000000    5.76667   144.77599       0                 6.729
       2752 22.93333333333    6.00111   144.69150       0                 6.038
       2753 22.94166666667    6.23592   144.60704       0                 5.180
       2754 22.95000000000    6.47110   144.52260       0                 4.649
       2755 22.95833333333    6.70666   144.43819       0                 4.207
       2756 22.96666666667    6.94259   144.35379       0                 3.774
       2757 22.97500000000    7.17890   144.26941       0                 3.411
       2758 22.98333333333    7.41558   144.18505       0                 2.808
       2759 22.99166666667    7.65264   144.10070       0                 2.148
       2760 23.00000000000    7.89007   144.01636       0                 1.441
       2761 23.00833333333    8.11028   143.89330       0                 0.863
       2762 23.01666666667    8.34817   143.80865       0                 0.328
       2763 23.02500000000    8.58631   143.72374       0                -0.148
       2764 23.03333333333    8.82471   143.63857       0                -0.864
       2765 23.04166666667    9.06336   143.55313       0                -1.656
       2766 23.05000000000    9.30228   143.46743       0                -2.324
       2767 23.05833333333    9.54144   143.38144       0                -2.924
       2768 23.06666666667    9.78087   143.29518       0                -3.666
       2769 23.07500000000   10.02054   143.20864       0                -4.300
       2770 23.08333333333   10.26048   143.12182       0                -4.615
       2771 23.09166666667   10.50066   143.03470       0                -4.998
       2772 23.10000000000   10.74109   142.94729       0                -5.480
       2773 23.10833333333   10.98178   142.85958       0                -5.901
       2774 23.11666666667   11.22272   142.77157       0                -6.141
       2775 23.12500000000   11.46390   142.68325       0                -6.276
       2776 23.13333333333   11.70533   142.59463       0                -6.588
       2777 23.14166666667   11.94701   142.50568       0                -6.913
       2778 23.15000000000   12.18894   142.41642       0                -7.052
       2779 23.15833333333   12.43111   142.32684       0                -7.336
       2780 23.16666666667   12.67352   142.23693       0                -7.647
       2781 23.17500000000   12.91618   142.14669       0                -7.988
       2782 23.18333333333   13.15908   142.05611       0                -8.247
       2783 23.19166666667   13.40222   141.96519       0                -8.434
       2784 23.20000000000   13.64560   141.87392       0                -8.684
       2785 23.20833333333   13.88922   141.78231       0                -8.879
       2786 23.21666666667   14.13307   141.69034       0                -9.085
       2787 23.22500000000   14.37716   141.59801       0                -9.168
       2788 23.23333333333   14.62149   141.50532       0                -9.330
       2789 23.24166666667   14.86604   141.41225       0                -9.473
       2790 23.25000000000   15.11083   141.31882       0                -9.597
       2791 23.25833333333   15.35585   141.22500       0                -9.650
       2792 23.26666666667   15.60110   141.13080       0                -9.762
       2793 23.27500000000   15.84657   141.03621       0                -9.844
       2794 23.28333333333   16.09227   140.94123       0                -9.870
       2795 23.29166666667   16.33820   140.84584       0                -9.872
       2796 23.30000000000   16.58435   140.75006       0                -9.876
       2797 23.30833333333   16.83071   140.65386       0                -9.836
       2798 23.31666666667   17.07730   140.55725       0                -9.852
       2799 23.32500000000   17.32411   140.46021       0                -9.801
       2800 23.33333333333   17.57113   140.36275       0                -9.842
       2801 23.34166666667   17.81837   140.26486       0                -9.976
       2802 23.35000000000   18.06582   140.16653       0                -9.970
       2803 23.35833333333   18.31348   140.06775       0                -9.970
       2804 23.36666666667   18.56135   139.96853       0               -10.064
       2805 23.37500000000   18.80942   139.86885       0               -10.201
       2806 23.38333333333   19.05771   139.76871       0               -10.415
       2807 23.39166666667   19.30619   139.66810       0               -10.657
       2808 23.40000000000   19.55488   139.56702       0               -10.892
       2809 23.40833333333   19.80377   139.46546       0               -11.127
       2810 23.41666666667   20.05285   139.36341       0               -11.464
       2811 23.42500000000   20.30213   139.26087       0               -11.791
       2812 23.43333333333   20.55161   139.15783       0               -12.137
       2813 23.44166666667   20.80127   139.05429       0               -12.555
       2814 23.45000000000   21.05113   138.95023       0               -12.947
       2815 23.45833333333   21.30117   138.84566       0               -13.300
       2816 23.46666666667   21.55140   138.74055       0               -13.767
       2817 23.47500000000   21.80181   138.63492       0               -14.128
       2818 23.48333333333   22.05240   138.52874       0               -14.578
       2819 23.49166666667   22.30317   138.42202       0               -14.917
       2820 23.50000000000   22.55412   138.31475       0               -15.306
       2821 23.50833333333   22.79609   138.15864       0               -15.740
       2822 23.51666666667   23.04703   138.04957       0               -16.126
       2823 23.52500000000   23.29803   137.93962       0               -16.488
       2824 23.53333333333   23.54908   137.82878       0               -16.896
       2825 23.54166666667   23.80016   137.71704       0               -17.291
       2826 23.55000000000   24.05129   137.60439       0               -17.659
       2827 23.55833333333   24.30245   137.49082       0               -18.037
       2828 23.56666666667   24.55365   137.37632       0               -18.494
       2829 23.57500000000   24.80486   137.26088       0               -19.020
       2830 23.58333333333   25.05610   137.14449       0               -19.572
       2831 23.59166666667   25.30736   137.02714       0               -20.041
       2832 23.60000000000   25.55863   136.90882       0               -20.399
       2833 23.60833333333   25.80990   136.78951       0               -20.723
       2834 23.61666666667   26.06118   136.66921       0               -21.082
       2835 23.62500000000   26.31245   136.54790       0               -21.447
       2836 23.63333333333   26.56372   136.42557       0               -21.826
       2837 23.64166666667   26.81498   136.30222       0               -22.165
       2838 23.65000000000   27.06621   136.17782       0               -22.501
       2839 23.65833333333   27.31743   136.05237       0               -22.925
       2840 23.66666666667   27.56861   135.92586       0               -23.398
       2841 23.67500000000   27.81976   135.79827       0               -23.804
       2842 23.68333333333   28.07087   135.66959       0               -24.256
       2843 23.69166666667   28.32194   135.53980       0               -24.739
       2844 23.70000000000   28.57296   135.40890       0               -25.209
       2845 23.70833333333   28.82392   135.27687       0               -25.691
       2846 23.71666666667   29.07482   135.14370       0               -25.967
       2847 23.72500000000   29.32565   135.00937       0               -26.233
       2848 23.73333333333   29.57641   134.87387       0               -26.642
       2849 23.74166666667   29.82709   134.73719       0               -27.221
       2850 23.75000000000   30.06933   134.60393       0               -28.020
       2851 23.75833333333   30.32819   134.46022       0               -28.768
       2852 23.76666666667   30.57859   134.31991       0               -29.407
       2853 23.77500000000   30.82890   134.17835       0               -29.943
       2854 23.78333333333   31.07909   134.03554       0               -30.488
       2855 23.79166666667   31.32916   133.89145       0               -31.196
       2856 23.80000000000   31.57911   133.74608       0               -32.099
       2857 23.80833333333   31.82894   133.59941       0               -32.903
       2858 23.81666666667   32.07862   133.45142       0               -33.484
       2859 23.82500000000   32.32817   133.30209       0               -34.389
       2860 23.83333333333   32.57756   133.15142       0               -35.152
       2861 23.84166666667   32.82679   132.99938       0               -35.843
       2862 23.85000000000   33.07586   132.84596       0               -36.684
       2863 23.85833333333   33.32476   132.69113       0               -37.447
       2864 23.86666666667   33.57348   132.53489       0               -38.230
       2865 23.87500000000   33.82202   132.37721       0               -39.127
       2866 23.88333333333   34.07036   132.21809       0               -40.079
       2867 23.89166666667   34.31850   132.05749       0               -40.834
       2868 23.90000000000   34.56643   131.89540       0               -41.581
       2869 23.90833333333   34.81415   131.73180       0               -42.201
       2870 23.91666666667   35.06164   131.56668       0               -42.734
       2871 23.92500000000   35.30889   131.40001       0               -43.367
       2872 23.93333333333   35.55591   131.23178       0               -44.036
       2873 23.94166666667   35.80268   131.06197       0               -44.702
       2874 23.95000000000   36.04919   130.89055       0               -45.496
       2875 23.95833333333   36.29544   130.71750       0               -46.146
       2876 23.96666666667   36.54141   130.54282       0               -46.601
       2877 23.97500000000   36.78710   130.36646       0               -47.070
       2878 23.98333333333   37.03250   130.18843       0               -47.353
       2879 23.99166666667   37.27760   130.00868       0               -47.548
