# Created on 2018-12-12 16:17:49 
# Sources: d:\gpsother\tec-suite\in\2015\abcd0770.15d.Z, d:\gpsother\tec-suite\in\2015\brdc0770.15n.Z
# Satellite: G09
# Interval: 30.0
# Sampling interval: 0.0 (not used).
# Site: abcd
# Position (L, B, H): 253.601641965, 52.1962622634, 578.574894483
# Position (X, Y, Z): -1106129.71, -3758704.03, 5016675.77
# datetime format: %Y-%m-%dT%H:%M:%S
# Columns: tsn, hour, el, az, validity, tec.l1l2
# (I11,1X,F14.11,1X,F10.5,1X,F11.5,1X,I7,1X,F21.3)
          0  0.00000000000   31.96894   179.91281       0                59.023
          1  0.00833333333   31.73349   179.88494       0                59.941
          2  0.01666666667   31.49823   179.85737       0                61.177
          3  0.02500000000   31.26315   179.83011       0                62.848
          4  0.03333333333   31.02825   179.80314       0                63.384
          5  0.04166666667   30.79353   179.77646       0                63.270
          6  0.05000000000   30.55900   179.75006       0                63.036
          7  0.05833333333   30.32465   179.72392       0                62.747
          8  0.06666666667   30.09050   179.69806       0                62.011
          9  0.07500000000   29.85653   179.67245       0                61.089
         10  0.08333333333   29.62276   179.64709       0                59.583
         11  0.09166666667   29.38919   179.62197       0                59.057
         12  0.10000000000   29.15581   179.59709       0                59.172
         13  0.10833333333   28.92262   179.57243       0                59.096
         14  0.11666666667   28.68964   179.54800       0                59.180
         15  0.12500000000   28.45685   179.52377       0                59.422
         16  0.13333333333   28.22427   179.49976       0                60.084
         17  0.14166666667   27.99190   179.47595       0                62.279
         18  0.15000000000   27.75973   179.45233       0                63.322
         19  0.15833333333   27.52776   179.42890       0                64.363
         20  0.16666666667   27.29600   179.40564       0                63.853
         21  0.17500000000   27.06446   179.38257       0                63.882
         22  0.18333333333   26.83312   179.35966       0                63.649
         23  0.19166666667   26.60200   179.33691       0                62.533
         24  0.20000000000   26.37109   179.31432       0                62.469
         25  0.20833333333   26.14040   179.29188       0                62.561
         26  0.21666666667   25.90993   179.26958       0                62.784
         27  0.22500000000   25.67967   179.24742       0                62.798
         28  0.23333333333   25.44963   179.22540       0                62.865
         29  0.24166666667   25.21982   179.20350       0                62.779
         30  0.25000000000   24.99022   179.18172       0                63.086
         31  0.25833333333   24.76085   179.16005       0                63.243
         32  0.26666666667   24.53171   179.13850       0                63.019
         33  0.27500000000   24.30279   179.11705       0                62.989
         34  0.28333333333   24.07410   179.09569       0                63.337
         35  0.29166666667   23.84564   179.07444       0                64.131
         36  0.30000000000   23.61741   179.05326       0                64.909
         37  0.30833333333   23.38941   179.03218       0                65.433
         38  0.31666666667   23.16164   179.01117       0                65.509
         39  0.32500000000   22.93410   178.99023       0                65.646
         40  0.33333333333   22.70680   178.96936       0                65.861
         41  0.34166666667   22.47974   178.94855       0                66.402
         42  0.35000000000   22.25291   178.92780       0                66.627
         43  0.35833333333   22.02633   178.90710       0                66.948
         44  0.36666666667   21.79998   178.88645       0                67.185
         45  0.37500000000   21.57387   178.86585       0                67.422
         46  0.38333333333   21.34800   178.84528       0                67.404
         47  0.39166666667   21.12238   178.82474       0                67.359
         48  0.40000000000   20.89700   178.80424       0                67.360
         49  0.40833333333   20.67186   178.78375       0                68.119
         50  0.41666666667   20.44697   178.76329       0                68.688
         51  0.42500000000   20.22233   178.74284       0                69.578
         52  0.43333333333   19.99794   178.72241       0                70.042
         53  0.44166666667   19.77379   178.70198       0                70.599
         54  0.45000000000   19.54990   178.68155       0                70.766
         55  0.45833333333   19.32626   178.66112       0                70.975
         56  0.46666666667   19.10286   178.64068       0                71.236
         57  0.47500000000   18.87973   178.62023       0                71.449
         58  0.48333333333   18.65684   178.59977       0                71.541
         59  0.49166666667   18.43421   178.57928       0                71.809
         60  0.50000000000   18.21184   178.55878       0                72.120
         61  0.50833333333   17.98973   178.53824       0                72.521
         62  0.51666666667   17.76787   178.51768       0                72.907
         63  0.52500000000   17.54627   178.49707       0                73.229
         64  0.53333333333   17.32493   178.47643       0                73.641
         65  0.54166666667   17.10385   178.45575       0                74.051
         66  0.55000000000   16.88304   178.43501       0                74.502
         67  0.55833333333   16.66248   178.41423       0                75.031
         68  0.56666666667   16.44219   178.39339       0                75.682
         69  0.57500000000   16.22217   178.37249       0                76.356
         70  0.58333333333   16.00241   178.35153       0                77.056
         71  0.59166666667   15.78291   178.33050       0                77.706
         72  0.60000000000   15.56369   178.30940       0                78.394
         73  0.60833333333   15.34473   178.28822       0                79.093
         74  0.61666666667   15.12604   178.26697       0                79.836
         75  0.62500000000   14.90762   178.24563       0                80.524
         76  0.63333333333   14.68947   178.22421       0                81.289
         77  0.64166666667   14.47159   178.20271       0                81.943
         78  0.65000000000   14.25398   178.18110       0                82.472
         79  0.65833333333   14.03665   178.15941       0                82.948
         80  0.66666666667   13.81959   178.13761       0                83.401
         81  0.67500000000   13.60281   178.11571       0                83.950
         82  0.68333333333   13.38630   178.09370       0                84.479
         83  0.69166666667   13.17007   178.07159       0                85.067
         84  0.70000000000   12.95411   178.04936       0                85.653
         85  0.70833333333   12.73844   178.02701       0                86.439
         86  0.71666666667   12.52304   178.00454       0                87.304
         87  0.72500000000   12.30792   177.98195       0                88.176
         88  0.73333333333   12.09308   177.95924       0                89.079
         89  0.74166666667   11.87853   177.93639       0                90.011
         90  0.75000000000   11.66425   177.91341       0                90.940
         91  0.75833333333   11.45026   177.89029       0                91.939
         92  0.76666666667   11.23655   177.86703       0                92.923
         93  0.77500000000   11.02313   177.84363       0                93.950
         94  0.78333333333   10.80999   177.82008       0                94.946
         95  0.79166666667   10.59714   177.79638       0                95.890
         96  0.80000000000   10.38457   177.77253       0                96.915
         97  0.80833333333   10.17230   177.74852       0                97.958
         98  0.81666666667    9.96031   177.72435       0                99.083
         99  0.82500000000    9.74861   177.70002       0               100.225
        100  0.83333333333    9.53720   177.67553       0               101.302
        101  0.84166666667    9.32608   177.65086       0               102.450
        102  0.85000000000    9.11525   177.62603       0               103.638
        103  0.85833333333    8.90471   177.60101       0               104.904
        104  0.86666666667    8.69447   177.57582       0               106.080
        105  0.87500000000    8.48452   177.55045       0               107.180
        106  0.88333333333    8.27486   177.52490       0               108.240
        107  0.89166666667    8.06550   177.49916       0               109.278
        108  0.90000000000    7.85644   177.47323       0               110.250
        109  0.90833333333    7.64767   177.44710       0               111.144
        110  0.91666666667    7.43920   177.42078       0               112.086
        111  0.92500000000    7.23103   177.39426       0               113.019
        112  0.93333333333    7.02316   177.36754       0               113.952
        113  0.94166666667    6.81559   177.34061       0               114.849
        114  0.95000000000    6.60832   177.31348       0               115.633
        116  0.96666666667    6.19468   177.25857       0                -3.247
        117  0.97500000000    5.98831   177.23080       0                -2.569
        118  0.98333333333    5.78225   177.20280       0                -2.030
        119  0.99166666667    5.57649   177.17458       0                -1.749
        120  1.00000000000    5.37104   177.14614       0                -1.470
        121  1.00833333333    5.16589   177.11747       0                -1.246
        122  1.01666666667    4.96105   177.08857       0                -1.403
        887  7.39166666667    5.10266    68.26543       0                -0.635
        888  7.40000000000    5.21613    68.09294       0                -0.554
        889  7.40833333333    5.32906    67.92006       0                -0.676
        890  7.41666666667    5.44144    67.74678       0                -0.522
        891  7.42500000000    5.55326    67.57311       0                -0.246
        892  7.43333333333    5.66452    67.39904       0                -0.390
        893  7.44166666667    5.77521    67.22458       0                -0.465
        894  7.45000000000    5.88533    67.04972       0                -0.446
        895  7.45833333333    5.99488    66.87446       0                -0.961
        896  7.46666666667    6.10384    66.69880       0                -1.188
        897  7.47500000000    6.21222    66.52275       0                -1.459
        898  7.48333333333    6.32000    66.34630       0                -1.784
        899  7.49166666667    6.42718    66.16945       0                -2.156
        900  7.50000000000    6.53376    65.99221       0                -2.319
        901  7.50833333333    6.63973    65.81457       0                -2.059
        902  7.51666666667    6.74509    65.63653       0                -2.200
        903  7.52500000000    6.84982    65.45809       0                -2.188
        904  7.53333333333    6.95392    65.27925       0                -2.467
        905  7.54166666667    7.05740    65.10002       0                -2.779
        906  7.55000000000    7.16024    64.92039       0                -3.020
        907  7.55833333333    7.26243    64.74036       0                -3.423
        908  7.56666666667    7.36398    64.55994       0                -2.866
        909  7.57500000000    7.46487    64.37912       0                -1.646
        910  7.58333333333    7.56511    64.19791     112                 0.000
        911  7.59166666667    7.66468    64.01631     112                 0.000
        912  7.60000000000    7.76358    63.83431     112                 0.000
        913  7.60833333333    7.86180    63.65191     112                 0.000
        914  7.61666666667    7.95935    63.46913       0                -3.701
        915  7.62500000000    8.05620    63.28596       0                -3.856
        916  7.63333333333    8.15237    63.10239       0                -1.661
        917  7.64166666667    8.24784    62.91844       0                -1.047
        918  7.65000000000    8.34261    62.73410       0                -0.784
        919  7.65833333333    8.43667    62.54937       0                -1.169
        920  7.66666666667    8.53001    62.36425       0                -1.551
        921  7.67500000000    8.62264    62.17876       0                -2.004
        922  7.68333333333    8.71454    61.99288       0                -1.920
        923  7.69166666667    8.80572    61.80662       0                 0.933
        924  7.70000000000    8.89616    61.61998       0                 1.125
        925  7.70833333333    8.98586    61.43296       0                -0.317
        926  7.71666666667    9.07481    61.24557       0                -0.713
        927  7.72500000000    9.16302    61.05780       0                -1.158
        928  7.73333333333    9.25046    60.86966       0                -0.118
        929  7.74166666667    9.33715    60.68115       0                 1.100
        930  7.75000000000    9.42307    60.49227       0                 1.722
        931  7.75833333333    9.50822    60.30302       0                 1.171
        932  7.76666666667    9.59260    60.11341       0                 0.991
        933  7.77500000000    9.67619    59.92344       0                 0.787
        934  7.78333333333    9.75899    59.73311       0                 0.327
        935  7.79166666667    9.84101    59.54242       0                -0.287
        936  7.80000000000    9.92222    59.35138       0                -1.537
        937  7.80833333333   10.00264    59.15999       0                -1.988
        938  7.81666666667   10.08224    58.96824       0                -1.598
        939  7.82500000000   10.16104    58.77615       0                -1.792
        940  7.83333333333   10.23901    58.58371       0                -2.318
        941  7.84166666667   10.31617    58.39094       0                -1.810
        942  7.85000000000   10.39249    58.19782       0                -1.619
        943  7.85833333333   10.46799    58.00437       0                -1.590
        944  7.86666666667   10.54265    57.81059       0                -1.408
        945  7.87500000000   10.61646    57.61648       0                -1.604
        946  7.88333333333   10.68943    57.42204       0                -0.886
        947  7.89166666667   10.76155    57.22728       0                 0.002
        948  7.90000000000   10.83281    57.03220       0                 1.561
        949  7.90833333333   10.90321    56.83680       0                 2.186
        950  7.91666666667   10.97274    56.64109       0                 2.798
        951  7.92500000000   11.04140    56.44508       0                 3.533
        952  7.93333333333   11.10919    56.24876       0                 3.545
        953  7.94166666667   11.17610    56.05214       0                 2.743
        954  7.95000000000   11.24212    55.85522       0                 2.718
        955  7.95833333333   11.30725    55.65801       0                 2.844
        956  7.96666666667   11.37149    55.46050       0                 3.789
        957  7.97500000000   11.43484    55.26272       0                 3.390
        958  7.98333333333   11.49728    55.06465       0                 3.132
        959  7.99166666667   11.55881    54.86631       0                 2.979
        960  8.00000000000   11.61943    54.66816       0                 2.888
        961  8.00833333333   11.67914    54.46880       0                 1.659
        962  8.01666666667   11.73793    54.26965       0                 2.057
        963  8.02500000000   11.79579    54.07025       0                 2.902
        964  8.03333333333   11.85273    53.87058       0                 2.973
        965  8.04166666667   11.90873    53.67067       0                 2.194
        966  8.05000000000   11.96380    53.47051       0                 0.754
        967  8.05833333333   12.01793    53.27012       0                -0.490
        968  8.06666666667   12.07111    53.06948       0                -0.752
        969  8.07500000000   12.12335    52.86862       0                -0.476
        970  8.08333333333   12.17463    52.66753       0                 0.027
        971  8.09166666667   12.22496    52.46622       0                 0.590
        972  8.10000000000   12.27433    52.26469       0                 0.702
        973  8.10833333333   12.32273    52.06296       0                 0.873
        974  8.11666666667   12.37017    51.86102       0                 0.132
        975  8.12500000000   12.41664    51.65888       0                -1.092
        976  8.13333333333   12.46213    51.45654       0                -1.904
        977  8.14166666667   12.50665    51.25402       0                -2.804
        978  8.15000000000   12.55018    51.05131       0                -2.496
        979  8.15833333333   12.59273    50.84843       0                -1.128
        980  8.16666666667   12.63430    50.64538       0                -0.023
        981  8.17500000000   12.67487    50.44216       0                 0.372
        982  8.18333333333   12.71445    50.23878       0                -1.939
        983  8.19166666667   12.75303    50.03524       0                -4.411
        984  8.20000000000   12.79060    49.83156       0                -4.179
        985  8.20833333333   12.82718    49.62773       0                -3.605
        986  8.21666666667   12.86275    49.42377       0                -2.400
        987  8.22500000000   12.89731    49.21968       0                -0.594
        988  8.23333333333   12.93086    49.01546       0                -1.090
        989  8.24166666667   12.96339    48.81113       0                -0.272
        990  8.25000000000   12.99490    48.60668       0                -1.143
        991  8.25833333333   13.02539    48.40213       0                -0.277
        992  8.26666666667   13.05486    48.19748       0                 0.577
        993  8.27500000000   13.08331    47.99273       0                 1.140
        994  8.28333333333   13.11073    47.78790       0                 0.737
        995  8.29166666667   13.13711    47.58299       0                 0.302
        996  8.30000000000   13.16246    47.37801       0                -1.694
        997  8.30833333333   13.18678    47.17296       0                -1.342
        998  8.31666666667   13.21006    46.96785       0                -1.415
        999  8.32500000000   13.23230    46.76269       0                -0.905
       1000  8.33333333333   13.25350    46.55747       0                -1.514
       1001  8.34166666667   13.27365    46.35222       0                -2.295
       1002  8.35000000000   13.29276    46.14694       0                -2.317
       1003  8.35833333333   13.31083    45.94163       0                -2.335
       1004  8.36666666667   13.32784    45.73630       0                -2.004
       1005  8.37500000000   13.34380    45.53095       0                -1.175
       1006  8.38333333333   13.35871    45.32561       0                -1.351
       1007  8.39166666667   13.37256    45.12026       0                -1.335
       1008  8.40000000000   13.38536    44.91492       0                -1.122
       1009  8.40833333333   13.39711    44.70959       0                -0.315
       1010  8.41666666667   13.40779    44.50429       0                -2.175
       1011  8.42500000000   13.41741    44.29901       0                -3.382
       1012  8.43333333333   13.42598    44.09378       0                -3.936
       1013  8.44166666667   13.43348    43.88858       0                -4.823
       1014  8.45000000000   13.43991    43.68344       0                -3.800
       1015  8.45833333333   13.44529    43.47835       0                -0.661
       1016  8.46666666667   13.44959    43.27333       0                -3.997
       1017  8.47500000000   13.45284    43.06837       0                -2.120
       1018  8.48333333333   13.45501    42.86350       0                 1.675
       1019  8.49166666667   13.45612    42.65871       0                 1.252
       1020  8.50000000000   13.45616    42.45402       0                 1.610
       1021  8.50833333333   13.45513    42.24943       0                -4.096
       1022  8.51666666667   13.45303    42.04494       0                -3.376
       1023  8.52500000000   13.44986    41.84057       0                -3.848
       1024  8.53333333333   13.44563    41.63632       0                -3.297
       1025  8.54166666667   13.44032    41.43220       0                -3.701
       1026  8.55000000000   13.43394    41.22822       0                -2.942
       1027  8.55833333333   13.42649    41.02438       0                -2.803
       1028  8.56666666667   13.41797    40.82069       0                -3.872
       1029  8.57500000000   13.40838    40.61716       0                -4.158
       1030  8.58333333333   13.39772    40.41380       0                -4.616
       1031  8.59166666667   13.38599    40.21060       0                -5.765
       1032  8.60000000000   13.37319    40.00759       0                -5.730
       1033  8.60833333333   13.35932    39.80476       0                -5.962
       1034  8.61666666667   13.34438    39.60213       0                -6.109
       1035  8.62500000000   13.32837    39.39970       0                -6.298
       1036  8.63333333333   13.31130    39.19748       0                -6.148
       1037  8.64166666667   13.29315    38.99547       0                -5.570
       1038  8.65000000000   13.27394    38.79369       0                -5.117
       1039  8.65833333333   13.25367    38.59213       0                -5.539
       1040  8.66666666667   13.23233    38.39081       0                -4.785
       1041  8.67500000000   13.20992    38.18974       0                -3.836
       1042  8.68333333333   13.18645    37.98892       0                -4.269
       1043  8.69166666667   13.16192    37.78835       0                -4.463
       1044  8.70000000000   13.13633    37.58805       0                -5.627
       1045  8.70833333333   13.10968    37.38802       0                -6.992
       1046  8.71666666667   13.08197    37.18827       0                -6.901
       1047  8.72500000000   13.05320    36.98881       0                -6.851
       1048  8.73333333333   13.02338    36.78963       0                -7.148
       1049  8.74166666667   12.99250    36.59076       0                -6.130
       1050  8.75000000000   12.96057    36.39219       0                -6.321
       1051  8.75833333333   12.92759    36.19394       0                -6.822
       1052  8.76666666667   12.89356    35.99601       0                -6.850
       1053  8.77500000000   12.85848    35.79840       0                -6.194
       1054  8.78333333333   12.82235    35.60112       0                -6.249
       1055  8.79166666667   12.78518    35.40419       0                -7.286
       1056  8.80000000000   12.74697    35.20760       0                -7.119
       1057  8.80833333333   12.70772    35.01136       0                -7.425
       1058  8.81666666667   12.66743    34.81549       0                -8.021
       1059  8.82500000000   12.62611    34.61998       0                -8.643
       1060  8.83333333333   12.58375    34.42484       0                -8.848
       1061  8.84166666667   12.54036    34.23007       0                -8.942
       1062  8.85000000000   12.49595    34.03570       0                -8.657
       1063  8.85833333333   12.45050    33.84171       0                -8.369
       1064  8.86666666667   12.40403    33.64812       0                -8.762
       1065  8.87500000000   12.35654    33.45494       0                -9.382
       1066  8.88333333333   12.30803    33.26216       0                -9.447
       1067  8.89166666667   12.25851    33.06980       0                -9.081
       1068  8.90000000000   12.20797    32.87786       0                -8.575
       1069  8.90833333333   12.15642    32.68635       0                -8.214
       1070  8.91666666667   12.10386    32.49527       0                -7.717
       1071  8.92500000000   12.05030    32.30463       0                -6.921
       1072  8.93333333333   11.99574    32.11443       0                -7.021
       1073  8.94166666667   11.94017    31.92469       0                -6.958
       1074  8.95000000000   11.88361    31.73540       0                -6.255
       1075  8.95833333333   11.82606    31.54657       0                -5.425
       1076  8.96666666667   11.76752    31.35821       0                -4.960
       1077  8.97500000000   11.70799    31.17033       0                -3.978
       1078  8.98333333333   11.64747    30.98292       0                -3.208
       1079  8.99166666667   11.58598    30.79599       0                -2.651
       1080  9.00000000000   11.52351    30.60955       0                -2.430
       1081  9.00833333333   11.46007    30.42361       0                -1.607
       1082  9.01666666667   11.39566    30.23816       0                -0.299
       1083  9.02500000000   11.33028    30.05322       0                -0.886
       1084  9.03333333333   11.26393    29.86879       0                -1.561
       1085  9.04166666667   11.19663    29.68487       0                -2.579
       1086  9.05000000000   11.12838    29.50147       0                -2.944
       1087  9.05833333333   11.05917    29.31859       0                -2.612
       1088  9.06666666667   10.98901    29.13624       0                -2.907
       1089  9.07500000000   10.91791    28.95443       0                -2.841
       1090  9.08333333333   10.84587    28.77315       0                -2.074
       1091  9.09166666667   10.77289    28.59241       0                -3.183
       1092  9.10000000000   10.69897    28.41222       0                -3.374
       1093  9.10833333333   10.62413    28.23259       0                -3.310
       1094  9.11666666667   10.54837    28.05350       0                -3.546
       1095  9.12500000000   10.47168    27.87498       0                -4.074
       1096  9.13333333333   10.39408    27.69702       0                -3.851
       1097  9.14166666667   10.31556    27.51962       0                -2.948
       1098  9.15000000000   10.23614    27.34280       0                -3.251
       1099  9.15833333333   10.15581    27.16656       0                -3.397
       1100  9.16666666667   10.07458    26.99089       0                -4.745
       1101  9.17500000000    9.99245    26.81581       0                -5.264
       1102  9.18333333333    9.90944    26.64131       0                -4.801
       1103  9.19166666667    9.82553    26.46740       0                -5.134
       1104  9.20000000000    9.74074    26.29409       0                -5.589
       1105  9.20833333333    9.65508    26.12138       0                -5.962
       1106  9.21666666667    9.56853    25.94927       0                -6.656
       1107  9.22500000000    9.48112    25.77776       0                -6.887
       1108  9.23333333333    9.39285    25.60686       0                -6.932
       1109  9.24166666667    9.30371    25.43657       0                -6.866
       1110  9.25000000000    9.21371    25.26689       0                -6.999
       1111  9.25833333333    9.12286    25.09784       0                -7.341
       1112  9.26666666667    9.03117    24.92940       0                -7.464
       1113  9.27500000000    8.93863    24.76159       0                -7.630
       1114  9.28333333333    8.84525    24.59440       0                -7.756
       1115  9.29166666667    8.75104    24.42784       0                -7.843
       1116  9.30000000000    8.65600    24.26191       0                -7.866
       1117  9.30833333333    8.56014    24.09662       0                -8.134
       1118  9.31666666667    8.46345    23.93196       0                -8.320
       1119  9.32500000000    8.36595    23.76795       0                -8.420
       1120  9.33333333333    8.26764    23.60457       0                -8.803
       1121  9.34166666667    8.16852    23.44184       0                -8.850
       1122  9.35000000000    8.06861    23.27975       0                -8.902
       1123  9.35833333333    7.96789    23.11832       0                -8.269
       1124  9.36666666667    7.86639    22.95753       0                -7.782
       1125  9.37500000000    7.76409    22.79740       0                -7.171
       1126  9.38333333333    7.66102    22.63793       0                -6.848
       1127  9.39166666667    7.55716    22.47911       0                -7.496
       1128  9.40000000000    7.45254    22.32094       0                -7.155
       1129  9.40833333333    7.34714    22.16344       0                -6.817
       1130  9.41666666667    7.24099    22.00660       0                -6.748
       1131  9.42500000000    7.13407    21.85043       0                -6.786
       1132  9.43333333333    7.02641    21.69492       0                -6.843
       1133  9.44166666667    6.91799    21.54008       0                -6.453
       1134  9.45000000000    6.80883    21.38591       0                -5.989
       1135  9.45833333333    6.69893    21.23240       0                -5.836
       1136  9.46666666667    6.58830    21.07957       0                -5.816
       1137  9.47500000000    6.47694    20.92741       0                -6.165
       1138  9.48333333333    6.36485    20.77593       0                -5.864
       1139  9.49166666667    6.25205    20.62512       0                -5.297
       1140  9.50000000000    6.13853    20.47499       0                -5.085
       1141  9.50833333333    6.02430    20.32553       0                -4.812
       1142  9.51666666667    5.90937    20.17675       0                -4.317
       1143  9.52500000000    5.79374    20.02866       0                -4.571
       1144  9.53333333333    5.67741    19.88124       0                -5.178
       1145  9.54166666667    5.56039    19.73450       0                -5.509
       1146  9.55000000000    5.44269    19.58844       0                -5.273
       1147  9.55833333333    5.32431    19.44307       0                -5.813
       1148  9.56666666667    5.20525    19.29838       0                -5.838
       1149  9.57500000000    5.08552    19.15437       0                -5.934
       2289 19.07500000000    5.03784   281.09265       0                 3.018
       2290 19.08333333333    5.21709   281.19624       0                 2.627
       2291 19.09166666667    5.39651   281.29969       0                 2.082
       2292 19.10000000000    5.57609   281.40298       0                 1.433
       2293 19.10833333333    5.75585   281.50613       0                 1.199
       2294 19.11666666667    5.93578   281.60912       0                 0.801
       2295 19.12500000000    6.11589   281.71197       0                 0.218
       2296 19.13333333333    6.29616   281.81466       0                -0.025
       2297 19.14166666667    6.47661   281.91719       0                -0.387
       2298 19.15000000000    6.65723   282.01957       0                -1.044
       2299 19.15833333333    6.83803   282.12179       0                -1.559
       2300 19.16666666667    7.01900   282.22384       0                -1.808
       2301 19.17500000000    7.20015   282.32574       0                -2.378
       2302 19.18333333333    7.38147   282.42747       0                -2.942
       2303 19.19166666667    7.56297   282.52903       0                -3.383
       2304 19.20000000000    7.74465   282.63043       0                -3.560
       2305 19.20833333333    7.92650   282.73166       0                -3.996
       2306 19.21666666667    8.10853   282.83271       0                -4.398
       2307 19.22500000000    8.29074   282.93359       0                -4.736
       2308 19.23333333333    8.47313   283.03430       0                -5.072
       2309 19.24166666667    8.65570   283.13483       0                -5.268
       2310 19.25000000000    8.83845   283.23518       0                -5.574
       2311 19.25833333333    9.02138   283.33535       0                -5.888
       2312 19.26666666667    9.20449   283.43534       0                -6.267
       2313 19.27500000000    9.38779   283.53514       0                -6.644
       2314 19.28333333333    9.57126   283.63476       0                -6.942
       2315 19.29166666667    9.75492   283.73419       0                -7.150
       2316 19.30000000000    9.93876   283.83343       0                -7.373
       2317 19.30833333333   10.12279   283.93248       0                -7.628
       2318 19.31666666667   10.30700   284.03133       0                -8.004
       2319 19.32500000000   10.49139   284.12999       0                -8.231
       2320 19.33333333333   10.67597   284.22845       0                -8.430
       2321 19.34166666667   10.86074   284.32671       0                -8.674
       2322 19.35000000000   11.04569   284.42476       0                -9.006
       2323 19.35833333333   11.23083   284.52262       0                -9.311
       2324 19.36666666667   11.41616   284.62027       0                -9.569
       2325 19.37500000000   11.60167   284.71771       0                -9.933
       2326 19.38333333333   11.78737   284.81494       0               -10.065
       2327 19.39166666667   11.97327   284.91196       0               -10.412
       2328 19.40000000000   12.15935   285.00876       0               -10.640
       2329 19.40833333333   12.34562   285.10535       0               -10.875
       2330 19.41666666667   12.53208   285.20172       0               -11.140
       2331 19.42500000000   12.71873   285.29787       0               -11.265
       2332 19.43333333333   12.90557   285.39380       0               -11.613
       2333 19.44166666667   13.09261   285.48950       0               -11.791
       2334 19.45000000000   13.27984   285.58498       0               -11.988
       2335 19.45833333333   13.46725   285.68022       0               -12.223
       2336 19.46666666667   13.65487   285.77524       0               -12.394
       2337 19.47500000000   13.84267   285.87002       0               -12.626
       2338 19.48333333333   14.03067   285.96457       0               -12.885
       2339 19.49166666667   14.21887   286.05888       0               -13.074
       2340 19.50000000000   14.40726   286.15294       0               -13.309
       2341 19.50833333333   14.59584   286.24677       0               -13.464
       2342 19.51666666667   14.78462   286.34035       0               -13.698
       2343 19.52500000000   14.97360   286.43369       0               -13.880
       2344 19.53333333333   15.16277   286.52677       0               -14.041
       2345 19.54166666667   15.35214   286.61960       0               -14.192
       2346 19.55000000000   15.54170   286.71218       0               -14.398
       2347 19.55833333333   15.73147   286.80450       0               -14.593
       2348 19.56666666667   15.92143   286.89656       0               -14.803
       2349 19.57500000000   16.11159   286.98836       0               -15.006
       2350 19.58333333333   16.30195   287.07990       0               -15.190
       2351 19.59166666667   16.49251   287.17117       0               -15.357
       2352 19.60000000000   16.68327   287.26217       0               -15.537
       2353 19.60833333333   16.87423   287.35290       0               -15.707
       2354 19.61666666667   17.06538   287.44336       0               -15.895
       2355 19.62500000000   17.25674   287.53354       0               -16.047
       2356 19.63333333333   17.44830   287.62343       0               -16.214
       2357 19.64166666667   17.64007   287.71305       0               -16.420
       2358 19.65000000000   17.83203   287.80238       0               -16.556
       2359 19.65833333333   18.02420   287.89143       0               -16.726
       2360 19.66666666667   18.21656   287.98018       0               -16.906
       2361 19.67500000000   18.40914   288.06865       0               -17.063
       2362 19.68333333333   18.60191   288.15681       0               -17.258
       2363 19.69166666667   18.79489   288.24468       0               -17.427
       2364 19.70000000000   18.98807   288.33225       0               -17.618
       2365 19.70833333333   19.18145   288.41951       0               -17.745
       2366 19.71666666667   19.37504   288.50647       0               -17.911
       2367 19.72500000000   19.56884   288.59311       0               -18.047
       2368 19.73333333333   19.76284   288.67945       0               -18.202
       2369 19.74166666667   19.95704   288.76546       0               -18.366
       2370 19.75000000000   20.15145   288.85116       0               -18.473
       2371 19.75833333333   20.34607   288.93654       0               -18.613
       2372 19.76666666667   20.54089   289.02159       0               -18.758
       2373 19.77500000000   20.73592   289.10632       0               -18.924
       2374 19.78333333333   20.93115   289.19071       0               -19.070
       2375 19.79166666667   21.12659   289.27477       0               -19.190
       2376 19.80000000000   21.32224   289.35850       0               -19.271
       2377 19.80833333333   21.51809   289.44188       0               -19.438
       2378 19.81666666667   21.71415   289.52492       0               -19.538
       2379 19.82500000000   21.91042   289.60761       0               -19.682
       2380 19.83333333333   22.10690   289.68995       0               -19.814
       2381 19.84166666667   22.30359   289.77194       0               -19.921
       2382 19.85000000000   22.50048   289.85357       0               -20.079
       2383 19.85833333333   22.69758   289.93484       0               -20.217
       2384 19.86666666667   22.89489   290.01575       0               -20.338
       2385 19.87500000000   23.09241   290.09629       0               -20.495
       2386 19.88333333333   23.29014   290.17646       0               -20.631
       2387 19.89166666667   23.48807   290.25625       0               -20.754
       2388 19.90000000000   23.68622   290.33567       0               -20.864
       2389 19.90833333333   23.88457   290.41470       0               -20.986
       2390 19.91666666667   24.08313   290.49335       0               -21.085
       2391 19.92500000000   24.28190   290.57161       0               -21.135
       2392 19.93333333333   24.48088   290.64948       0               -21.185
       2393 19.94166666667   24.68007   290.72695       0               -21.277
       2394 19.95000000000   24.87947   290.80402       0               -21.415
       2395 19.95833333333   25.07908   290.88068       0               -21.551
       2396 19.96666666667   25.27890   290.95694       0               -21.679
       2397 19.97500000000   25.47893   291.03278       0               -21.794
       2398 19.98333333333   25.67917   291.10821       0               -21.907
       2399 19.99166666667   25.87962   291.18322       0               -22.015
       2400 20.00000000000   26.07967   291.25803       0               -22.119
       2401 20.00833333333   26.28114   291.33195       0               -22.231
       2402 20.01666666667   26.48222   291.40567       0               -22.321
       2403 20.02500000000   26.68350   291.47895       0               -22.377
       2404 20.03333333333   26.88500   291.55179       0               -22.502
       2405 20.04166666667   27.08670   291.62418       0               -22.627
       2406 20.05000000000   27.28861   291.69613       0               -22.737
       2407 20.05833333333   27.49074   291.76761       0               -22.874
       2408 20.06666666667   27.69307   291.83864       0               -22.983
       2409 20.07500000000   27.89561   291.90920       0               -23.098
       2410 20.08333333333   28.09836   291.97929       0               -23.171
       2411 20.09166666667   28.30132   292.04891       0               -23.277
       2412 20.10000000000   28.50448   292.11805       0               -23.363
       2413 20.10833333333   28.70786   292.18670       0               -23.432
       2414 20.11666666667   28.91144   292.25487       0               -23.495
       2415 20.12500000000   29.11523   292.32254       0               -23.574
       2416 20.13333333333   29.31923   292.38971       0               -23.672
       2417 20.14166666667   29.52344   292.45638       0               -23.772
       2418 20.15000000000   29.72785   292.52254       0               -23.840
       2419 20.15833333333   29.93247   292.58819       0               -23.932
       2420 20.16666666667   30.13730   292.65331       0               -24.005
       2421 20.17500000000   30.34233   292.71791       0               -24.084
       2422 20.18333333333   30.54757   292.78198       0               -24.167
       2423 20.19166666667   30.75302   292.84551       0               -24.238
       2424 20.20000000000   30.95867   292.90849       0               -24.286
       2425 20.20833333333   31.16452   292.97093       0               -24.354
       2426 20.21666666667   31.37059   293.03282       0               -24.413
       2427 20.22500000000   31.57685   293.09415       0               -24.470
       2428 20.23333333333   31.78332   293.15491       0               -24.515
       2429 20.24166666667   31.98999   293.21509       0               -24.563
       2430 20.25000000000   32.19687   293.27470       0               -24.579
       2431 20.25833333333   32.40395   293.33373       0               -24.625
       2432 20.26666666667   32.61123   293.39216       0               -24.691
       2433 20.27500000000   32.81871   293.45000       0               -24.764
       2434 20.28333333333   33.02639   293.50723       0               -24.830
       2435 20.29166666667   33.23427   293.56386       0               -24.883
       2436 20.30000000000   33.44236   293.61986       0               -24.941
       2437 20.30833333333   33.65064   293.67524       0               -24.998
       2438 20.31666666667   33.85912   293.72999       0               -25.053
       2439 20.32500000000   34.06780   293.78411       0               -25.119
       2440 20.33333333333   34.27668   293.83757       0               -25.194
       2441 20.34166666667   34.48575   293.89039       0               -25.260
       2442 20.35000000000   34.69502   293.94254       0               -25.316
       2443 20.35833333333   34.90448   293.99403       0               -25.359
       2444 20.36666666667   35.11414   294.04484       0               -25.442
       2445 20.37500000000   35.32400   294.09497       0               -25.471
       2446 20.38333333333   35.53404   294.14441       0               -25.562
       2447 20.39166666667   35.74428   294.19315       0               -25.623
       2448 20.40000000000   35.95471   294.24118       0               -25.704
       2449 20.40833333333   36.16533   294.28850       0               -25.750
       2450 20.41666666667   36.37614   294.33510       0               -25.800
       2451 20.42500000000   36.58713   294.38096       0               -25.850
       2452 20.43333333333   36.79832   294.42608       0               -25.873
       2453 20.44166666667   37.00969   294.47046       0               -25.901
       2454 20.45000000000   37.22125   294.51407       0               -25.937
       2455 20.45833333333   37.43299   294.55692       0               -25.971
       2456 20.46666666667   37.64492   294.59900       0               -26.015
       2457 20.47500000000   37.85703   294.64028       0               -26.083
       2458 20.48333333333   38.06931   294.68078       0               -26.128
       2459 20.49166666667   38.28178   294.72046       0               -26.161
       2460 20.50000000000   38.49443   294.75934       0               -26.216
       2461 20.50833333333   38.70726   294.79738       0               -26.258
       2462 20.51666666667   38.92026   294.83460       0               -26.301
       2463 20.52500000000   39.13344   294.87097       0               -26.329
       2464 20.53333333333   39.34679   294.90648       0               -26.388
       2465 20.54166666667   39.56031   294.94113       0               -26.427
       2466 20.55000000000   39.77401   294.97490       0               -26.463
       2467 20.55833333333   39.98787   295.00778       0               -26.502
       2468 20.56666666667   40.20190   295.03976       0               -26.566
       2469 20.57500000000   40.41610   295.07083       0               -26.625
       2470 20.58333333333   40.63046   295.10098       0               -26.672
       2471 20.59166666667   40.84499   295.13020       0               -26.720
       2472 20.60000000000   41.05968   295.15847       0               -26.752
       2473 20.60833333333   41.27453   295.18578       0               -26.790
       2474 20.61666666667   41.48954   295.21212       0               -26.833
       2475 20.62500000000   41.70470   295.23748       0               -26.881
       2476 20.63333333333   41.92002   295.26184       0               -26.926
       2477 20.64166666667   42.13549   295.28519       0               -26.967
       2478 20.65000000000   42.35112   295.30751       0               -27.011
       2479 20.65833333333   42.56689   295.32880       0               -27.056
       2480 20.66666666667   42.78281   295.34904       0               -27.106
       2481 20.67500000000   42.99887   295.36822       0               -27.171
       2482 20.68333333333   43.21508   295.38631       0               -27.231
       2483 20.69166666667   43.43143   295.40331       0               -27.305
       2484 20.70000000000   43.64791   295.41921       0               -27.352
       2485 20.70833333333   43.86454   295.43397       0               -27.428
       2486 20.71666666667   44.08129   295.44760       0               -27.483
       2487 20.72500000000   44.29818   295.46008       0               -27.532
       2488 20.73333333333   44.51520   295.47138       0               -27.579
       2489 20.74166666667   44.73235   295.48149       0               -27.634
       2490 20.75000000000   44.94962   295.49040       0               -27.712
       2491 20.75833333333   45.16701   295.49809       0               -27.770
       2492 20.76666666667   45.38452   295.50454       0               -27.826
       2493 20.77500000000   45.60215   295.50973       0               -27.892
       2494 20.78333333333   45.81989   295.51365       0               -27.942
       2495 20.79166666667   46.03775   295.51628       0               -28.007
       2496 20.80000000000   46.25571   295.51759       0               -28.054
       2497 20.80833333333   46.47377   295.51757       0               -28.092
       2498 20.81666666667   46.69194   295.51621       0               -28.145
       2499 20.82500000000   46.91021   295.51347       0               -28.212
       2500 20.83333333333   47.12857   295.50934       0               -28.262
       2501 20.84166666667   47.34702   295.50380       0               -28.306
       2502 20.85000000000   47.56557   295.49683       0               -28.373
       2503 20.85833333333   47.78420   295.48840       0               -28.430
       2504 20.86666666667   48.00291   295.47850       0               -28.491
       2505 20.87500000000   48.22170   295.46710       0               -28.525
       2506 20.88333333333   48.44056   295.45418       0               -28.581
       2507 20.89166666667   48.65950   295.43971       0               -28.626
       2508 20.90000000000   48.87850   295.42368       0               -28.667
       2509 20.90833333333   49.09757   295.40605       0               -28.708
       2510 20.91666666667   49.31670   295.38681       0               -28.737
       2511 20.92500000000   49.53588   295.36592       0               -28.757
       2512 20.93333333333   49.75511   295.34337       0               -28.815
       2513 20.94166666667   49.97439   295.31912       0               -28.832
       2514 20.95000000000   50.19371   295.29315       0               -28.856
       2515 20.95833333333   50.41307   295.26543       0               -28.889
       2516 20.96666666667   50.63246   295.23593       0               -28.946
       2517 20.97500000000   50.85189   295.20463       0               -28.969
       2518 20.98333333333   51.07133   295.17149       0               -29.009
       2519 20.99166666667   51.29080   295.13649       0               -29.061
       2520 21.00000000000   51.51027   295.09959       0               -29.101
       2521 21.00833333333   51.72976   295.06076       0               -29.122
       2522 21.01666666667   51.94925   295.01997       0               -29.154
       2523 21.02500000000   52.16873   294.97720       0               -29.177
       2524 21.03333333333   52.38821   294.93239       0               -29.197
       2525 21.04166666667   52.60767   294.88553       0               -29.220
       2526 21.05000000000   52.82712   294.83658       0               -29.243
       2527 21.05833333333   53.04654   294.78550       0               -29.271
       2528 21.06666666667   53.26592   294.73225       0               -29.280
       2529 21.07500000000   53.48527   294.67680       0               -29.308
       2530 21.08333333333   53.70458   294.61911       0               -29.341
       2531 21.09166666667   53.92383   294.55914       0               -29.368
       2532 21.10000000000   54.14302   294.49685       0               -29.397
       2533 21.10833333333   54.36215   294.43220       0               -29.418
       2534 21.11666666667   54.58121   294.36515       0               -29.447
       2535 21.12500000000   54.80019   294.29566       0               -29.455
       2536 21.13333333333   55.01908   294.22368       0               -29.467
       2537 21.14166666667   55.23788   294.14918       0               -29.477
       2538 21.15000000000   55.45657   294.07209       0               -29.484
       2539 21.15833333333   55.67515   293.99238       0               -29.504
       2540 21.16666666667   55.89362   293.91001       0               -29.502
       2541 21.17500000000   56.11196   293.82491       0               -29.505
       2542 21.18333333333   56.33016   293.73705       0               -29.510
       2543 21.19166666667   56.54821   293.64637       0               -29.523
       2544 21.20000000000   56.76611   293.55282       0               -29.536
       2545 21.20833333333   56.98385   293.45635       0               -29.542
       2546 21.21666666667   57.20142   293.35690       0               -29.555
       2547 21.22500000000   57.41880   293.25442       0               -29.569
       2548 21.23333333333   57.63599   293.14884       0               -29.574
       2549 21.24166666667   57.85297   293.04012       0               -29.593
       2550 21.25000000000   58.06975   292.92820       0               -29.602
       2551 21.25833333333   58.28629   292.81300       0               -29.624
       2552 21.26666666667   58.50260   292.69448       0               -29.631
       2553 21.27500000000   58.71866   292.57256       0               -29.656
       2554 21.28333333333   58.93446   292.44718       0               -29.678
       2555 21.29166666667   59.14999   292.31828       0               -29.681
       2556 21.30000000000   59.36524   292.18578       0               -29.696
       2557 21.30833333333   59.58019   292.04962       0               -29.706
       2558 21.31666666667   59.79482   291.90973       0               -29.732
       2559 21.32500000000   60.00914   291.76603       0               -29.755
       2560 21.33333333333   60.22311   291.61845       0               -29.769
       2561 21.34166666667   60.43674   291.46692       0               -29.801
       2562 21.35000000000   60.64999   291.31134       0               -29.823
       2563 21.35833333333   60.86287   291.15165       0               -29.843
       2564 21.36666666667   61.07535   290.98777       0               -29.864
       2565 21.37500000000   61.28741   290.81960       0               -29.887
       2566 21.38333333333   61.49904   290.64707       0               -29.900
       2567 21.39166666667   61.71023   290.47009       0               -29.911
       2568 21.40000000000   61.92096   290.28856       0               -29.917
       2569 21.40833333333   62.13120   290.10240       0               -29.933
       2570 21.41666666667   62.34095   289.91152       0               -29.948
       2571 21.42500000000   62.55017   289.71581       0               -29.963
       2572 21.43333333333   62.75886   289.51519       0               -29.963
       2573 21.44166666667   62.96699   289.30955       0               -29.979
       2574 21.45000000000   63.17455   289.09879       0               -30.000
       2575 21.45833333333   63.38150   288.88280       0               -30.007
       2576 21.46666666667   63.58784   288.66149       0               -30.027
       2577 21.47500000000   63.79353   288.43475       0               -30.035
       2578 21.48333333333   63.99856   288.20246       0               -30.039
       2579 21.49166666667   64.20290   287.96451       0               -30.066
       2580 21.50000000000   64.40653   287.72079       0               -30.075
       2581 21.50833333333   64.60942   287.47118       0               -30.091
       2582 21.51666666667   64.81155   287.21556       0               -30.099
       2583 21.52500000000   65.01289   286.95381       0               -30.104
       2584 21.53333333333   65.21342   286.68581       0               -30.111
       2585 21.54166666667   65.41310   286.41143       0               -30.121
       2586 21.55000000000   65.61191   286.13055       0               -30.121
       2587 21.55833333333   65.80983   285.84303       0               -30.123
       2588 21.56666666667   66.00681   285.54874       0               -30.130
       2589 21.57500000000   66.20282   285.24755       0               -30.126
       2590 21.58333333333   66.39785   284.93933       0               -30.133
       2591 21.59166666667   66.59185   284.62393       0               -30.141
       2592 21.60000000000   66.78479   284.30121       0               -30.145
       2593 21.60833333333   66.97663   283.97104       0               -30.166
       2594 21.61666666667   67.16735   283.63326       0               -30.177
       2595 21.62500000000   67.35690   283.28774       0               -30.184
       2596 21.63333333333   67.54524   282.93433       0               -30.194
       2597 21.64166666667   67.73235   282.57288       0               -30.209
       2598 21.65000000000   67.91817   282.20324       0               -30.218
       2599 21.65833333333   68.10267   281.82526       0               -30.224
       2600 21.66666666667   68.28580   281.43879       0               -30.241
       2601 21.67500000000   68.46753   281.04368       0               -30.233
       2602 21.68333333333   68.64781   280.63978       0               -30.233
       2603 21.69166666667   68.82659   280.22693       0               -30.239
       2604 21.70000000000   69.00383   279.80499       0               -30.239
       2605 21.70833333333   69.17948   279.37380       0               -30.244
       2606 21.71666666667   69.35349   278.93321       0               -30.235
       2607 21.72500000000   69.52581   278.48307       0               -30.243
       2608 21.73333333333   69.69639   278.02324       0               -30.251
       2609 21.74166666667   69.86519   277.55357       0               -30.258
       2610 21.75000000000   70.03213   277.07391       0               -30.260
       2611 21.75833333333   70.19718   276.58413       0               -30.257
       2612 21.76666666667   70.36027   276.08408       0               -30.259
       2613 21.77500000000   70.52135   275.57364       0               -30.255
       2614 21.78333333333   70.68035   275.05267       0               -30.260
       2615 21.79166666667   70.83723   274.52105       0               -30.268
       2616 21.80000000000   70.99191   273.97867       0               -30.267
       2617 21.80833333333   71.14434   273.42541       0               -30.261
       2618 21.81666666667   71.29445   272.86117       0               -30.288
       2619 21.82500000000   71.44218   272.28585       0               -30.283
       2620 21.83333333333   71.58747   271.69936       0               -30.290
       2621 21.84166666667   71.73024   271.10162       0               -30.292
       2622 21.85000000000   71.87043   270.49257       0               -30.290
       2623 21.85833333333   72.00797   269.87215       0               -30.295
       2624 21.86666666667   72.14279   269.24032       0               -30.296
       2625 21.87500000000   72.27483   268.59704       0               -30.295
       2626 21.88333333333   72.40401   267.94229       0               -30.289
       2627 21.89166666667   72.53025   267.27607       0               -30.280
       2628 21.90000000000   72.65350   266.59840       0               -30.269
       2629 21.90833333333   72.77368   265.90930       0               -30.257
       2630 21.91666666667   72.89070   265.20882       0               -30.265
       2631 21.92500000000   73.00452   264.49702       0               -30.252
       2632 21.93333333333   73.11503   263.77399       0               -30.240
       2633 21.94166666667   73.22219   263.03984       0               -30.245
       2634 21.95000000000   73.32591   262.29468       0               -30.255
       2635 21.95833333333   73.42612   261.53867       0               -30.250
       2636 21.96666666667   73.52276   260.77198       0               -30.241
       2637 21.97500000000   73.61574   259.99479       0               -30.238
       2638 21.98333333333   73.70500   259.20734       0               -30.242
       2639 21.99166666667   73.79048   258.40984       0               -30.242
       2640 22.00000000000   73.87190   257.60252       0               -30.239
       2641 22.00833333333   73.94980   256.78584       0               -30.215
       2642 22.01666666667   74.02352   255.95994       0               -30.225
       2643 22.02500000000   74.09319   255.12520       0               -30.210
       2644 22.03333333333   74.15875   254.28201       0               -30.186
       2645 22.04166666667   74.22014   253.43073       0               -30.164
       2646 22.05000000000   74.27732   252.57179       0               -30.141
       2647 22.05833333333   74.33022   251.70562       0               -30.099
       2648 22.06666666667   74.37880   250.83268       0               -30.064
       2649 22.07500000000   74.42301   249.95343       0               -30.031
       2650 22.08333333333   74.46281   249.06838       0               -30.005
       2651 22.09166666667   74.49815   248.17805       0               -29.955
       2652 22.10000000000   74.52901   247.28296       0               -29.901
       2653 22.10833333333   74.55534   246.38367       0               -29.861
       2654 22.11666666667   74.57712   245.48074       0               -29.837
       2655 22.12500000000   74.59433   244.57474       0               -29.797
       2656 22.13333333333   74.60694   243.66626       0               -29.758
       2657 22.14166666667   74.61494   242.75590       0               -29.731
       2658 22.15000000000   74.61832   241.84425       0               -29.700
       2659 22.15833333333   74.61706   240.93192       0               -29.674
       2660 22.16666666667   74.61116   240.01951       0               -29.647
       2661 22.17500000000   74.60063   239.10763       0               -29.610
       2662 22.18333333333   74.58547   238.19688       0               -29.572
       2663 22.19166666667   74.56568   237.28787       0               -29.530
       2664 22.20000000000   74.54129   236.38117       0               -29.491
       2665 22.20833333333   74.51231   235.47738       0               -29.445
       2666 22.21666666667   74.47876   234.57706       0               -29.409
       2667 22.22500000000   74.44066   233.68078       0               -29.371
       2668 22.23333333333   74.39805   232.78907       0               -29.322
       2669 22.24166666667   74.35096   231.90247       0               -29.277
       2670 22.25000000000   74.29943   231.02149       0               -29.235
       2671 22.25833333333   74.24349   230.14661       0               -29.203
       2672 22.26666666667   74.18320   229.27830       0               -29.179
       2673 22.27500000000   74.11859   228.41702       0               -29.141
       2674 22.28333333333   74.04972   227.56319       0               -29.111
       2675 22.29166666667   73.97664   226.71721       0               -29.076
       2676 22.30000000000   73.89940   225.87947       0               -29.053
       2677 22.30833333333   73.81806   225.05031       0               -29.021
       2678 22.31666666667   73.73269   224.23007       0               -28.985
       2679 22.32500000000   73.64333   223.41905       0               -28.955
       2680 22.33333333333   73.55006   222.61754       0               -28.930
       2681 22.34166666667   73.45294   221.82579       0               -28.845
       2682 22.35000000000   73.35204   221.04403       0               -28.763
       2683 22.35833333333   73.24741   220.27247       0               -28.646
       2684 22.36666666667   73.13914   219.51131       0               -28.563
       2685 22.37500000000   73.02728   218.76069       0               -28.503
       2686 22.38333333333   72.91191   218.02076       0               -28.468
       2687 22.39166666667   72.79310   217.29164       0               -28.448
       2688 22.40000000000   72.67092   216.57343       0               -28.407
       2689 22.40833333333   72.54543   215.86619       0               -28.332
       2690 22.41666666667   72.41672   215.17001       0               -28.296
       2691 22.42500000000   72.28483   214.48490       0               -28.293
       2692 22.43333333333   72.14986   213.81090       0               -28.264
       2693 22.44166666667   72.01187   213.14802       0               -28.209
       2694 22.45000000000   71.87092   212.49624       0               -28.163
       2695 22.45833333333   71.72708   211.85554       0               -28.138
       2696 22.46666666667   71.58043   211.22589       0               -28.107
       2697 22.47500000000   71.43103   210.60724       0               -28.055
       2698 22.48333333333   71.27894   209.99952       0               -27.995
       2699 22.49166666667   71.12423   209.40267       0               -27.930
       2700 22.50000000000   70.96697   208.81660       0               -27.865
       2701 22.50833333333   70.80722   208.24122       0               -27.815
       2702 22.51666666667   70.64505   207.67643       0               -27.754
       2703 22.52500000000   70.48050   207.12213       0               -27.701
       2704 22.53333333333   70.31365   206.57820       0               -27.636
       2705 22.54166666667   70.14456   206.04452       0               -27.571
       2706 22.55000000000   69.97327   205.52097       0               -27.511
       2707 22.55833333333   69.79985   205.00742       0               -27.456
       2708 22.56666666667   69.62436   204.50372       0               -27.386
       2709 22.57500000000   69.44685   204.00975       0               -27.319
       2710 22.58333333333   69.26737   203.52535       0               -27.256
       2711 22.59166666667   69.08598   203.05040       0               -27.182
       2712 22.60000000000   68.90272   202.58473       0               -27.129
       2713 22.60833333333   68.71765   202.12821       0               -27.068
       2714 22.61666666667   68.53082   201.68067       0               -27.005
       2715 22.62500000000   68.34227   201.24198       0               -26.919
       2716 22.63333333333   68.15205   200.81197       0               -26.838
       2717 22.64166666667   67.96021   200.39051       0               -26.765
       2718 22.65000000000   67.76679   199.97743       0               -26.699
       2719 22.65833333333   67.57183   199.57258       0               -26.618
       2720 22.66666666667   67.37538   199.17581       0               -26.542
       2721 22.67500000000   67.17747   198.78698       0               -26.468
       2722 22.68333333333   66.97815   198.40593       0               -26.413
       2723 22.69166666667   66.77746   198.03251       0               -26.321
       2724 22.70000000000   66.57543   197.66657       0               -26.236
       2725 22.70833333333   66.37211   197.30798       0               -26.161
       2726 22.71666666667   66.16752   196.95658       0               -26.100
       2727 22.72500000000   65.96171   196.61224       0               -26.015
       2728 22.73333333333   65.75470   196.27480       0               -25.948
       2729 22.74166666667   65.54653   195.94414       0               -25.864
       2730 22.75000000000   65.33724   195.62011       0               -25.779
       2731 22.75833333333   65.12685   195.30258       0               -25.690
       2732 22.76666666667   64.91540   194.99142       0               -25.622
       2733 22.77500000000   64.70292   194.68649       0               -25.541
       2734 22.78333333333   64.48943   194.38766       0               -25.470
       2735 22.79166666667   64.27496   194.09482       0               -25.401
       2736 22.80000000000   64.05955   193.80782       0               -25.340
       2737 22.80833333333   63.84321   193.52656       0               -25.295
       2738 22.81666666667   63.62598   193.25091       0               -25.246
       2739 22.82500000000   63.40788   192.98075       0               -25.178
       2740 22.83333333333   63.18893   192.71597       0               -25.131
       2741 22.84166666667   62.96916   192.45644       0               -25.062
       2742 22.85000000000   62.74860   192.20207       0               -24.976
       2743 22.85833333333   62.52726   191.95274       0               -24.901
       2744 22.86666666667   62.30517   191.70835       0               -24.831
       2745 22.87500000000   62.08235   191.46878       0               -24.758
       2746 22.88333333333   61.85883   191.23394       0               -24.696
       2747 22.89166666667   61.63461   191.00372       0               -24.634
       2748 22.90000000000   61.40973   190.77803       0               -24.558
       2749 22.90833333333   61.18420   190.55678       0               -24.469
       2750 22.91666666667   60.95804   190.33985       0               -24.365
       2751 22.92500000000   60.73127   190.12718       0               -24.281
       2752 22.93333333333   60.50391   189.91865       0               -24.201
       2753 22.94166666667   60.27597   189.71419       0               -24.126
       2754 22.95000000000   60.04748   189.51371       0               -24.037
       2755 22.95833333333   59.81845   189.31712       0               -23.935
       2756 22.96666666667   59.58890   189.12434       0               -23.851
       2757 22.97500000000   59.35883   188.93529       0               -23.763
       2758 22.98333333333   59.12828   188.74989       0               -23.676
       2759 22.99166666667   58.89725   188.56806       0               -23.570
       2760 23.00000000000   58.66576   188.38973       0               -23.448
       2761 23.00833333333   58.43382   188.21482       0               -23.312
       2762 23.01666666667   58.20144   188.04326       0               -23.215
       2763 23.02500000000   57.96865   187.87499       0               -23.131
       2764 23.03333333333   57.73545   187.70992       0               -23.037
       2765 23.04166666667   57.50186   187.54799       0               -22.911
       2766 23.05000000000   57.26789   187.38915       0               -22.790
       2767 23.05833333333   57.03355   187.23331       0               -22.667
       2768 23.06666666667   56.79886   187.08042       0               -22.513
       2769 23.07500000000   56.56383   186.93042       0               -22.381
       2770 23.08333333333   56.32846   186.78325       0               -22.239
       2771 23.09166666667   56.09278   186.63884       0               -22.123
       2772 23.10000000000   55.85678   186.49715       0               -21.972
       2773 23.10833333333   55.62049   186.35810       0               -21.816
       2774 23.11666666667   55.38391   186.22166       0               -21.699
       2775 23.12500000000   55.14705   186.08776       0               -21.573
       2776 23.13333333333   54.90993   185.95635       0               -21.447
       2777 23.14166666667   54.67255   185.82738       0               -21.302
       2778 23.15000000000   54.43493   185.70081       0               -21.160
       2779 23.15833333333   54.19707   185.57657       0               -21.030
       2780 23.16666666667   53.95898   185.45462       0               -20.905
       2781 23.17500000000   53.72067   185.33492       0               -20.746
       2782 23.18333333333   53.48215   185.21742       0               -20.591
       2783 23.19166666667   53.24343   185.10207       0               -20.396
       2784 23.20000000000   53.00452   184.98884       0               -20.251
       2785 23.20833333333   52.76542   184.87766       0               -20.114
       2786 23.21666666667   52.52615   184.76852       0               -19.972
       2787 23.22500000000   52.28671   184.66136       0               -19.834
       2788 23.23333333333   52.04711   184.55614       0               -19.709
       2789 23.24166666667   51.80736   184.45282       0               -19.607
       2790 23.25000000000   51.56747   184.35137       0               -19.505
       2791 23.25833333333   51.32743   184.25175       0               -19.334
       2792 23.26666666667   51.08727   184.15391       0               -19.178
       2793 23.27500000000   50.84698   184.05783       0               -19.021
       2794 23.28333333333   50.60658   183.96347       0               -18.868
       2795 23.29166666667   50.36607   183.87080       0               -18.732
       2796 23.30000000000   50.12546   183.77977       0               -18.573
       2797 23.30833333333   49.88475   183.69036       0               -18.397
       2798 23.31666666667   49.64395   183.60254       0               -18.245
       2799 23.32500000000   49.40306   183.51626       0               -18.107
       2800 23.33333333333   49.16210   183.43151       0               -17.886
       2801 23.34166666667   48.92107   183.34825       0               -17.664
       2802 23.35000000000   48.67998   183.26646       0               -17.466
       2803 23.35833333333   48.43882   183.18609       0               -17.272
       2804 23.36666666667   48.19761   183.10713       0               -17.079
       2805 23.37500000000   47.95636   183.02954       0               -16.904
       2806 23.38333333333   47.71506   182.95330       0               -16.782
       2807 23.39166666667   47.47372   182.87838       0               -16.620
       2808 23.40000000000   47.23235   182.80476       0               -16.524
       2809 23.40833333333   46.99096   182.73241       0               -16.363
       2810 23.41666666667   46.74954   182.66129       0               -16.252
       2811 23.42500000000   46.50811   182.59140       0               -16.153
       2812 23.43333333333   46.26667   182.52271       0               -16.010
       2813 23.44166666667   46.02522   182.45518       0               -15.920
       2814 23.45000000000   45.78377   182.38880       0               -15.726
       2815 23.45833333333   45.54232   182.32354       0               -15.607
       2816 23.46666666667   45.30088   182.25939       0               -15.493
       2817 23.47500000000   45.05945   182.19632       0               -15.353
       2818 23.48333333333   44.81803   182.13431       0               -15.179
       2819 23.49166666667   44.57664   182.07333       0               -15.007
       2820 23.50000000000   44.33527   182.01337       0               -14.832
       2821 23.50833333333   44.09394   181.95441       0               -14.693
       2822 23.51666666667   43.85263   181.89642       0               -14.551
       2823 23.52500000000   43.61137   181.83939       0               -14.416
       2824 23.53333333333   43.37014   181.78330       0               -14.268
       2825 23.54166666667   43.12896   181.72813       0               -14.159
       2826 23.55000000000   42.88783   181.67386       0               -14.011
       2827 23.55833333333   42.64675   181.62047       0               -13.901
       2828 23.56666666667   42.40573   181.56794       0               -13.765
       2829 23.57500000000   42.16477   181.51626       0               -13.622
       2830 23.58333333333   41.92388   181.46542       0               -13.493
       2831 23.59166666667   41.68305   181.41538       0               -13.338
       2832 23.60000000000   41.44229   181.36615       0               -13.192
       2833 23.60833333333   41.20161   181.31769       0               -13.023
       2834 23.61666666667   40.96100   181.27000       0               -12.876
       2835 23.62500000000   40.72048   181.22306       0               -12.751
       2836 23.63333333333   40.48004   181.17685       0               -12.602
       2837 23.64166666667   40.23969   181.13136       0               -12.462
       2838 23.65000000000   39.99943   181.08657       0               -12.309
       2839 23.65833333333   39.75927   181.04248       0               -12.137
       2840 23.66666666667   39.51920   180.99906       0               -11.977
       2841 23.67500000000   39.27924   180.95630       0               -11.871
       2842 23.68333333333   39.03937   180.91418       0               -11.694
       2843 23.69166666667   38.79961   180.87271       0               -11.566
       2844 23.70000000000   38.55997   180.83185       0               -11.412
       2845 23.70833333333   38.32043   180.79160       0               -11.264
       2846 23.71666666667   38.08101   180.75194       0               -11.138
       2847 23.72500000000   37.84170   180.71287       0               -10.961
       2848 23.73333333333   37.60252   180.67437       0               -10.798
       2849 23.74166666667   37.36346   180.63642       0               -10.619
       2850 23.75000000000   37.12453   180.59902       0               -10.464
       2851 23.75833333333   36.88572   180.56215       0               -10.316
       2852 23.76666666667   36.64704   180.52581       0               -10.148
       2853 23.77500000000   36.40850   180.48997       0                -9.981
       2854 23.78333333333   36.17010   180.45464       0                -9.831
       2855 23.79166666667   35.93183   180.41979       0                -9.684
       2856 23.80000000000   35.69370   180.38542       0                -9.504
       2857 23.80833333333   35.45572   180.35152       0                -9.346
       2858 23.81666666667   35.21788   180.31808       0                -9.189
       2859 23.82500000000   34.98019   180.28508       0                -9.016
       2860 23.83333333333   34.74265   180.25251       0                -8.830
       2861 23.84166666667   34.50526   180.22038       0                -8.657
       2862 23.85000000000   34.26803   180.18865       0                -8.530
       2863 23.85833333333   34.03095   180.15734       0                -8.380
       2864 23.86666666667   33.79403   180.12642       0                -8.212
       2865 23.87500000000   33.55728   180.09589       0                -8.063
       2866 23.88333333333   33.32068   180.06573       0                -7.886
       2867 23.89166666667   33.08425   180.03595       0                -7.731
       2868 23.90000000000   32.84799   180.00652       0                -7.611
       2869 23.90833333333   32.61190   179.97745       0                -7.407
       2870 23.91666666667   32.37598   179.94872       0                -7.234
       2871 23.92500000000   32.14023   179.92032       0                -7.007
       2872 23.93333333333   31.90466   179.89225       0                -6.853
       2873 23.94166666667   31.66927   179.86449       0                -6.688
       2874 23.95000000000   31.43405   179.83705       0                -6.541
       2875 23.95833333333   31.19902   179.80990       0                -6.390
       2876 23.96666666667   30.96416   179.78305       0                -6.209
       2877 23.97500000000   30.72950   179.75648       0                -6.056
       2878 23.98333333333   30.49502   179.73018       0                -5.892
       2879 23.99166666667   30.26072   179.70416       0                -5.721
