# Created on 2018-12-12 16:17:49 
# Sources: d:\gpsother\tec-suite\in\2015\abcd0770.15d.Z, d:\gpsother\tec-suite\in\2015\brdc0770.15g.Z
# Satellite: R24 (k = 2.0)
# Interval: 30.0
# Sampling interval: 0.0 (not used).
# Site: abcd
# Position (L, B, H): 253.601641965, 52.1962622634, 578.574894483
# Position (X, Y, Z): -1106129.71, -3758704.03, 5016675.77
# datetime format: %Y-%m-%dT%H:%M:%S
# Columns: tsn, hour, el, az, validity, tec.l1l2
# (I11,1X,F14.11,1X,F10.5,1X,F11.5,1X,I7,1X,F21.3)
          0  0.00000000000   41.48827    58.01639       0               103.506
          1  0.00833333333   41.43275    57.66574       0               104.032
          2  0.01666666667   41.37500    57.31639       0               103.899
          3  0.02500000000   41.31503    56.96838       0               103.385
          4  0.03333333333   41.25286    56.62175       0               102.944
          5  0.04166666667   41.18850    56.27651       0               103.212
          6  0.05000000000   41.12196    55.93271       0               103.578
          7  0.05833333333   41.05325    55.59038       0               104.007
          8  0.06666666667   40.98239    55.24954       0               103.448
          9  0.07500000000   40.90940    54.91022       0               102.983
         10  0.08333333333   40.83428    54.57245       0               103.831
         11  0.09166666667   40.75705    54.23626       0               104.314
         12  0.10000000000   40.67772    53.90167       0               103.268
         13  0.10833333333   40.59631    53.56871       0               105.086
         14  0.11666666667   40.51284    53.23741       0               103.796
         15  0.12500000000   40.42731    52.90779       0               102.759
         16  0.13333333333   40.33974    52.57987       0               103.991
         17  0.14166666667   40.25015    52.25368       0               103.878
         18  0.15000000000   40.15856    51.92923       0               105.172
         19  0.15833333333   40.06497    51.60655       0               103.938
         20  0.16666666667   39.96941    51.28566       0               103.851
         21  0.17500000000   39.87188    50.96658       0               103.973
         22  0.18333333333   39.77241    50.64933       0               104.364
         23  0.19166666667   39.67101    50.33392       0               105.803
         24  0.20000000000   39.56770    50.02037       0               105.001
         25  0.20833333333   39.46249    49.70871       0               103.195
         26  0.21666666667   39.35539    49.39893       0               103.729
         27  0.22500000000   39.24644    49.09107       0               103.749
         28  0.23333333333   39.13563    48.78514       0               103.575
         29  0.24166666667   39.02299    48.48114       0               103.627
         30  0.25000000000   38.90853    48.17909       0               103.199
         31  0.25833333333   38.79228    47.87900       0               103.070
         32  0.26666666667   38.67424    47.58089       0               103.776
         33  0.27500000000   38.55443    47.28477       0               104.147
         34  0.28333333333   38.43287    46.99064       0               103.476
         35  0.29166666667   38.30958    46.69851       0               103.996
         36  0.30000000000   38.18457    46.40840       0               103.789
         37  0.30833333333   38.05786    46.12031       0               103.746
         38  0.31666666667   37.92947    45.83426       0               105.208
         39  0.32500000000   37.79940    45.55023       0               104.036
         40  0.33333333333   37.66769    45.26825       0               104.363
         41  0.34166666667   37.53433    44.98832       0               104.967
         42  0.35000000000   37.39936    44.71045       0               105.423
         43  0.35833333333   37.26279    44.43463       0               103.926
         44  0.36666666667   37.12463    44.16087       0               103.004
         45  0.37500000000   36.98490    43.88918       0               103.385
         46  0.38333333333   36.84361    43.61955       0               103.495
         47  0.39166666667   36.70079    43.35200       0               102.774
         48  0.40000000000   36.55645    43.08652       0               102.690
         49  0.40833333333   36.41060    42.82311       0               102.827
         50  0.41666666667   36.26326    42.56178       0               103.476
         51  0.42500000000   36.11445    42.30252       0               104.015
         52  0.43333333333   35.96418    42.04533       0               103.416
         53  0.44166666667   35.81247    41.79022       0               103.733
         54  0.45000000000   35.65933    41.53719       0               104.332
         55  0.45833333333   35.50479    41.28622       0               102.836
         56  0.46666666667   35.34884    41.03732       0               103.244
         57  0.47500000000   35.19152    40.79049       0               103.315
         58  0.48333333333   35.03284    40.54573       0               103.137
         59  0.49166666667   34.87280    40.30302       0               104.186
         60  0.50000000000   34.71144    40.06238       0               103.224
         61  0.50833333333   34.56137    39.84988       0               103.003
         62  0.51666666667   34.39720    39.61385       0               103.155
         63  0.52500000000   34.23184    39.38004       0               103.795
         64  0.53333333333   34.06529    39.14843       0               102.965
         65  0.54166666667   33.89758    38.91903       0               103.361
         66  0.55000000000   33.72872    38.69183       0               104.025
         67  0.55833333333   33.55872    38.46681       0               104.303
         68  0.56666666667   33.38761    38.24397       0               103.862
         69  0.57500000000   33.21539    38.02331       0               104.122
         70  0.58333333333   33.04208    37.80480       0               104.591
         71  0.59166666667   32.86769    37.58846       0               104.387
         72  0.60000000000   32.69225    37.37425       0               104.862
         73  0.60833333333   32.51576    37.16219       0               104.065
         74  0.61666666667   32.33824    36.95225       0               104.986
         75  0.62500000000   32.15971    36.74443       0               103.877
         76  0.63333333333   31.98017    36.53872       0               104.095
         77  0.64166666667   31.79964    36.33510       0               104.151
         78  0.65000000000   31.61814    36.13357       0               104.670
         79  0.65833333333   31.43567    35.93412       0               104.007
         80  0.66666666667   31.25226    35.73674       0               103.945
         81  0.67500000000   31.06792    35.54141       0               103.817
         82  0.68333333333   30.88265    35.34813       0               103.910
         83  0.69166666667   30.69647    35.15688       0               104.257
         84  0.70000000000   30.50940    34.96766       0               104.128
         85  0.70833333333   30.32144    34.78045       0               104.379
         86  0.71666666667   30.13261    34.59524       0               104.288
         87  0.72500000000   29.94293    34.41202       0               103.871
         88  0.73333333333   29.75239    34.23078       0               104.459
         89  0.74166666667   29.56103    34.05151       0               104.234
         90  0.75000000000   29.36884    33.87419       0               104.726
         91  0.75833333333   29.17584    33.69882       0               104.344
         92  0.76666666667   28.98204    33.52537       0               103.946
         93  0.77500000000   28.78746    33.35385       0               104.056
         94  0.78333333333   28.59210    33.18424       0               104.331
         95  0.79166666667   28.39597    33.01653       0               103.499
         96  0.80000000000   28.19909    32.85070       0               103.830
         97  0.80833333333   28.00147    32.68675       0               103.937
         98  0.81666666667   27.80312    32.52465       0               104.187
         99  0.82500000000   27.60404    32.36441       0               104.445
        100  0.83333333333   27.40425    32.20601       0               104.610
        101  0.84166666667   27.20377    32.04943       0               104.961
        102  0.85000000000   27.00259    31.89466       0               104.718
        103  0.85833333333   26.80074    31.74170       0               104.832
        104  0.86666666667   26.59821    31.59053       0               105.127
        105  0.87500000000   26.39503    31.44113       0               105.226
        106  0.88333333333   26.19119    31.29351       0               104.995
        107  0.89166666667   25.98671    31.14763       0               104.690
        108  0.90000000000   25.78161    31.00351       0               105.215
        109  0.90833333333   25.57588    30.86111       0               104.794
        110  0.91666666667   25.36954    30.72043       0               105.319
        111  0.92500000000   25.16259    30.58146       0               104.645
        112  0.93333333333   24.95506    30.44418       0               104.717
        113  0.94166666667   24.74693    30.30859       0               104.867
        114  0.95000000000   24.53823    30.17467       0               105.606
        115  0.95833333333   24.32897    30.04241       0               105.715
        116  0.96666666667   24.11914    29.91181       0               106.453
        117  0.97500000000   23.90877    29.78284       0               106.239
        118  0.98333333333   23.69785    29.65549       0               105.413
        119  0.99166666667   23.48640    29.52976       0               105.002
        120  1.00000000000   23.27443    29.40564       0               104.953
        121  1.00833333333   23.08207    29.29149       0               105.532
        122  1.01666666667   22.86910    29.17104       0               105.523
        123  1.02500000000   22.65576    29.05222       0               104.718
        124  1.03333333333   22.44207    28.93501       0               105.265
        125  1.04166666667   22.22803    28.81939       0               105.623
        126  1.05000000000   22.01364    28.70536       0               106.192
        127  1.05833333333   21.79891    28.59290       0               106.363
        128  1.06666666667   21.58386    28.48200       0               108.438
        129  1.07500000000   21.36847    28.37265       0               108.058
        130  1.08333333333   21.15277    28.26484       0               108.442
        131  1.09166666667   20.93675    28.15855       0               107.875
        132  1.10000000000   20.72043    28.05378       0               109.913
        133  1.10833333333   20.50380    27.95051       0               108.318
        134  1.11666666667   20.28688    27.84873       0               107.964
        135  1.12500000000   20.06967    27.74844       0               107.955
        136  1.13333333333   19.85217    27.64961       0               107.316
        137  1.14166666667   19.63440    27.55225       0               107.790
        138  1.15000000000   19.41635    27.45633       0               106.904
        139  1.15833333333   19.19803    27.36185       0               106.886
        140  1.16666666667   18.97945    27.26880       0               106.335
        141  1.17500000000   18.76061    27.17716       0               105.830
        142  1.18333333333   18.54152    27.08693       0               106.072
        143  1.19166666667   18.32219    26.99810       0               106.295
        144  1.20000000000   18.10261    26.91065       0               106.361
        145  1.20833333333   17.88279    26.82458       0               106.146
        146  1.21666666667   17.66274    26.73988       0               106.837
        147  1.22500000000   17.44246    26.65653       0               106.152
        148  1.23333333333   17.22196    26.57453       0               106.369
        149  1.24166666667   17.00124    26.49386       0               105.712
        150  1.25000000000   16.78030    26.41453       0               105.569
        151  1.25833333333   16.55916    26.33651       0               105.674
        152  1.26666666667   16.33781    26.25980       0               106.396
        153  1.27500000000   16.11626    26.18439       0               105.528
        154  1.28333333333   15.89451    26.11027       0               106.623
        155  1.29166666667   15.67257    26.03744       0               106.239
        156  1.30000000000   15.45045    25.96587       0               105.055
        157  1.30833333333   15.22814    25.89557       0               104.386
        158  1.31666666667   15.00565    25.82653       0               104.810
        159  1.32500000000   14.78298    25.75874       0               105.097
        160  1.33333333333   14.56014    25.69218       0               103.679
        161  1.34166666667   14.33714    25.62685       0               103.686
        162  1.35000000000   14.11397    25.56275       0               103.028
        163  1.35833333333   13.89065    25.49986       0               103.250
        164  1.36666666667   13.66716    25.43817       0               103.331
        165  1.37500000000   13.44353    25.37769       0               103.566
        166  1.38333333333   13.21975    25.31839       0               103.796
        167  1.39166666667   12.99582    25.26028       0               103.704
        168  1.40000000000   12.77175    25.20334       0               103.168
        169  1.40833333333   12.54755    25.14757       0               103.171
        170  1.41666666667   12.32321    25.09296       0               103.217
        171  1.42500000000   12.09875    25.03950       0               102.909
        172  1.43333333333   11.87416    24.98719       0               103.607
        173  1.44166666667   11.64944    24.93602       0               103.222
        174  1.45000000000   11.42461    24.88597       0               102.945
        175  1.45833333333   11.19966    24.83705       0               102.865
        176  1.46666666667   10.97460    24.78925       0               103.133
        177  1.47500000000   10.74943    24.74256       0               103.568
        178  1.48333333333   10.52416    24.69698       0               103.295
        179  1.49166666667   10.29879    24.65249       0               103.374
        180  1.50000000000   10.07331    24.60909       0               103.732
        181  1.50833333333    9.86400    24.55880       0               103.401
        182  1.51666666667    9.63849    24.51795       0               103.315
        183  1.52500000000    9.41299    24.47812       0               103.310
        184  1.53333333333    9.18752    24.43930       0               103.366
        185  1.54166666667    8.96206    24.40147       0               103.535
        186  1.55000000000    8.73663    24.36465       0               104.032
        187  1.55833333333    8.51122    24.32881       0               103.664
        188  1.56666666667    8.28584    24.29396       0               103.373
        189  1.57500000000    8.06048    24.26009       0               103.199
        190  1.58333333333    7.83515    24.22719       0               102.809
        191  1.59166666667    7.60985    24.19526       0               102.486
        192  1.60000000000    7.38458    24.16430       0               102.269
        193  1.60833333333    7.15934    24.13429       0               102.421
        194  1.61666666667    6.93414    24.10523       0               102.746
        195  1.62500000000    6.70897    24.07712       0               102.810
        196  1.63333333333    6.48384    24.04995       0               102.941
        197  1.64166666667    6.25874    24.02372       0               102.633
        198  1.65000000000    6.03369    23.99842       0               102.517
        199  1.65833333333    5.80867    23.97405       0               102.651
        200  1.66666666667    5.58370    23.95061       0               103.026
        201  1.67500000000    5.35877    23.92808       0               103.313
        202  1.68333333333    5.13388    23.90646       0               103.152
       1280 10.66666666667    5.26583   312.36412       0                -0.986
       1281 10.67500000000    5.48056   312.45878       0                -1.581
       1282 10.68333333333    5.69560   312.55294       0                -0.616
       1283 10.69166666667    5.91096   312.64659       0                -0.950
       1284 10.70000000000    6.12663   312.73974       0                -1.436
       1285 10.70833333333    6.34261   312.83239       0                -1.600
       1286 10.71666666667    6.55890   312.92454       0                -2.028
       1287 10.72500000000    6.77550   313.01618       0                -2.087
       1288 10.73333333333    6.99242   313.10732       0                -2.566
       1289 10.74166666667    7.20964   313.19796       0                -2.477
       1290 10.75000000000    7.42718   313.28809       0                -1.944
       1291 10.75833333333    7.64503   313.37772       0                -2.360
       1292 10.76666666667    7.86320   313.46685       0                -3.053
       1293 10.77500000000    8.08167   313.55548       0                -3.345
       1294 10.78333333333    8.30046   313.64360       0                -3.372
       1295 10.79166666667    8.51956   313.73122       0                -3.228
       1296 10.80000000000    8.73897   313.81833       0                -3.328
       1297 10.80833333333    8.95870   313.90495       0                -3.044
       1298 10.81666666667    9.17874   313.99105       0                -3.557
       1299 10.82500000000    9.39909   314.07666       0                -3.574
       1300 10.83333333333    9.61976   314.16176       0                -3.716
       1301 10.84166666667    9.84075   314.24635       0                -3.246
       1302 10.85000000000   10.06205   314.33044       0                -3.200
       1303 10.85833333333   10.28367   314.41402       0                -2.771
       1304 10.86666666667   10.50560   314.49710       0                -2.875
       1305 10.87500000000   10.72785   314.57967       0                -2.904
       1306 10.88333333333   10.95042   314.66174       0                -3.408
       1307 10.89166666667   11.17331   314.74329       0                -3.350
       1308 10.90000000000   11.39652   314.82434       0                -3.862
       1309 10.90833333333   11.62005   314.90488       0                -4.222
       1310 10.91666666667   11.84390   314.98491       0                -4.197
       1311 10.92500000000   12.06807   315.06444       0                -4.466
       1312 10.93333333333   12.29256   315.14345       0                -4.799
       1313 10.94166666667   12.51738   315.22195       0                -4.745
       1314 10.95000000000   12.74253   315.29994       0                -4.778
       1315 10.95833333333   12.96800   315.37741       0                -4.475
       1316 10.96666666667   13.19379   315.45438       0                -5.239
       1317 10.97500000000   13.41992   315.53082       0                -5.439
       1318 10.98333333333   13.64638   315.60676       0                -5.546
       1319 10.99166666667   13.87316   315.68217       0                -5.503
       1320 11.00000000000   14.10028   315.75707       0                -5.527
       1321 11.00833333333   14.32279   315.80843       0                -6.180
       1322 11.01666666667   14.55073   315.88159       0                -6.438
       1323 11.02500000000   14.77896   315.95408       0                -6.599
       1324 11.03333333333   15.00750   316.02589       0                -6.789
       1325 11.04166666667   15.23633   316.09702       0                -7.120
       1326 11.05000000000   15.46546   316.16747       0                -7.206
       1327 11.05833333333   15.69489   316.23723       0                -7.472
       1328 11.06666666667   15.92461   316.30630       0                -7.798
       1329 11.07500000000   16.15464   316.37468       0                -7.958
       1330 11.08333333333   16.38496   316.44237       0                -8.088
       1331 11.09166666667   16.61557   316.50936       0                -8.539
       1332 11.10000000000   16.84649   316.57564       0                -8.529
       1333 11.10833333333   17.07770   316.64122       0                -8.297
       1334 11.11666666667   17.30921   316.70609       0                -8.532
       1335 11.12500000000   17.54102   316.77025       0                -8.768
       1336 11.13333333333   17.77312   316.83370       0                -8.864
       1337 11.14166666667   18.00552   316.89642       0                -8.772
       1338 11.15000000000   18.23822   316.95843       0                -8.626
       1339 11.15833333333   18.47122   317.01971       0                -8.897
       1340 11.16666666667   18.70451   317.08026       0                -8.463
       1341 11.17500000000   18.93811   317.14007       0                -8.794
       1342 11.18333333333   19.17200   317.19915       0                -8.604
       1343 11.19166666667   19.40619   317.25749       0                -9.235
       1344 11.20000000000   19.64068   317.31508       0                -8.637
       1345 11.20833333333   19.87547   317.37192       0                -8.966
       1346 11.21666666667   20.11056   317.42801       0                -9.596
       1347 11.22500000000   20.34595   317.48334       0                -9.765
       1348 11.23333333333   20.58165   317.53791       0               -10.068
       1349 11.24166666667   20.81764   317.59171       0               -10.348
       1350 11.25000000000   21.05393   317.64474       0               -10.714
       1351 11.25833333333   21.29053   317.69700       0               -10.879
       1352 11.26666666667   21.52743   317.74847       0               -11.174
       1353 11.27500000000   21.76463   317.79915       0               -11.129
       1354 11.28333333333   22.00214   317.84905       0               -11.300
       1355 11.29166666667   22.23995   317.89814       0               -11.457
       1356 11.30000000000   22.47807   317.94644       0               -11.518
       1357 11.30833333333   22.71649   317.99393       0               -11.253
       1358 11.31666666667   22.95522   318.04060       0               -11.610
       1359 11.32500000000   23.19426   318.08646       0               -11.511
       1360 11.33333333333   23.43360   318.13149       0               -11.819
       1361 11.34166666667   23.67325   318.17570       0               -11.847
       1362 11.35000000000   23.91321   318.21906       0               -11.835
       1363 11.35833333333   24.15348   318.26159       0               -12.099
       1364 11.36666666667   24.39406   318.30327       0               -12.404
       1365 11.37500000000   24.63495   318.34409       0               -12.438
       1366 11.38333333333   24.87616   318.38405       0               -12.425
       1367 11.39166666667   25.11768   318.42315       0               -12.462
       1368 11.40000000000   25.35951   318.46137       0               -12.631
       1369 11.40833333333   25.60165   318.49871       0               -12.881
       1370 11.41666666667   25.84411   318.53516       0               -13.099
       1371 11.42500000000   26.08689   318.57071       0               -13.290
       1372 11.43333333333   26.32998   318.60537       0               -13.500
       1373 11.44166666667   26.57339   318.63911       0               -13.659
       1374 11.45000000000   26.81712   318.67193       0               -13.765
       1375 11.45833333333   27.06117   318.70383       0               -13.828
       1376 11.46666666667   27.30554   318.73480       0               -13.797
       1377 11.47500000000   27.55023   318.76482       0               -13.720
       1378 11.48333333333   27.79524   318.79389       0               -13.735
       1379 11.49166666667   28.04057   318.82200       0               -13.658
       1380 11.50000000000   28.28623   318.84915       0               -13.406
       1381 11.50833333333   28.51467   318.86211       0               -13.507
       1382 11.51666666667   28.76090   318.88657       0               -13.508
       1383 11.52500000000   29.00733   318.90993       0               -13.549
       1384 11.53333333333   29.25397   318.93221       0               -13.528
       1385 11.54166666667   29.50080   318.95337       0               -13.457
       1386 11.55000000000   29.74784   318.97342       0               -13.492
       1387 11.55833333333   29.99508   318.99234       0               -13.494
       1388 11.56666666667   30.24251   319.01012       0               -13.518
       1389 11.57500000000   30.49014   319.02675       0               -13.493
       1390 11.58333333333   30.73798   319.04221       0               -13.581
       1391 11.59166666667   30.98600   319.05650       0               -13.630
       1392 11.60000000000   31.23422   319.06960       0               -13.674
       1393 11.60833333333   31.48264   319.08150       0               -13.681
       1394 11.61666666667   31.73125   319.09219       0               -13.668
       1395 11.62500000000   31.98005   319.10165       0               -13.751
       1396 11.63333333333   32.22903   319.10987       0               -13.860
       1397 11.64166666667   32.47821   319.11683       0               -13.892
       1398 11.65000000000   32.72758   319.12253       0               -14.055
       1399 11.65833333333   32.97714   319.12694       0               -14.140
       1400 11.66666666667   33.22688   319.13006       0               -14.267
       1401 11.67500000000   33.47680   319.13186       0               -14.325
       1402 11.68333333333   33.72691   319.13234       0               -14.334
       1403 11.69166666667   33.97720   319.13148       0               -14.415
       1404 11.70000000000   34.22766   319.12925       0               -14.473
       1405 11.70833333333   34.47831   319.12566       0               -14.506
       1406 11.71666666667   34.72914   319.12067       0               -14.599
       1407 11.72500000000   34.98014   319.11428       0               -14.725
       1408 11.73333333333   35.23131   319.10646       0               -14.877
       1409 11.74166666667   35.48266   319.09720       0               -14.864
       1410 11.75000000000   35.73418   319.08648       0               -14.854
       1411 11.75833333333   35.98587   319.07428       0               -14.756
       1412 11.76666666667   36.23772   319.06059       0               -14.643
       1413 11.77500000000   36.48974   319.04537       0               -14.748
       1414 11.78333333333   36.74192   319.02863       0               -14.898
       1415 11.79166666667   36.99427   319.01033       0               -14.774
       1416 11.80000000000   37.24677   318.99046       0               -14.974
       1417 11.80833333333   37.49943   318.96899       0               -14.831
       1418 11.81666666667   37.75225   318.94590       0               -14.590
       1419 11.82500000000   38.00521   318.92118       0               -14.801
       1420 11.83333333333   38.25833   318.89479       0               -14.820
       1421 11.84166666667   38.51160   318.86673       0               -14.934
       1422 11.85000000000   38.76500   318.83695       0               -14.979
       1423 11.85833333333   39.01855   318.80545       0               -15.236
       1424 11.86666666667   39.27224   318.77220       0               -15.428
       1425 11.87500000000   39.52607   318.73717       0               -15.501
       1426 11.88333333333   39.78003   318.70034       0               -15.618
       1427 11.89166666667   40.03412   318.66168       0               -15.603
       1428 11.90000000000   40.28833   318.62117       0               -15.695
       1429 11.90833333333   40.54267   318.57878       0               -15.649
       1430 11.91666666667   40.79713   318.53448       0               -15.515
       1431 11.92500000000   41.05170   318.48825       0               -15.349
       1432 11.93333333333   41.30638   318.44005       0               -15.043
       1433 11.94166666667   41.56118   318.38986       0               -15.178
       1434 11.95000000000   41.81607   318.33765       0               -15.227
       1435 11.95833333333   42.07107   318.28339       0               -15.283
       1436 11.96666666667   42.32616   318.22704       0               -15.259
       1437 11.97500000000   42.58134   318.16858       0               -15.257
       1438 11.98333333333   42.83661   318.10797       0               -15.301
       1439 11.99166666667   43.09196   318.04518       0               -15.129
       1440 12.00000000000   43.34738   317.98018       0               -15.118
       1441 12.00833333333   43.57853   317.91779       0               -15.023
       1442 12.01666666667   43.83376   317.84766       0               -14.897
       1443 12.02500000000   44.08888   317.77525       0               -14.853
       1444 12.03333333333   44.34389   317.70052       0               -14.800
       1445 12.04166666667   44.59877   317.62343       0               -14.818
       1446 12.05000000000   44.85353   317.54395       0               -14.740
       1447 12.05833333333   45.10815   317.46203       0               -14.767
       1448 12.06666666667   45.36263   317.37765       0               -14.836
       1449 12.07500000000   45.61696   317.29075       0               -14.864
       1450 12.08333333333   45.87113   317.20130       0               -14.911
       1451 12.09166666667   46.12513   317.10926       0               -14.945
       1452 12.10000000000   46.37895   317.01459       0               -14.992
       1453 12.10833333333   46.63260   316.91724       0               -15.047
       1454 12.11666666667   46.88605   316.81717       0               -15.058
       1455 12.12500000000   47.13929   316.71433       0               -15.119
       1456 12.13333333333   47.39233   316.60869       0               -15.046
       1457 12.14166666667   47.64514   316.50018       0               -14.846
       1458 12.15000000000   47.89773   316.38878       0               -14.913
       1459 12.15833333333   48.15007   316.27441       0               -14.827
       1460 12.16666666667   48.40216   316.15705       0               -14.982
       1461 12.17500000000   48.65399   316.03663       0               -14.908
       1462 12.18333333333   48.90554   315.91310       0               -14.967
       1463 12.19166666667   49.15681   315.78641       0               -15.029
       1464 12.20000000000   49.40778   315.65651       0               -14.868
       1465 12.20833333333   49.65844   315.52335       0               -15.037
       1466 12.21666666667   49.90878   315.38686       0               -15.208
       1467 12.22500000000   50.15878   315.24698       0               -15.081
       1468 12.23333333333   50.40843   315.10367       0               -15.368
       1469 12.24166666667   50.65773   314.95686       0               -15.013
       1470 12.25000000000   50.90664   314.80648       0               -15.131
       1471 12.25833333333   51.15516   314.65248       0               -15.381
       1472 12.26666666667   51.40328   314.49480       0               -15.409
       1473 12.27500000000   51.65098   314.33336       0               -15.478
       1474 12.28333333333   51.89823   314.16810       0               -15.486
       1475 12.29166666667   52.14504   313.99896       0               -15.529
       1476 12.30000000000   52.39137   313.82587       0               -15.513
       1477 12.30833333333   52.63721   313.64875       0               -15.533
       1478 12.31666666667   52.88255   313.46753       0               -15.637
       1479 12.32500000000   53.12736   313.28214       0               -15.630
       1480 12.33333333333   53.37163   313.09252       0               -15.744
       1481 12.34166666667   53.61533   312.89857       0               -15.662
       1482 12.35000000000   53.85845   312.70022       0               -15.661
       1483 12.35833333333   54.10097   312.49740       0               -15.730
       1484 12.36666666667   54.34286   312.29002       0               -15.773
       1485 12.37500000000   54.58411   312.07801       0               -15.801
       1486 12.38333333333   54.82468   311.86128       0               -15.846
       1487 12.39166666667   55.06456   311.63974       0               -15.820
       1488 12.40000000000   55.30372   311.41331       0               -15.877
       1489 12.40833333333   55.54214   311.18190       0               -15.913
       1490 12.41666666667   55.77979   310.94543       0               -15.906
       1491 12.42500000000   56.01664   310.70380       0               -15.939
       1492 12.43333333333   56.25268   310.45692       0               -15.986
       1493 12.44166666667   56.48787   310.20470       0               -16.027
       1494 12.45000000000   56.72217   309.94704       0               -16.063
       1495 12.45833333333   56.95558   309.68384       0               -16.092
       1496 12.46666666667   57.18804   309.41502       0               -16.070
       1497 12.47500000000   57.41954   309.14046       0               -16.090
       1498 12.48333333333   57.65004   308.86008       0               -16.174
       1499 12.49166666667   57.87951   308.57377       0               -16.183
       1500 12.50000000000   58.10791   308.28142       0               -16.154
       1501 12.50833333333   58.32570   308.01212       0               -16.165
       1502 12.51666666667   58.55141   307.70724       0               -16.191
       1503 12.52500000000   58.77583   307.39628       0               -16.227
       1504 12.53333333333   58.99894   307.07916       0               -16.252
       1505 12.54166666667   59.22069   306.75577       0               -16.272
       1506 12.55000000000   59.44104   306.42602       0               -16.285
       1507 12.55833333333   59.65997   306.08980       0               -16.284
       1508 12.56666666667   59.87743   305.74702       0               -16.296
       1509 12.57500000000   60.09338   305.39757       0               -16.356
       1510 12.58333333333   60.30778   305.04134       0               -16.349
       1511 12.59166666667   60.52059   304.67825       0               -16.408
       1512 12.60000000000   60.73177   304.30819       0               -16.431
       1513 12.60833333333   60.94127   303.93105       0               -16.456
       1514 12.61666666667   61.14905   303.54674       0               -16.463
       1515 12.62500000000   61.35506   303.15517       0               -16.465
       1516 12.63333333333   61.55926   302.75622       0               -16.475
       1517 12.64166666667   61.76159   302.34980       0               -16.529
       1518 12.65000000000   61.96202   301.93582       0               -16.534
       1519 12.65833333333   62.16048   301.51418       0               -16.564
       1520 12.66666666667   62.35694   301.08479       0               -16.581
       1521 12.67500000000   62.55133   300.64755       0               -16.568
       1522 12.68333333333   62.74360   300.20239       0               -16.553
       1523 12.69166666667   62.93370   299.74921       0               -16.559
       1524 12.70000000000   63.12158   299.28793       0               -16.554
       1525 12.70833333333   63.30717   298.81847       0               -16.561
       1526 12.71666666667   63.49043   298.34075       0               -16.560
       1527 12.72500000000   63.67128   297.85471       0               -16.574
       1528 12.73333333333   63.84968   297.36027       0               -16.578
       1529 12.74166666667   64.02556   296.85737       0               -16.575
       1530 12.75000000000   64.19313   296.36314       0               -16.579
       1531 12.75833333333   64.36952   295.82598       0               -16.585
       1532 12.76666666667   64.53748   295.29738       0               -16.590
       1533 12.77500000000   64.70266   294.76014       0               -16.592
       1534 12.78333333333   64.86501   294.21420       0               -16.604
       1535 12.79166666667   65.02447   293.65955       0               -16.593
       1536 12.80000000000   65.18095   293.09617       0               -16.588
       1537 12.80833333333   65.33441   292.52405       0               -16.592
       1538 12.81666666667   65.48476   291.94319       0               -16.575
       1539 12.82500000000   65.63195   291.35360       0               -16.567
       1540 12.83333333333   65.77590   290.75529       0               -16.571
       1541 12.84166666667   65.91655   290.14830       0               -16.538
       1542 12.85000000000   66.05383   289.53266       0               -16.530
       1543 12.85833333333   66.18766   288.90842       0               -16.548
       1544 12.86666666667   66.31798   288.27565       0               -16.571
       1545 12.87500000000   66.44471   287.63442       0               -16.588
       1546 12.88333333333   66.56780   286.98482       0               -16.577
       1547 12.89166666667   66.68717   286.32694       0               -16.541
       1548 12.90000000000   66.80275   285.66089       0               -16.509
       1549 12.90833333333   66.91447   284.98681       0               -16.487
       1550 12.91666666667   67.02228   284.30482       0               -16.471
       1551 12.92500000000   67.12609   283.61509       0               -16.430
       1552 12.93333333333   67.22585   282.91778       0               -16.392
       1553 12.94166666667   67.32148   282.21308       0               -16.401
       1554 12.95000000000   67.41294   281.50117       0               -16.402
       1555 12.95833333333   67.50015   280.78228       0               -16.422
       1556 12.96666666667   67.58305   280.05662       0               -16.438
       1557 12.97500000000   67.66159   279.32443       0               -16.431
       1558 12.98333333333   67.73571   278.58597       0               -16.376
       1559 12.99166666667   67.80535   277.84151       0               -16.358
       1560 13.00000000000   67.86837   277.11642       0               -16.366
       1561 13.00833333333   67.94165   276.42355       0               -16.340
       1562 13.01666666667   67.99759   275.66325       0               -16.338
       1563 13.02500000000   68.04896   274.89854       0               -16.341
       1564 13.03333333333   68.09571   274.12975       0               -16.336
       1565 13.04166666667   68.13782   273.35720       0               -16.390
       1566 13.05000000000   68.17524   272.58123       0               -16.409
       1567 13.05833333333   68.20795   271.80219       0               -16.432
       1568 13.06666666667   68.23592   271.02042       0               -16.465
       1569 13.07500000000   68.25913   270.23630       0               -16.467
       1570 13.08333333333   68.27756   269.45019       0               -16.507
       1571 13.09166666667   68.29120   268.66245       0               -16.530
       1572 13.10000000000   68.30002   267.87348       0               -16.510
       1573 13.10833333333   68.30402   267.08364       0               -16.483
       1574 13.11666666667   68.30319   266.29332       0               -16.505
       1575 13.12500000000   68.29752   265.50290       0               -16.498
       1576 13.13333333333   68.28702   264.71277       0               -16.484
       1577 13.14166666667   68.27169   263.92330       0               -16.472
       1578 13.15000000000   68.25153   263.13489       0               -16.433
       1579 13.15833333333   68.22655   262.34790       0               -16.452
       1580 13.16666666667   68.19677   261.56271       0               -16.414
       1581 13.17500000000   68.16220   260.77969       0               -16.398
       1582 13.18333333333   68.12285   259.99920       0               -16.380
       1583 13.19166666667   68.07875   259.22160       0               -16.368
       1584 13.20000000000   68.02993   258.44724       0               -16.355
       1585 13.20833333333   67.97641   257.67647       0               -16.323
       1586 13.21666666667   67.91822   256.90960       0               -16.291
       1587 13.22500000000   67.85540   256.14697       0               -16.311
       1588 13.23333333333   67.78798   255.38889       0               -16.316
       1589 13.24166666667   67.71599   254.63565       0               -16.294
       1590 13.25000000000   67.63949   253.88755       0               -16.249
       1591 13.25833333333   67.55851   253.14486       0               -16.197
       1592 13.26666666667   67.47310   252.40785       0               -16.167
       1593 13.27500000000   67.38330   251.67678       0               -16.153
       1594 13.28333333333   67.28917   250.95187       0               -16.159
       1595 13.29166666667   67.19076   250.23336       0               -16.157
       1596 13.30000000000   67.08811   249.52147       0               -16.139
       1597 13.30833333333   66.98129   248.81638       0               -16.124
       1598 13.31666666667   66.87034   248.11829       0               -16.101
       1599 13.32500000000   66.75533   247.42737       0               -16.063
       1600 13.33333333333   66.63632   246.74377       0               -16.061
       1601 13.34166666667   66.51336   246.06766       0               -16.036
       1602 13.35000000000   66.38651   245.39915       0               -16.019
       1603 13.35833333333   66.25583   244.73838       0               -15.980
       1604 13.36666666667   66.12139   244.08544       0               -15.972
       1605 13.37500000000   65.98325   243.44045       0               -15.960
       1606 13.38333333333   65.84147   242.80347       0               -15.946
       1607 13.39166666667   65.69611   242.17458       0               -15.936
       1608 13.40000000000   65.54724   241.55385       0               -15.926
       1609 13.40833333333   65.39492   240.94133       0               -15.914
       1610 13.41666666667   65.23921   240.33705       0               -15.879
       1611 13.42500000000   65.08018   239.74105       0               -15.853
       1612 13.43333333333   64.91789   239.15335       0               -15.818
       1613 13.44166666667   64.75241   238.57396       0               -15.803
       1614 13.45000000000   64.58379   238.00288       0               -15.761
       1615 13.45833333333   64.41210   237.44011       0               -15.730
       1616 13.46666666667   64.23740   236.88563       0               -15.696
       1617 13.47500000000   64.05976   236.33943       0               -15.692
       1618 13.48333333333   63.87923   235.80147       0               -15.664
       1619 13.49166666667   63.69588   235.27173       0               -15.652
       1620 13.50000000000   63.50976   234.75015       0               -15.645
       1621 13.50833333333   63.34417   234.19837       0               -15.623
       1622 13.51666666667   63.15249   233.69345       0               -15.594
       1623 13.52500000000   62.95843   233.19640       0               -15.568
       1624 13.53333333333   62.76203   232.70714       0               -15.549
       1625 13.54166666667   62.56334   232.22559       0               -15.548
       1626 13.55000000000   62.36243   231.75169       0               -15.511
       1627 13.55833333333   62.15934   231.28533       0               -15.477
       1628 13.56666666667   61.95412   230.82645       0               -15.463
       1629 13.57500000000   61.74683   230.37496       0               -15.428
       1630 13.58333333333   61.53750   229.93076       0               -15.396
       1631 13.59166666667   61.32619   229.49377       0               -15.381
       1632 13.60000000000   61.11295   229.06390       0               -15.354
       1633 13.60833333333   60.89781   228.64105       0               -15.330
       1634 13.61666666667   60.68084   228.22514       0               -15.299
       1635 13.62500000000   60.46206   227.81606       0               -15.262
       1636 13.63333333333   60.24152   227.41373       0               -15.265
       1637 13.64166666667   60.01928   227.01804       0               -15.240
       1638 13.65000000000   59.79535   226.62891       0               -15.223
       1639 13.65833333333   59.56980   226.24623       0               -15.190
       1640 13.66666666667   59.34266   225.86992       0               -15.162
       1641 13.67500000000   59.11396   225.49987       0               -15.132
       1642 13.68333333333   58.88375   225.13599       0               -15.109
       1643 13.69166666667   58.65206   224.77819       0               -15.086
       1644 13.70000000000   58.41894   224.42636       0               -15.053
       1645 13.70833333333   58.18441   224.08043       0               -15.005
       1646 13.71666666667   57.94851   223.74028       0               -14.994
       1647 13.72500000000   57.71127   223.40584       0               -14.964
       1648 13.73333333333   57.47274   223.07701       0               -14.925
       1649 13.74166666667   57.23294   222.75369       0               -14.886
       1650 13.75000000000   56.99996   222.44631       0               -14.855
       1651 13.75833333333   56.74967   222.12325       0               -14.815
       1652 13.76666666667   56.50627   221.81595       0               -14.763
       1653 13.77500000000   56.26172   221.51381       0               -14.711
       1654 13.78333333333   56.01606   221.21674       0               -14.686
       1655 13.79166666667   55.76931   220.92467       0               -14.638
       1656 13.80000000000   55.52152   220.63750       0               -14.603
       1657 13.80833333333   55.27270   220.35515       0               -14.547
       1658 13.81666666667   55.02288   220.07755       0               -14.503
       1659 13.82500000000   54.77209   219.80460       0               -14.451
       1660 13.83333333333   54.52035   219.53623       0               -14.410
       1661 13.84166666667   54.26769   219.27237       0               -14.358
       1662 13.85000000000   54.01414   219.01293       0               -14.348
       1663 13.85833333333   53.75972   218.75784       0               -14.305
       1664 13.86666666667   53.50445   218.50703       0               -14.265
       1665 13.87500000000   53.24837   218.26041       0               -14.221
       1666 13.88333333333   52.99148   218.01793       0               -14.172
       1667 13.89166666667   52.73381   217.77950       0               -14.130
       1668 13.90000000000   52.47540   217.54506       0               -14.098
       1669 13.90833333333   52.21625   217.31453       0               -14.048
       1670 13.91666666667   51.95638   217.08786       0               -13.985
       1671 13.92500000000   51.69583   216.86497       0               -13.928
       1672 13.93333333333   51.43461   216.64580       0               -13.889
       1673 13.94166666667   51.17274   216.43029       0               -13.849
       1674 13.95000000000   50.91024   216.21837       0               -13.800
       1675 13.95833333333   50.64713   216.00998       0               -13.736
       1676 13.96666666667   50.38342   215.80506       0               -13.703
       1677 13.97500000000   50.11915   215.60355       0               -13.634
       1678 13.98333333333   49.85432   215.40540       0               -13.589
       1679 13.99166666667   49.58895   215.21053       0               -13.516
       1680 14.00000000000   49.33193   215.02525       0               -13.467
       1681 14.00833333333   49.08575   214.78447       0               -13.411
       1682 14.01666666667   48.81884   214.59927       0               -13.341
       1683 14.02500000000   48.55158   214.41679       0               -13.255
       1684 14.03333333333   48.28399   214.23699       0               -13.206
       1685 14.04166666667   48.01609   214.05982       0               -13.151
       1686 14.05000000000   47.74788   213.88524       0               -13.081
       1687 14.05833333333   47.47938   213.71319       0               -13.022
       1688 14.06666666667   47.21059   213.54363       0               -12.979
       1689 14.07500000000   46.94154   213.37653       0               -12.904
       1690 14.08333333333   46.67222   213.21183       0               -12.864
       1691 14.09166666667   46.40265   213.04949       0               -12.787
       1692 14.10000000000   46.13285   212.88948       0               -12.715
       1693 14.10833333333   45.86281   212.73176       0               -12.654
       1694 14.11666666667   45.59256   212.57628       0               -12.602
       1695 14.12500000000   45.32210   212.42301       0               -12.524
       1696 14.13333333333   45.05144   212.27191       0               -12.445
       1697 14.14166666667   44.78058   212.12294       0               -12.361
       1698 14.15000000000   44.50955   211.97607       0               -12.308
       1699 14.15833333333   44.23835   211.83126       0               -12.254
       1700 14.16666666667   43.96698   211.68849       0               -12.170
       1701 14.17500000000   43.69546   211.54770       0               -12.101
       1702 14.18333333333   43.42379   211.40888       0               -12.021
       1703 14.19166666667   43.15199   211.27198       0               -11.966
       1704 14.20000000000   42.88006   211.13698       0               -11.890
       1705 14.20833333333   42.60801   211.00385       0               -11.799
       1706 14.21666666667   42.33585   210.87256       0               -11.730
       1707 14.22500000000   42.06358   210.74307       0               -11.643
       1708 14.23333333333   41.79122   210.61536       0               -11.566
       1709 14.24166666667   41.51877   210.48939       0               -11.437
       1710 14.25000000000   41.24624   210.36515       0               -11.310
       1711 14.25833333333   40.97364   210.24261       0               -11.188
       1712 14.26666666667   40.70097   210.12172       0               -11.063
       1713 14.27500000000   40.42824   210.00248       0               -10.950
       1714 14.28333333333   40.15546   209.88486       0               -10.862
       1715 14.29166666667   39.88264   209.76882       0               -10.726
       1716 14.30000000000   39.60978   209.65435       0               -10.592
       1717 14.30833333333   39.33689   209.54143       0               -10.486
       1718 14.31666666667   39.06397   209.43001       0               -10.345
       1719 14.32500000000   38.79104   209.32010       0               -10.233
       1720 14.33333333333   38.51810   209.21165       0               -10.089
       1721 14.34166666667   38.24515   209.10465       0                -9.953
       1722 14.35000000000   37.97220   208.99909       0                -9.806
       1723 14.35833333333   37.69926   208.89492       0                -9.698
       1724 14.36666666667   37.42634   208.79214       0                -9.585
       1725 14.37500000000   37.15343   208.69073       0                -9.468
       1726 14.38333333333   36.88056   208.59066       0                -9.336
       1727 14.39166666667   36.60771   208.49192       0                -9.205
       1728 14.40000000000   36.33490   208.39448       0                -9.069
       1729 14.40833333333   36.06213   208.29832       0                -8.940
       1730 14.41666666667   35.78942   208.20344       0                -8.772
       1731 14.42500000000   35.51675   208.10980       0                -8.630
       1732 14.43333333333   35.24415   208.01740       0                -8.490
       1733 14.44166666667   34.97161   207.92621       0                -8.379
       1734 14.45000000000   34.69914   207.83621       0                -8.291
       1735 14.45833333333   34.42675   207.74740       0                -8.175
       1736 14.46666666667   34.15444   207.65975       0                -8.053
       1737 14.47500000000   33.88221   207.57325       0                -7.938
       1738 14.48333333333   33.61008   207.48788       0                -7.850
       1739 14.49166666667   33.33804   207.40362       0                -7.724
       1740 14.50000000000   33.06610   207.32046       0                -7.616
       1741 14.50833333333   32.80660   207.18671       0                -7.424
       1742 14.51666666667   32.53484   207.10556       0                -7.253
       1743 14.52500000000   32.26327   207.02512       0                -7.093
       1744 14.53333333333   31.99189   206.94539       0                -6.926
       1745 14.54166666667   31.72071   206.86634       0                -6.709
       1746 14.55000000000   31.44972   206.78798       0                -6.543
       1747 14.55833333333   31.17894   206.71029       0                -6.437
       1748 14.56666666667   30.90836   206.63326       0                -6.283
       1749 14.57500000000   30.63798   206.55688       0                -6.150
       1750 14.58333333333   30.36782   206.48115       0                -6.091
       1751 14.59166666667   30.09786   206.40605       0                -6.040
       1752 14.60000000000   29.82812   206.33157       0                -6.006
       1753 14.60833333333   29.55860   206.25771       0                -5.970
       1754 14.61666666667   29.28929   206.18445       0                -5.824
       1755 14.62500000000   29.02020   206.11179       0                -5.720
       1756 14.63333333333   28.75133   206.03973       0                -5.606
       1757 14.64166666667   28.48269   205.96824       0                -5.480
       1758 14.65000000000   28.21427   205.89733       0                -5.337
       1759 14.65833333333   27.94608   205.82698       0                -5.168
       1760 14.66666666667   27.67812   205.75719       0                -5.007
       1761 14.67500000000   27.41040   205.68795       0                -4.849
       1762 14.68333333333   27.14290   205.61925       0                -4.702
       1763 14.69166666667   26.87565   205.55108       0                -4.509
       1764 14.70000000000   26.60863   205.48345       0                -4.288
       1765 14.70833333333   26.34185   205.41633       0                -4.077
       1766 14.71666666667   26.07532   205.34972       0                -3.840
       1767 14.72500000000   25.80903   205.28363       0                -3.653
       1768 14.73333333333   25.54298   205.21803       0                -3.456
       1769 14.74166666667   25.27718   205.15292       0                -3.236
       1770 14.75000000000   25.01163   205.08830       0                -3.052
       1771 14.75833333333   24.74633   205.02417       0                -2.874
       1772 14.76666666667   24.48129   204.96050       0                -2.691
       1773 14.77500000000   24.21649   204.89730       0                -2.544
       1774 14.78333333333   23.95195   204.83456       0                -2.405
       1775 14.79166666667   23.68767   204.77228       0                -2.239
       1776 14.80000000000   23.42365   204.71045       0                -2.070
       1777 14.80833333333   23.15989   204.64905       0                -1.913
       1778 14.81666666667   22.89639   204.58810       0                -1.770
       1779 14.82500000000   22.63315   204.52758       0                -1.628
       1780 14.83333333333   22.37018   204.46748       0                -1.468
       1781 14.84166666667   22.10748   204.40781       0                -1.305
       1782 14.85000000000   21.84504   204.34855       0                -1.158
       1783 14.85833333333   21.58287   204.28970       0                -1.004
       1784 14.86666666667   21.32097   204.23126       0                -0.875
       1785 14.87500000000   21.05934   204.17321       0                -0.740
       1786 14.88333333333   20.79798   204.11556       0                -0.598
       1787 14.89166666667   20.53690   204.05830       0                -0.378
       1788 14.90000000000   20.27609   204.00143       0                -0.238
       1789 14.90833333333   20.01556   203.94493       0                -0.069
       1790 14.91666666667   19.75530   203.88881       0                 0.079
       1791 14.92500000000   19.49532   203.83306       0                 0.232
       1792 14.93333333333   19.23563   203.77768       0                 0.378
       1793 14.94166666667   18.97621   203.72266       0                 0.516
       1794 14.95000000000   18.71707   203.66799       0                 0.670
       1795 14.95833333333   18.45822   203.61368       0                 0.867
       1796 14.96666666667   18.19965   203.55972       0                 1.054
       1797 14.97500000000   17.94136   203.50610       0                 1.290
       1798 14.98333333333   17.68336   203.45282       0                 1.478
       1799 14.99166666667   17.42564   203.39988       0                 1.677
       1800 15.00000000000   17.16821   203.34726       0                 1.784
       1801 15.00833333333   16.92247   203.25020       0                 1.937
       1802 15.01666666667   16.66559   203.19784       0                 2.252
       1803 15.02500000000   16.40908   203.14550       0                 2.383
       1804 15.03333333333   16.15292   203.09318       0                 2.612
       1805 15.04166666667   15.89714   203.04088       0                 2.797
       1806 15.05000000000   15.64171   202.98861       0                 2.997
       1807 15.05833333333   15.38665   202.93634       0                 3.236
       1808 15.06666666667   15.13195   202.88410       0                 3.386
       1809 15.07500000000   14.87761   202.83187       0                 3.687
       1810 15.08333333333   14.62364   202.77965       0                 3.948
       1811 15.09166666667   14.37004   202.72744       0                 4.098
       1812 15.10000000000   14.11679   202.67524       0                 4.395
       1813 15.10833333333   13.86391   202.62305       0                 4.670
       1814 15.11666666667   13.61140   202.57086       0                 4.963
       1815 15.12500000000   13.35925   202.51868       0                 5.153
       1816 15.13333333333   13.10747   202.46650       0                 5.468
       1817 15.14166666667   12.85605   202.41432       0                 5.698
       1818 15.15000000000   12.60500   202.36214       0                 5.963
       1819 15.15833333333   12.35431   202.30996       0                 6.247
       1820 15.16666666667   12.10398   202.25777       0                 6.566
       1821 15.17500000000   11.85402   202.20558       0                 6.848
       1822 15.18333333333   11.60443   202.15338       0                 7.086
       1823 15.19166666667   11.35520   202.10118       0                 7.370
       1824 15.20000000000   11.10633   202.04896       0                 7.731
       1825 15.20833333333   10.85783   201.99673       0                 8.076
       1826 15.21666666667   10.60969   201.94449       0                 8.325
       1827 15.22500000000   10.36192   201.89223       0                 8.668
       1828 15.23333333333   10.11451   201.83996       0                 9.014
       1829 15.24166666667    9.86747   201.78767       0                 9.398
       1830 15.25000000000    9.62079   201.73536       0                 9.750
       1831 15.25833333333    9.37447   201.68302       0                10.195
       1832 15.26666666667    9.12852   201.63067       0                10.712
       1833 15.27500000000    8.88293   201.57829       0                11.213
       1834 15.28333333333    8.63770   201.52589       0                11.710
       1835 15.29166666667    8.39283   201.47346       0                12.152
       1836 15.30000000000    8.14833   201.42100       0                12.500
       1837 15.30833333333    7.90419   201.36851       0                12.835
       1838 15.31666666667    7.66041   201.31599       0                13.323
       1839 15.32500000000    7.41699   201.26344       0                13.497
       1840 15.33333333333    7.17393   201.21085       0                13.806
       1841 15.34166666667    6.93123   201.15823       0                14.538
       1842 15.35000000000    6.68889   201.10557       0                15.167
       1843 15.35833333333    6.44691   201.05287       0                15.863
       1844 15.36666666667    6.20528   201.00013       0                16.727
       1845 15.37500000000    5.96402   200.94734       0                17.553
       1846 15.38333333333    5.72311   200.89452       0                18.276
       1847 15.39166666667    5.48256   200.84165       0                19.009
       1848 15.40000000000    5.24237   200.78873       0                19.697
       1849 15.40833333333    5.00253   200.73577       0                20.438
       2513 20.94166666667    5.20469    93.54871       0               -69.386
       2514 20.95000000000    5.40106    93.39442       0               -69.482
       2515 20.95833333333    5.59733    93.23968       0               -69.651
       2516 20.96666666667    5.79349    93.08447       0               -69.677
       2517 20.97500000000    5.98956    92.92880       0               -69.745
       2518 20.98333333333    6.18553    92.77266       0               -70.206
       2519 20.99166666667    6.38138    92.61605       0               -70.388
       2520 21.00000000000    6.57713    92.45896       0               -70.573
       2521 21.00833333333    6.74870    92.27219       0               -70.562
       2522 21.01666666667    6.94375    92.11366       0               -70.529
       2523 21.02500000000    7.13853    91.95445       0               -70.454
       2524 21.03333333333    7.33301    91.79455       0               -70.404
       2525 21.04166666667    7.52721    91.63396       0               -70.472
       2526 21.05000000000    7.72111    91.47267       0               -70.476
       2527 21.05833333333    7.91471    91.31068       0               -70.618
       2528 21.06666666667    8.10799    91.14800       0               -70.738
       2529 21.07500000000    8.30097    90.98460       0               -71.034
       2530 21.08333333333    8.49363    90.82050       0               -71.020
       2531 21.09166666667    8.68596    90.65568       0               -71.144
       2532 21.10000000000    8.87797    90.49014       0               -71.443
       2533 21.10833333333    9.06964    90.32388       0               -71.706
       2534 21.11666666667    9.26098    90.15690       0               -72.244
       2535 21.12500000000    9.45197    89.98918       0               -72.663
       2536 21.13333333333    9.64260    89.82073       0               -72.781
       2537 21.14166666667    9.83289    89.65155       0               -72.713
       2538 21.15000000000   10.02281    89.48162       0               -72.897
       2539 21.15833333333   10.21236    89.31094       0               -73.305
       2540 21.16666666667   10.40154    89.13952       0               -73.678
       2541 21.17500000000   10.59035    88.96734       0               -73.820
       2542 21.18333333333   10.77877    88.79441       0               -73.832
       2543 21.19166666667   10.96680    88.62071       0               -74.085
       2544 21.20000000000   11.15444    88.44625       0               -74.188
       2545 21.20833333333   11.34167    88.27102       0               -74.386
       2546 21.21666666667   11.52850    88.09501       0               -74.537
       2547 21.22500000000   11.71492    87.91823       0               -74.625
       2548 21.23333333333   11.90092    87.74067       0               -74.701
       2549 21.24166666667   12.08649    87.56232       0               -74.896
       2550 21.25000000000   12.27163    87.38318       0               -75.021
       2551 21.25833333333   12.45634    87.20325       0               -75.355
       2552 21.26666666667   12.64061    87.02252       0               -75.580
       2553 21.27500000000   12.82443    86.84098       0               -75.877
       2554 21.28333333333   13.00780    86.65865       0               -76.279
       2555 21.29166666667   13.19070    86.47550       0               -76.656
       2556 21.30000000000   13.37314    86.29154       0               -76.988
       2557 21.30833333333   13.55511    86.10676       0               -77.538
       2558 21.31666666667   13.73660    85.92116       0               -77.927
       2559 21.32500000000   13.91760    85.73474       0               -78.490
       2560 21.33333333333   14.09812    85.54748       0               -78.996
       2561 21.34166666667   14.27814    85.35940       0               -79.432
       2562 21.35000000000   14.45765    85.17047       0               -79.924
       2563 21.35833333333   14.63666    84.98071       0               -80.417
       2564 21.36666666667   14.81515    84.79009       0               -80.942
       2565 21.37500000000   14.99312    84.59863       0               -81.425
       2566 21.38333333333   15.17056    84.40632       0               -81.848
       2567 21.39166666667   15.34747    84.21315       0               -82.241
       2568 21.40000000000   15.52383    84.01912       0               -82.651
       2569 21.40833333333   15.69965    83.82423       0               -83.050
       2570 21.41666666667   15.87491    83.62846       0               -83.390
       2571 21.42500000000   16.04962    83.43183       0               -83.681
       2572 21.43333333333   16.22376    83.23431       0               -84.007
       2573 21.44166666667   16.39732    83.03592       0               -84.249
       2574 21.45000000000   16.57030    82.83665       0               -84.538
       2575 21.45833333333   16.74270    82.63648       0               -84.855
       2576 21.46666666667   16.91450    82.43543       0               -85.004
       2577 21.47500000000   17.08570    82.23348       0               -85.322
       2578 21.48333333333   17.25630    82.03063       0               -85.579
       2579 21.49166666667   17.42628    81.82688       0               -85.889
       2580 21.50000000000   17.59565    81.62222       0               -86.172
       2581 21.50833333333   17.73882    81.39908       0               -86.412
       2582 21.51666666667   17.90635    81.19215       0               -86.791
       2583 21.52500000000   18.07307    80.98420       0               -87.175
       2584 21.53333333333   18.23896    80.77522       0               -87.473
       2585 21.54166666667   18.40402    80.56521       0               -87.769
       2586 21.55000000000   18.56825    80.35416       0               -88.075
       2587 21.55833333333   18.73162    80.14208       0               -88.321
       2588 21.56666666667   18.89413    79.92896       0               -88.692
       2589 21.57500000000   19.05578    79.71480       0               -88.928
       2590 21.58333333333   19.21654    79.49961       0               -89.173
       2591 21.59166666667   19.37642    79.28338       0               -89.497
       2592 21.60000000000   19.53541    79.06611       0               -89.759
       2593 21.60833333333   19.69349    78.84780       0               -90.035
       2594 21.61666666667   19.85066    78.62845       0               -90.274
       2595 21.62500000000   20.00690    78.40805       0               -90.483
       2596 21.63333333333   20.16221    78.18661       0               -90.671
       2597 21.64166666667   20.31658    77.96414       0               -90.959
       2598 21.65000000000   20.47000    77.74061       0               -91.120
       2599 21.65833333333   20.62246    77.51605       0               -91.390
       2600 21.66666666667   20.77395    77.29044       0               -91.571
       2601 21.67500000000   20.92446    77.06379       0               -91.728
       2602 21.68333333333   21.07398    76.83610       0               -91.927
       2603 21.69166666667   21.22251    76.60737       0               -92.121
       2604 21.70000000000   21.37003    76.37759       0               -92.356
       2605 21.70833333333   21.51653    76.14678       0               -92.504
       2606 21.71666666667   21.66201    75.91492       0               -92.730
       2607 21.72500000000   21.80645    75.68202       0               -92.861
       2608 21.73333333333   21.94985    75.44809       0               -92.926
       2609 21.74166666667   22.09220    75.21312       0               -92.999
       2610 21.75000000000   22.23349    74.97711       0               -93.068
       2611 21.75833333333   22.37370    74.74007       0               -93.155
       2612 21.76666666667   22.51284    74.50200       0               -93.333
       2613 21.77500000000   22.65088    74.26289       0               -93.387
       2614 21.78333333333   22.78783    74.02276       0               -93.515
       2615 21.79166666667   22.92367    73.78159       0               -93.722
       2616 21.80000000000   23.05839    73.53941       0               -93.938
       2617 21.80833333333   23.19199    73.29620       0               -94.082
       2618 21.81666666667   23.32445    73.05197       0               -94.144
       2619 21.82500000000   23.45576    72.80672       0               -94.262
       2620 21.83333333333   23.58593    72.56045       0               -94.343
       2621 21.84166666667   23.71493    72.31318       0               -94.401
       2622 21.85000000000   23.84276    72.06489       0               -94.371
       2623 21.85833333333   23.96941    71.81560       0               -94.394
       2624 21.86666666667   24.09487    71.56531       0               -94.408
       2625 21.87500000000   24.21913    71.31401       0               -94.519
       2626 21.88333333333   24.34218    71.06172       0               -94.593
       2627 21.89166666667   24.46402    70.80844       0               -94.589
       2628 21.90000000000   24.58463    70.55417       0               -94.607
       2629 21.90833333333   24.70401    70.29892       0               -94.644
       2630 21.91666666667   24.82215    70.04269       0               -94.703
       2631 21.92500000000   24.93904    69.78549       0               -94.687
       2632 21.93333333333   25.05466    69.52731       0               -94.680
       2633 21.94166666667   25.16902    69.26818       0               -94.657
       2634 21.95000000000   25.28210    69.00808       0               -94.596
       2635 21.95833333333   25.39389    68.74702       0               -94.664
       2636 21.96666666667   25.50439    68.48502       0               -94.711
       2637 21.97500000000   25.61359    68.22208       0               -94.721
       2638 21.98333333333   25.72147    67.95819       0               -94.704
       2639 21.99166666667   25.82804    67.69338       0               -94.799
       2640 22.00000000000   25.93327    67.42764       0               -94.836
       2641 22.00833333333   26.01426    67.16361       0               -94.789
       2642 22.01666666667   26.11620    66.89587       0               -94.868
       2643 22.02500000000   26.21662    66.62725       0               -94.811
       2644 22.03333333333   26.31553    66.35776       0               -94.802
       2645 22.04166666667   26.41292    66.08742       0               -94.872
       2646 22.05000000000   26.50878    65.81623       0               -94.837
       2647 22.05833333333   26.60309    65.54421       0               -94.806
       2648 22.06666666667   26.69585    65.27137       0               -94.925
       2649 22.07500000000   26.78706    64.99772       0               -95.049
       2650 22.08333333333   26.87670    64.72327       0               -95.184
       2651 22.09166666667   26.96476    64.44804       0               -95.414
       2652 22.10000000000   27.05124    64.17203       0               -95.625
       2653 22.10833333333   27.13613    63.89526       0               -95.844
       2654 22.11666666667   27.21942    63.61775       0               -96.235
       2655 22.12500000000   27.30110    63.33950       0               -96.619
       2656 22.13333333333   27.38117    63.06053       0               -96.870
       2657 22.14166666667   27.45961    62.78085       0               -97.039
       2658 22.15000000000   27.53643    62.50048       0               -97.258
       2659 22.15833333333   27.61161    62.21943       0               -97.353
       2660 22.16666666667   27.68514    61.93772       0               -97.645
       2661 22.17500000000   27.75703    61.65535       0               -97.777
       2662 22.18333333333   27.82725    61.37234       0               -98.102
       2663 22.19166666667   27.89582    61.08872       0               -97.898
       2664 22.20000000000   27.96271    60.80448       0               -98.136
       2665 22.20833333333   28.02792    60.51966       0               -98.631
       2666 22.21666666667   28.09145    60.23425       0               -98.840
       2667 22.22500000000   28.15329    59.94829       0               -98.983
       2668 22.23333333333   28.21344    59.66178       0               -98.984
       2669 22.24166666667   28.27189    59.37474       0               -98.931
       2670 22.25000000000   28.32863    59.08718       0               -99.382
       2671 22.25833333333   28.38365    58.79913       0               -99.471
       2672 22.26666666667   28.43696    58.51059       0               -99.871
       2673 22.27500000000   28.48855    58.22159       0              -100.216
       2674 22.28333333333   28.53841    57.93214       0              -100.379
       2675 22.29166666667   28.58654    57.64226       0              -100.461
       2676 22.30000000000   28.63294    57.35196       0              -100.478
       2677 22.30833333333   28.67759    57.06126       0              -100.603
       2678 22.31666666667   28.72049    56.77018       0              -100.583
       2679 22.32500000000   28.76165    56.47874       0              -100.573
       2680 22.33333333333   28.80105    56.18695       0              -100.427
       2681 22.34166666667   28.83870    55.89483       0              -100.372
       2682 22.35000000000   28.87459    55.60240       0              -100.277
       2683 22.35833333333   28.90871    55.30967       0              -100.203
       2684 22.36666666667   28.94106    55.01666       0               -99.939
       2685 22.37500000000   28.97165    54.72340       0               -99.725
       2686 22.38333333333   29.00046    54.42989       0               -99.443
       2687 22.39166666667   29.02749    54.13616       0               -99.379
       2688 22.40000000000   29.05275    53.84223       0               -99.320
       2689 22.40833333333   29.07623    53.54811       0               -99.385
       2690 22.41666666667   29.09792    53.25382       0               -99.496
       2691 22.42500000000   29.11783    52.95937       0               -99.509
       2692 22.43333333333   29.13595    52.66480       0               -99.794
       2693 22.44166666667   29.15228    52.37011       0               -99.748
       2694 22.45000000000   29.16682    52.07532       0               -99.849
       2695 22.45833333333   29.17957    51.78045       0               -99.791
       2696 22.46666666667   29.19053    51.48553       0               -99.862
       2697 22.47500000000   29.19969    51.19056       0               -99.921
       2698 22.48333333333   29.20706    50.89557       0              -100.134
       2699 22.49166666667   29.21264    50.60058       0              -100.154
       2700 22.50000000000   29.21642    50.30560       0              -100.080
       2701 22.50833333333   29.20761    50.03282       0              -100.183
       2702 22.51666666667   29.20729    49.73811       0              -100.437
       2703 22.52500000000   29.20511    49.44362       0              -100.731
       2704 22.53333333333   29.20106    49.14939       0              -101.169
       2705 22.54166666667   29.19516    48.85541       0              -101.581
       2706 22.55000000000   29.18740    48.56173       0              -101.800
       2707 22.55833333333   29.17778    48.26835       0              -101.880
       2708 22.56666666667   29.16631    47.97531       0              -102.166
       2709 22.57500000000   29.15299    47.68261       0              -102.360
       2710 22.58333333333   29.13782    47.39028       0              -102.381
       2711 22.59166666667   29.12080    47.09834       0              -102.339
       2712 22.60000000000   29.10194    46.80681       0              -102.436
       2713 22.60833333333   29.08124    46.51571       0              -102.594
       2714 22.61666666667   29.05870    46.22506       0              -102.863
       2715 22.62500000000   29.03433    45.93487       0              -102.995
       2716 22.63333333333   29.00813    45.64517       0              -102.909
       2717 22.64166666667   28.98011    45.35598       0              -103.249
       2718 22.65000000000   28.95026    45.06732       0              -103.363
       2719 22.65833333333   28.91860    44.77919       0              -103.482
       2720 22.66666666667   28.88512    44.49163       0              -103.559
       2721 22.67500000000   28.84984    44.20465       0              -103.891
       2722 22.68333333333   28.81275    43.91827       0              -103.873
       2723 22.69166666667   28.77387    43.63250       0              -103.669
       2724 22.70000000000   28.73319    43.34737       0              -103.554
       2725 22.70833333333   28.69072    43.06289       0              -103.388
       2726 22.71666666667   28.64648    42.77908       0              -103.640
       2727 22.72500000000   28.60045    42.49595       0              -103.852
       2728 22.73333333333   28.55266    42.21353       0              -103.857
       2729 22.74166666667   28.50309    41.93182       0              -104.045
       2730 22.75000000000   28.45178    41.65086       0              -103.936
       2731 22.75833333333   28.39870    41.37064       0              -103.852
       2732 22.76666666667   28.34388    41.09119       0              -103.648
       2733 22.77500000000   28.28732    40.81252       0              -103.514
       2734 22.78333333333   28.22903    40.53465       0              -103.451
       2735 22.79166666667   28.16901    40.25760       0              -103.393
       2736 22.80000000000   28.10727    39.98137       0              -103.137
       2737 22.80833333333   28.04382    39.70598       0              -103.145
       2738 22.81666666667   27.97866    39.43146       0              -103.202
       2739 22.82500000000   27.91181    39.15780       0              -102.963
       2740 22.83333333333   27.84326    38.88503       0              -102.570
       2741 22.84166666667   27.77303    38.61315       0              -102.183
       2742 22.85000000000   27.70112    38.34219       0              -102.008
       2743 22.85833333333   27.62754    38.07215       0              -101.621
       2744 22.86666666667   27.55231    37.80305       0              -102.026
       2745 22.87500000000   27.47542    37.53490       0              -102.079
       2746 22.88333333333   27.39689    37.26771       0              -101.964
       2747 22.89166666667   27.31672    37.00150       0              -101.467
       2748 22.90000000000   27.23492    36.73626       0              -101.583
       2749 22.90833333333   27.15150    36.47203       0              -101.618
       2750 22.91666666667   27.06647    36.20880       0              -101.741
       2751 22.92500000000   26.97983    35.94659       0              -102.307
       2752 22.93333333333   26.89161    35.68541       0              -102.116
       2753 22.94166666667   26.80179    35.42527       0              -102.402
       2754 22.95000000000   26.71040    35.16618       0              -102.401
       2755 22.95833333333   26.61744    34.90814       0              -102.729
       2756 22.96666666667   26.52291    34.65118       0              -102.964
       2757 22.97500000000   26.42684    34.39529       0              -103.251
       2758 22.98333333333   26.32923    34.14049       0              -103.603
       2759 22.99166666667   26.23008    33.88678       0              -103.705
       2760 23.00000000000   26.12941    33.63417       0              -103.636
       2761 23.00833333333   26.03347    33.40836       0              -103.675
       2762 23.01666666667   25.92949    33.15838       0              -103.427
       2763 23.02500000000   25.82406    32.90970       0              -103.201
       2764 23.03333333333   25.71719    32.66233       0              -103.063
       2765 23.04166666667   25.60889    32.41627       0              -102.955
       2766 23.05000000000   25.49918    32.17153       0              -102.966
       2767 23.05833333333   25.38806    31.92812       0              -102.855
       2768 23.06666666667   25.27554    31.68603       0              -103.251
       2769 23.07500000000   25.16163    31.44528       0              -103.086
       2770 23.08333333333   25.04635    31.20586       0              -103.371
       2771 23.09166666667   24.92970    30.96779       0              -103.080
       2772 23.10000000000   24.81170    30.73107       0              -102.829
       2773 23.10833333333   24.69235    30.49570       0              -102.770
       2774 23.11666666667   24.57167    30.26169       0              -103.051
       2775 23.12500000000   24.44966    30.02904       0              -102.540
       2776 23.13333333333   24.32634    29.79775       0              -102.721
       2777 23.14166666667   24.20171    29.56783       0              -102.577
       2778 23.15000000000   24.07579    29.33927       0              -102.778
       2779 23.15833333333   23.94859    29.11209       0              -102.735
       2780 23.16666666667   23.82012    28.88629       0              -102.741
       2781 23.17500000000   23.69038    28.66186       0              -102.460
       2782 23.18333333333   23.55939    28.43880       0              -102.767
       2783 23.19166666667   23.42716    28.21713       0              -103.333
       2784 23.20000000000   23.29370    27.99684       0              -103.594
       2785 23.20833333333   23.15902    27.77793       0              -103.664
       2786 23.21666666667   23.02312    27.56041       0              -103.707
       2787 23.22500000000   22.88603    27.34427       0              -103.674
       2788 23.23333333333   22.74775    27.12951       0              -103.589
       2789 23.24166666667   22.60828    26.91614       0              -103.445
       2790 23.25000000000   22.46765    26.70416       0              -103.517
       2791 23.25833333333   22.32585    26.49356       0              -103.367
       2792 23.26666666667   22.18291    26.28435       0              -103.136
       2793 23.27500000000   22.03882    26.07652       0              -103.000
       2794 23.28333333333   21.89361    25.87008       0              -103.159
       2795 23.29166666667   21.74727    25.66501       0              -102.918
       2796 23.30000000000   21.59983    25.46134       0              -102.807
       2797 23.30833333333   21.45128    25.25904       0              -102.812
       2798 23.31666666667   21.30164    25.05812       0              -102.596
       2799 23.32500000000   21.15093    24.85859       0              -102.809
       2800 23.33333333333   20.99914    24.66043       0              -102.797
       2801 23.34166666667   20.84629    24.46364       0              -102.636
       2802 23.35000000000   20.69239    24.26823       0              -102.675
       2803 23.35833333333   20.53744    24.07419       0              -102.693
       2804 23.36666666667   20.38147    23.88153       0              -102.797
       2805 23.37500000000   20.22447    23.69022       0              -102.916
       2806 23.38333333333   20.06646    23.50029       0              -102.865
       2807 23.39166666667   19.90744    23.31171       0              -102.857
       2808 23.40000000000   19.74743    23.12450       0              -102.874
       2809 23.40833333333   19.58643    22.93864       0              -102.865
       2810 23.41666666667   19.42446    22.75414       0              -102.653
       2811 23.42500000000   19.26152    22.57099       0              -102.728
       2812 23.43333333333   19.09763    22.38918       0              -102.648
       2813 23.44166666667   18.93278    22.20872       0              -102.543
       2814 23.45000000000   18.76700    22.02960       0              -102.655
       2815 23.45833333333   18.60029    21.85182       0              -102.481
       2816 23.46666666667   18.43265    21.67538       0              -102.337
       2817 23.47500000000   18.26410    21.50026       0              -102.098
       2818 23.48333333333   18.09465    21.32647       0              -102.078
       2819 23.49166666667   17.92431    21.15401       0              -102.125
       2820 23.50000000000   17.75308    20.98286       0              -102.147
       2821 23.50833333333   17.59786    20.82686       0              -102.012
       2822 23.51666666667   17.42480    20.65881       0              -102.001
       2823 23.52500000000   17.25100    20.49215       0              -101.808
       2824 23.53333333333   17.07647    20.32688       0              -101.837
       2825 23.54166666667   16.90121    20.16299       0              -101.692
       2826 23.55000000000   16.72522    20.00049       0              -101.550
       2827 23.55833333333   16.54853    19.83936       0              -101.447
       2828 23.56666666667   16.37113    19.67959       0              -100.886
       2829 23.57500000000   16.19304    19.52119       0              -100.639
       2830 23.58333333333   16.01425    19.36415       0              -100.363
       2831 23.59166666667   15.83478    19.20846       0              -100.189
       2832 23.60000000000   15.65464    19.05411       0              -100.084
       2833 23.60833333333   15.47384    18.90110       0               -99.904
       2834 23.61666666667   15.29237    18.74942       0               -99.941
       2835 23.62500000000   15.11025    18.59908       0              -100.105
       2836 23.63333333333   14.92749    18.45005       0              -100.152
       2837 23.64166666667   14.74409    18.30234       0              -100.104
       2838 23.65000000000   14.56006    18.15594       0               -99.768
       2839 23.65833333333   14.37540    18.01084       0               -99.558
       2840 23.66666666667   14.19013    17.86704       0               -99.041
       2841 23.67500000000   14.00424    17.72453       0               -98.823
       2842 23.68333333333   13.81776    17.58331       0               -98.709
       2843 23.69166666667   13.63067    17.44337       0               -98.471
       2844 23.70000000000   13.44300    17.30470       0               -97.881
       2845 23.70833333333   13.25474    17.16730       0               -97.552
       2846 23.71666666667   13.06591    17.03117       0               -97.182
       2847 23.72500000000   12.87651    16.89628       0               -96.949
       2848 23.73333333333   12.68654    16.76265       0               -97.044
       2849 23.74166666667   12.49602    16.63026       0               -97.642
       2850 23.75000000000   12.30494    16.49911       0               -97.511
       2851 23.75833333333   12.11332    16.36919       0               -97.213
       2852 23.76666666667   11.92116    16.24050       0               -96.508
       2853 23.77500000000   11.72847    16.11303       0               -95.800
       2854 23.78333333333   11.53526    15.98677       0               -95.609
       2855 23.79166666667   11.34152    15.86172       0               -95.029
       2856 23.80000000000   11.14727    15.73788       0               -94.692
       2857 23.80833333333   10.95251    15.61523       0               -94.580
       2858 23.81666666667   10.75725    15.49377       0               -94.515
       2859 23.82500000000   10.56149    15.37349       0               -94.110
       2860 23.83333333333   10.36524    15.25440       0               -93.827
       2861 23.84166666667   10.16851    15.13647       0               -93.381
       2862 23.85000000000    9.97130    15.01972       0               -93.106
       2863 23.85833333333    9.77361    14.90413       0               -92.523
       2864 23.86666666667    9.57546    14.78969       0               -92.511
       2865 23.87500000000    9.37684    14.67640       0               -92.066
       2866 23.88333333333    9.17777    14.56426       0               -91.865
       2867 23.89166666667    8.97825    14.45326       0               -90.842
       2868 23.90000000000    8.77828    14.34339       0               -89.133
       2869 23.90833333333    8.57787    14.23465       0               -89.313
       2870 23.91666666667    8.37703    14.12703       0               -89.540
       2871 23.92500000000    8.17576    14.02053       0               -88.991
       2872 23.93333333333    7.97407    13.91514       0               -88.848
       2873 23.94166666667    7.77195    13.81086       0               -88.251
       2874 23.95000000000    7.56943    13.70767       0               -87.760
       2875 23.95833333333    7.36649    13.60559       0               -88.522
       2876 23.96666666667    7.16316    13.50459       0               -89.160
       2877 23.97500000000    6.95942    13.40468       0               -89.298
       2878 23.98333333333    6.75529    13.30584       0               -87.581
       2879 23.99166666667    6.55078    13.20808       0               -85.971
