# Created on 2018-12-12 16:17:49 
# Sources: d:\gpsother\tec-suite\in\2015\abcd0770.15d.Z, d:\gpsother\tec-suite\in\2015\brdc0770.15n.Z
# Satellite: G05
# Interval: 30.0
# Sampling interval: 0.0 (not used).
# Site: abcd
# Position (L, B, H): 253.601641965, 52.1962622634, 578.574894483
# Position (X, Y, Z): -1106129.71, -3758704.03, 5016675.77
# datetime format: %Y-%m-%dT%H:%M:%S
# Columns: tsn, hour, el, az, validity, tec.l1l2
# (I11,1X,F14.11,1X,F10.5,1X,F11.5,1X,I7,1X,F21.3)
          0  0.00000000000   15.75376   293.66386       0               -17.928
          1  0.00833333333   15.68385   293.45995       0               -17.341
          2  0.01666666667   15.61303   293.25640       0               -16.722
          3  0.02500000000   15.54130   293.05320       0               -15.910
          4  0.03333333333   15.46868   292.85037       0               -14.958
          5  0.04166666667   15.39517   292.64791       0               -14.278
          6  0.05000000000   15.32077   292.44583       0               -14.160
          7  0.05833333333   15.24549   292.24412       0               -13.405
          8  0.06666666667   15.16934   292.04279       0               -13.934
          9  0.07500000000   15.09231   291.84184       0               -14.110
         10  0.08333333333   15.01442   291.64128       0               -13.943
         11  0.09166666667   14.93567   291.44111       0               -13.807
         12  0.10000000000   14.85607   291.24134       0               -13.956
         13  0.10833333333   14.77562   291.04197       0               -13.780
         14  0.11666666667   14.69432   290.84299       0               -13.377
         15  0.12500000000   14.61219   290.64442       0               -12.668
         16  0.13333333333   14.52923   290.44626       0               -12.556
         17  0.14166666667   14.44544   290.24850       0               -12.633
         18  0.15000000000   14.36083   290.05116       0               -12.618
         19  0.15833333333   14.27541   289.85424       0               -11.850
         20  0.16666666667   14.18918   289.65773       0               -11.269
         21  0.17500000000   14.10214   289.46164       0               -10.841
         22  0.18333333333   14.01431   289.26598       0                -9.955
         23  0.19166666667   13.92569   289.07074       0                -8.468
         24  0.20000000000   13.83627   288.87593       0                -7.694
         25  0.20833333333   13.74608   288.68155       0                -7.771
         26  0.21666666667   13.65512   288.48760       0                -8.078
         27  0.22500000000   13.56339   288.29409       0                -8.123
         28  0.23333333333   13.47089   288.10101       0                -7.747
         29  0.24166666667   13.37764   287.90837       0                -7.161
         30  0.25000000000   13.28363   287.71617       0                -6.613
         31  0.25833333333   13.18888   287.52441       0                -6.765
         32  0.26666666667   13.09340   287.33309       0                -6.412
         33  0.27500000000   12.99718   287.14222       0                -6.963
         34  0.28333333333   12.90023   286.95179       0                -7.848
         35  0.29166666667   12.80256   286.76181       0                -8.119
         36  0.30000000000   12.70417   286.57228       0                -8.076
         37  0.30833333333   12.60508   286.38320       0                -8.153
         38  0.31666666667   12.50528   286.19457       0                -8.457
         39  0.32500000000   12.40478   286.00639       0                -9.029
         40  0.33333333333   12.30359   285.81867       0                -9.307
         41  0.34166666667   12.20172   285.63139       0                -8.992
         42  0.35000000000   12.09916   285.44457       0                -9.129
         43  0.35833333333   11.99593   285.25821       0                -8.507
         44  0.36666666667   11.89204   285.07230       0                -8.230
         45  0.37500000000   11.78748   284.88685       0                -7.951
         46  0.38333333333   11.68227   284.70185       0                -7.775
         47  0.39166666667   11.57640   284.51731       0                -7.462
         48  0.40000000000   11.46989   284.33323       0                -6.507
         49  0.40833333333   11.36275   284.14961       0                -7.062
         50  0.41666666667   11.25497   283.96644       0                -7.369
         51  0.42500000000   11.14656   283.78373       0                -8.280
         52  0.43333333333   11.03754   283.60148       0                -8.691
         53  0.44166666667   10.92790   283.41968       0                -8.917
         54  0.45000000000   10.81765   283.23835       0                -9.185
         55  0.45833333333   10.70680   283.05747       0                -9.231
         56  0.46666666667   10.59535   282.87704       0                -8.980
         57  0.47500000000   10.48332   282.69708       0                -9.174
         58  0.48333333333   10.37069   282.51757       0                -8.779
         59  0.49166666667   10.25749   282.33851       0                -8.840
         60  0.50000000000   10.14372   282.15991       0                -8.904
         61  0.50833333333   10.02938   281.98177       0                -8.853
         62  0.51666666667    9.91448   281.80408       0                -8.862
         63  0.52500000000    9.79902   281.62684       0                -8.534
         64  0.53333333333    9.68302   281.45006       0                -8.419
         65  0.54166666667    9.56647   281.27372       0                -8.613
         66  0.55000000000    9.44938   281.09784       0                -8.786
         67  0.55833333333    9.33177   280.92241       0                -8.702
         68  0.56666666667    9.21362   280.74743       0                -8.258
         69  0.57500000000    9.09496   280.57289       0                -8.024
         70  0.58333333333    8.97578   280.39880       0                -8.170
         71  0.59166666667    8.85609   280.22516       0                -8.053
         72  0.60000000000    8.73591   280.05195       0                -7.999
         73  0.60833333333    8.61522   279.87920       0                -8.244
         74  0.61666666667    8.49404   279.70688       0                -8.116
         75  0.62500000000    8.37238   279.53500       0                -8.166
         76  0.63333333333    8.25024   279.36357       0                -8.136
         77  0.64166666667    8.12763   279.19256       0                -7.983
         78  0.65000000000    8.00454   279.02200       0                -7.896
         79  0.65833333333    7.88100   278.85187       0                -7.578
         80  0.66666666667    7.75699   278.68217       0                -7.519
         81  0.67500000000    7.63254   278.51290       0                -7.331
         82  0.68333333333    7.50764   278.34406       0                -7.238
         83  0.69166666667    7.38230   278.17564       0                -6.900
         84  0.70000000000    7.25653   278.00765       0                -6.763
         85  0.70833333333    7.13033   277.84009       0                -6.511
         86  0.71666666667    7.00370   277.67294       0                -5.985
         87  0.72500000000    6.87666   277.50621       0                -5.738
         88  0.73333333333    6.74920   277.33990       0                -5.328
         89  0.74166666667    6.62134   277.17401       0                -5.208
         90  0.75000000000    6.49308   277.00853       0                -4.399
         91  0.75833333333    6.36442   276.84346       0                -3.905
         92  0.76666666667    6.23537   276.67879       0                -3.409
         93  0.77500000000    6.10594   276.51454       0                -3.353
         94  0.78333333333    5.97613   276.35069       0                -2.790
         95  0.79166666667    5.84594   276.18723       0                -2.588
         96  0.80000000000    5.71539   276.02418       0                -2.295
         97  0.80833333333    5.58447   275.86153       0                -2.186
         98  0.81666666667    5.45320   275.69927       0                -1.807
         99  0.82500000000    5.32157   275.53740       0                -1.553
        100  0.83333333333    5.18960   275.37592       0                -1.388
        101  0.84166666667    5.05728   275.21483       0                -1.349
        819  6.82500000000    5.22380   172.47609       0                 0.906
        820  6.83333333333    5.42372   172.42003       0                 0.618
        821  6.84166666667    5.62396   172.36411       0                 0.266
        822  6.85000000000    5.82451   172.30833       0                 0.015
        823  6.85833333333    6.02539   172.25268       0                -0.250
        824  6.86666666667    6.22658   172.19716       0                -0.528
        825  6.87500000000    6.42809   172.14176       0                -0.915
        826  6.88333333333    6.62992   172.08648       0                -1.267
        827  6.89166666667    6.83206   172.03131       0                -1.515
        828  6.90000000000    7.03451   171.97626       0                -1.758
        829  6.90833333333    7.23727   171.92132       0                -1.946
        830  6.91666666667    7.44034   171.86648       0                -2.175
        831  6.92500000000    7.64372   171.81175       0                -2.389
        832  6.93333333333    7.84741   171.75711       0                -2.542
        833  6.94166666667    8.05141   171.70257       0                -2.626
        834  6.95000000000    8.25571   171.64811       0                -2.791
        835  6.95833333333    8.46032   171.59374       0                -2.942
        836  6.96666666667    8.66523   171.53945       0                -3.138
        837  6.97500000000    8.87044   171.48524       0                -3.354
        838  6.98333333333    9.07595   171.43110       0                -3.618
        839  6.99166666667    9.28176   171.37703       0                -3.906
        840  7.00000000000    9.48787   171.32303       0                -4.244
        841  7.00833333333    9.69427   171.26909       0                -4.556
        842  7.01666666667    9.90097   171.21521       0                -4.811
        843  7.02500000000   10.10797   171.16138       0                -5.041
        844  7.03333333333   10.31525   171.10760       0                -5.233
        845  7.04166666667   10.52283   171.05386       0                -5.371
        846  7.05000000000   10.73070   171.00016       0                -5.485
        847  7.05833333333   10.93886   170.94650       0                -5.502
        848  7.06666666667   11.14731   170.89288       0                -5.532
        849  7.07500000000   11.35605   170.83928       0                -5.524
        850  7.08333333333   11.56506   170.78570       0                -5.596
        851  7.09166666667   11.77437   170.73214       0                -5.588
        852  7.10000000000   11.98395   170.67860       0                -5.569
        853  7.10833333333   12.19382   170.62507       0                -5.570
        854  7.11666666667   12.40397   170.57154       0                -5.533
        855  7.12500000000   12.61439   170.51801       0                -5.614
        856  7.13333333333   12.82510   170.46448       0                -5.736
        857  7.14166666667   13.03608   170.41095       0                -5.843
        858  7.15000000000   13.24733   170.35740       0                -6.021
        859  7.15833333333   13.45886   170.30383       0                -6.182
        860  7.16666666667   13.67065   170.25024       0                -6.286
        861  7.17500000000   13.88272   170.19662       0                -6.395
        862  7.18333333333   14.09506   170.14297       0                -6.482
        863  7.19166666667   14.30766   170.08929       0                -6.518
        864  7.20000000000   14.52054   170.03556       0                -6.605
        865  7.20833333333   14.73367   169.98179       0                -6.757
        866  7.21666666667   14.94707   169.92797       0                -6.826
        867  7.22500000000   15.16073   169.87409       0                -6.925
        868  7.23333333333   15.37465   169.82015       0                -6.928
        869  7.24166666667   15.58883   169.76614       0                -6.920
        870  7.25000000000   15.80326   169.71206       0                -6.827
        871  7.25833333333   16.01795   169.65791       0                -6.850
        872  7.26666666667   16.23290   169.60367       0                -6.833
        873  7.27500000000   16.44810   169.54935       0                -6.803
        874  7.28333333333   16.66355   169.49494       0                -6.755
        875  7.29166666667   16.87924   169.44042       0                -6.636
        876  7.30000000000   17.09519   169.38581       0                -6.582
        877  7.30833333333   17.31138   169.33108       0                -6.633
        878  7.31666666667   17.52782   169.27625       0                -6.690
        879  7.32500000000   17.74449   169.22129       0                -6.792
        880  7.33333333333   17.96141   169.16621       0                -6.857
        881  7.34166666667   18.17857   169.11099       0                -6.917
        882  7.35000000000   18.39597   169.05564       0                -6.984
        883  7.35833333333   18.61360   169.00015       0                -7.128
        884  7.36666666667   18.83147   168.94451       0                -7.221
        885  7.37500000000   19.04957   168.88872       0                -7.396
        886  7.38333333333   19.26790   168.83276       0                -7.553
        887  7.39166666667   19.48646   168.77664       0                -7.636
        888  7.40000000000   19.70525   168.72035       0                -7.725
        889  7.40833333333   19.92426   168.66388       0                -7.779
        890  7.41666666667   20.14349   168.60723       0                -7.893
        891  7.42500000000   20.36295   168.55038       0                -7.997
        892  7.43333333333   20.58262   168.49334       0                -8.033
        893  7.44166666667   20.80252   168.43610       0                -8.164
        894  7.45000000000   21.02263   168.37864       0                -8.198
        895  7.45833333333   21.24295   168.32097       0                -8.314
        896  7.46666666667   21.46349   168.26308       0                -8.342
        897  7.47500000000   21.68423   168.20496       0                -8.394
        898  7.48333333333   21.90519   168.14660       0                -8.309
        899  7.49166666667   22.12635   168.08799       0                -8.302
        900  7.50000000000   22.34771   168.02914       0                -8.271
        901  7.50833333333   22.56927   167.97003       0                -8.183
        902  7.51666666667   22.79104   167.91066       0                -8.171
        903  7.52500000000   23.01300   167.85102       0                -8.291
        904  7.53333333333   23.23516   167.79110       0                -8.194
        905  7.54166666667   23.45751   167.73089       0                -8.244
        906  7.55000000000   23.68005   167.67039       0                -8.391
        907  7.55833333333   23.90278   167.60959       0                -8.474
        908  7.56666666667   24.12570   167.54848       0                -8.518
        909  7.57500000000   24.34880   167.48706       0                -8.466
        910  7.58333333333   24.57208   167.42531       0                -8.576
        911  7.59166666667   24.79554   167.36323       0                -8.763
        912  7.60000000000   25.01918   167.30082       0                -8.828
        913  7.60833333333   25.24299   167.23806       0                -8.869
        914  7.61666666667   25.46698   167.17494       0                -8.998
        915  7.62500000000   25.69113   167.11146       0                -9.064
        916  7.63333333333   25.91546   167.04761       0                -9.010
        917  7.64166666667   26.13994   166.98338       0                -9.024
        918  7.65000000000   26.36459   166.91876       0                -9.051
        919  7.65833333333   26.58940   166.85374       0                -8.991
        920  7.66666666667   26.81436   166.78832       0                -9.029
        921  7.67500000000   27.03948   166.72248       0                -9.030
        922  7.68333333333   27.26475   166.65623       0                -9.050
        923  7.69166666667   27.49017   166.58954       0                -9.072
        924  7.70000000000   27.71574   166.52241       0                -9.091
        925  7.70833333333   27.94145   166.45482       0                -9.151
        926  7.71666666667   28.16729   166.38678       0                -9.222
        927  7.72500000000   28.39328   166.31827       0                -9.260
        928  7.73333333333   28.61940   166.24929       0                -9.292
        929  7.74166666667   28.84565   166.17981       0                -9.391
        930  7.75000000000   29.07203   166.10983       0                -9.441
        931  7.75833333333   29.29854   166.03935       0                -9.545
        932  7.76666666667   29.52516   165.96835       0                -9.546
        933  7.77500000000   29.75191   165.89682       0                -9.607
        934  7.78333333333   29.97877   165.82475       0                -9.703
        935  7.79166666667   30.20575   165.75213       0                -9.681
        936  7.80000000000   30.43283   165.67895       0                -9.706
        937  7.80833333333   30.66002   165.60520       0                -9.568
        938  7.81666666667   30.88732   165.53087       0                -9.436
        939  7.82500000000   31.11471   165.45595       0                -9.484
        940  7.83333333333   31.34220   165.38042       0                -9.478
        941  7.84166666667   31.56978   165.30428       0                -9.401
        942  7.85000000000   31.79745   165.22751       0                -9.361
        943  7.85833333333   32.02520   165.15011       0                -9.350
        944  7.86666666667   32.25304   165.07205       0                -9.207
        945  7.87500000000   32.48096   164.99333       0                -9.277
        946  7.88333333333   32.70894   164.91394       0                -9.142
        947  7.89166666667   32.93700   164.83386       0                -8.902
        948  7.90000000000   33.16513   164.75308       0                -8.956
        949  7.90833333333   33.39332   164.67159       0                -8.606
        950  7.91666666667   33.62156   164.58937       0                -8.338
        951  7.92500000000   33.84986   164.50642       0                -8.385
        952  7.93333333333   34.07821   164.42271       0                -8.399
        953  7.94166666667   34.30661   164.33824       0                -8.592
        954  7.95000000000   34.53505   164.25300       0                -8.592
        955  7.95833333333   34.76352   164.16696       0                -8.614
        956  7.96666666667   34.99203   164.08012       0                -8.721
        957  7.97500000000   35.22057   163.99245       0                -8.844
        958  7.98333333333   35.44913   163.90396       0                -8.870
        959  7.99166666667   35.67772   163.81461       0                -8.951
        960  8.00000000000   35.90630   163.72418       0                -8.802
        961  8.00833333333   36.13492   163.63332       0                -8.999
        962  8.01666666667   36.36354   163.54134       0                -9.006
        963  8.02500000000   36.59215   163.44845       0                -8.938
        964  8.03333333333   36.82076   163.35463       0                -8.717
        965  8.04166666667   37.04936   163.25988       0                -9.095
        966  8.05000000000   37.27795   163.16417       0                -9.088
        967  8.05833333333   37.50652   163.06749       0                -9.177
        968  8.06666666667   37.73506   162.96981       0                -9.278
        969  8.07500000000   37.96358   162.87113       0                -9.289
        970  8.08333333333   38.19205   162.77143       0                -9.168
        971  8.09166666667   38.42049   162.67069       0                -9.100
        972  8.10000000000   38.64889   162.56889       0                -9.068
        973  8.10833333333   38.87723   162.46601       0                -9.103
        974  8.11666666667   39.10551   162.36204       0                -8.992
        975  8.12500000000   39.33373   162.25696       0                -9.097
        976  8.13333333333   39.56188   162.15075       0                -9.005
        977  8.14166666667   39.78995   162.04339       0                -9.143
        978  8.15000000000   40.01795   161.93485       0                -8.869
        979  8.15833333333   40.24585   161.82513       0                -9.126
        980  8.16666666667   40.47367   161.71421       0                -9.154
        981  8.17500000000   40.70138   161.60205       0                -9.166
        982  8.18333333333   40.92898   161.48864       0                -9.193
        983  8.19166666667   41.15648   161.37397       0                -9.310
        984  8.20000000000   41.38385   161.25801       0                -9.180
        985  8.20833333333   41.61109   161.14073       0                -9.071
        986  8.21666666667   41.83821   161.02213       0                -9.381
        987  8.22500000000   42.06518   160.90216       0                -9.046
        988  8.23333333333   42.29200   160.78082       0                -9.343
        989  8.24166666667   42.51867   160.65809       0                -9.487
        990  8.25000000000   42.74517   160.53393       0                -9.581
        991  8.25833333333   42.97151   160.40832       0                -9.702
        992  8.26666666667   43.19767   160.28125       0                -9.636
        993  8.27500000000   43.42364   160.15268       0                -9.727
        994  8.28333333333   43.64942   160.02259       0                -9.538
        995  8.29166666667   43.87499   159.89097       0                -9.592
        996  8.30000000000   44.10036   159.75777       0                -9.862
        997  8.30833333333   44.32551   159.62299       0                -9.944
        998  8.31666666667   44.55043   159.48659       0                -9.943
        999  8.32500000000   44.77512   159.34854       0                -9.996
       1000  8.33333333333   44.99957   159.20883       0                -9.689
       1001  8.34166666667   45.22376   159.06741       0                -9.959
       1002  8.35000000000   45.44769   158.92428       0                -9.970
       1003  8.35833333333   45.67135   158.77939       0                -9.909
       1004  8.36666666667   45.89473   158.63272       0               -10.007
       1005  8.37500000000   46.11782   158.48424       0               -10.028
       1006  8.38333333333   46.34061   158.33393       0               -10.006
       1007  8.39166666667   46.56309   158.18175       0               -10.024
       1008  8.40000000000   46.78526   158.02767       0                -9.836
       1009  8.40833333333   47.00709   157.87167       0                -9.842
       1010  8.41666666667   47.22858   157.71371       0                -9.701
       1011  8.42500000000   47.44973   157.55377       0                -9.973
       1012  8.43333333333   47.67051   157.39181       0                -9.745
       1013  8.44166666667   47.89093   157.22779       0               -10.309
       1014  8.45000000000   48.11096   157.06169       0               -10.001
       1015  8.45833333333   48.33059   156.89348       0                -9.970
       1016  8.46666666667   48.54983   156.72312       0                -9.756
       1017  8.47500000000   48.76864   156.55058       0               -10.062
       1018  8.48333333333   48.98703   156.37582       0                -9.985
       1019  8.49166666667   49.20497   156.19882       0               -10.196
       1020  8.50000000000   49.42246   156.01952       0               -10.005
       1021  8.50833333333   49.63949   155.83791       0               -10.020
       1022  8.51666666667   49.85604   155.65394       0               -10.169
       1023  8.52500000000   50.07210   155.46758       0               -10.095
       1024  8.53333333333   50.28765   155.27879       0               -10.099
       1025  8.54166666667   50.50269   155.08754       0                -9.906
       1026  8.55000000000   50.71719   154.89378       0                -9.491
       1027  8.55833333333   50.93115   154.69748       0                -9.392
       1028  8.56666666667   51.14455   154.49860       0                -9.535
       1029  8.57500000000   51.35738   154.29710       0                -9.739
       1030  8.58333333333   51.56962   154.09295       0                -9.460
       1031  8.59166666667   51.78126   153.88609       0                -8.858
       1032  8.60000000000   51.99228   153.67650       0                -8.972
       1033  8.60833333333   52.20266   153.46413       0                -8.517
       1034  8.61666666667   52.41240   153.24895       0                -8.356
       1035  8.62500000000   52.62147   153.03090       0                -7.916
       1036  8.63333333333   52.82986   152.80995       0                -7.982
       1037  8.64166666667   53.03755   152.58606       0                -8.430
       1038  8.65000000000   53.24453   152.35918       0                -8.621
       1039  8.65833333333   53.45078   152.12927       0                -7.945
       1040  8.66666666667   53.65628   151.89629       0                -8.330
       1041  8.67500000000   53.86102   151.66019       0                -7.965
       1042  8.68333333333   54.06497   151.42093       0                -8.760
       1043  8.69166666667   54.26811   151.17847       0                -8.694
       1044  8.70000000000   54.47044   150.93276       0                -8.377
       1045  8.70833333333   54.67193   150.68375       0                -8.495
       1046  8.71666666667   54.87255   150.43141       0                -8.570
       1047  8.72500000000   55.07230   150.17568       0                -8.654
       1048  8.73333333333   55.27116   149.91653       0                -8.762
       1049  8.74166666667   55.46909   149.65390       0                -8.715
       1050  8.75000000000   55.66608   149.38775       0                -8.865
       1051  8.75833333333   55.86212   149.11804       0                -8.952
       1052  8.76666666667   56.05717   148.84471       0                -9.117
       1053  8.77500000000   56.25122   148.56772       0                -9.388
       1054  8.78333333333   56.44425   148.28703       0                -9.674
       1055  8.79166666667   56.63623   148.00259       0                -9.133
       1056  8.80000000000   56.82714   147.71436       0                -8.506
       1057  8.80833333333   57.01696   147.42228       0                -8.715
       1058  8.81666666667   57.20567   147.12631       0                -9.103
       1059  8.82500000000   57.39323   146.82642       0                -9.167
       1060  8.83333333333   57.57963   146.52254       0                -8.821
       1061  8.84166666667   57.76485   146.21464       0                -8.805
       1062  8.85000000000   57.94885   145.90267       0                -8.838
       1063  8.85833333333   58.13162   145.58659       0                -8.990
       1064  8.86666666667   58.31312   145.26635       0                -8.597
       1065  8.87500000000   58.49334   144.94191       0                -8.539
       1066  8.88333333333   58.67224   144.61324       0                -8.261
       1067  8.89166666667   58.84979   144.28027       0                -8.339
       1068  8.90000000000   59.02598   143.94298       0                -8.246
       1069  8.90833333333   59.20078   143.60132       0                -8.182
       1070  8.91666666667   59.37415   143.25526       0                -8.218
       1071  8.92500000000   59.54607   142.90475       0                -8.186
       1072  8.93333333333   59.71651   142.54976       0                -8.431
       1073  8.94166666667   59.88544   142.19025       0                -8.410
       1074  8.95000000000   60.05283   141.82618       0                -8.487
       1075  8.95833333333   60.21866   141.45753       0                -7.694
       1076  8.96666666667   60.38289   141.08425       0                -8.237
       1077  8.97500000000   60.54549   140.70632       0                -8.367
       1078  8.98333333333   60.70644   140.32371       0                -8.268
       1079  8.99166666667   60.86570   139.93638       0                -8.424
       1080  9.00000000000   61.02323   139.54432       0                -8.526
       1081  9.00833333333   61.17902   139.14750       0                -8.350
       1082  9.01666666667   61.33303   138.74589       0                -8.055
       1083  9.02500000000   61.48522   138.33948       0                -8.387
       1084  9.03333333333   61.63556   137.92825       0                -8.419
       1085  9.04166666667   61.78403   137.51219       0                -8.531
       1086  9.05000000000   61.93059   137.09127       0                -8.681
       1087  9.05833333333   62.07520   136.66550       0                -8.717
       1088  9.06666666667   62.21783   136.23485       0                -8.658
       1089  9.07500000000   62.35846   135.79934       0                -7.896
       1090  9.08333333333   62.49704   135.35895       0                -8.107
       1091  9.09166666667   62.63354   134.91369       0                -8.599
       1092  9.10000000000   62.76794   134.46356       0                -8.694
       1093  9.10833333333   62.90019   134.00857       0                -8.806
       1094  9.11666666667   63.03026   133.54874       0                -8.626
       1095  9.12500000000   63.15812   133.08407       0                -8.629
       1096  9.13333333333   63.28374   132.61459       0                -8.520
       1097  9.14166666667   63.40708   132.14032       0                -8.883
       1098  9.15000000000   63.52810   131.66128       0                -9.016
       1099  9.15833333333   63.64678   131.17751       0                -8.977
       1100  9.16666666667   63.76308   130.68905       0                -9.046
       1101  9.17500000000   63.87696   130.19592       0                -9.026
       1102  9.18333333333   63.98840   129.69818       0                -9.219
       1103  9.19166666667   64.09736   129.19588       0                -9.288
       1104  9.20000000000   64.20381   128.68906       0                -9.327
       1105  9.20833333333   64.30772   128.17778       0                -9.328
       1106  9.21666666667   64.40904   127.66211       0                -9.476
       1107  9.22500000000   64.50776   127.14212       0                -9.668
       1108  9.23333333333   64.60384   126.61787       0                -9.541
       1109  9.24166666667   64.69725   126.08944       0                -9.456
       1110  9.25000000000   64.78796   125.55691       0                -9.457
       1111  9.25833333333   64.87594   125.02038       0                -9.559
       1112  9.26666666667   64.96116   124.47993       0                -9.666
       1113  9.27500000000   65.04359   123.93566       0                -9.753
       1114  9.28333333333   65.12321   123.38767       0                -9.784
       1115  9.29166666667   65.19998   122.83607       0                -9.965
       1116  9.30000000000   65.27388   122.28096       0                -9.970
       1117  9.30833333333   65.34488   121.72248       0               -10.165
       1118  9.31666666667   65.41296   121.16072       0               -10.168
       1119  9.32500000000   65.47810   120.59584       0                -9.754
       1120  9.33333333333   65.54027   120.02794       0                -9.905
       1121  9.34166666667   65.59945   119.45717       0               -10.225
       1122  9.35000000000   65.65562   118.88367       0               -10.003
       1123  9.35833333333   65.70875   118.30758       0                -9.811
       1124  9.36666666667   65.75884   117.72905       0               -10.149
       1125  9.37500000000   65.80585   117.14822       0                -9.788
       1126  9.38333333333   65.84978   116.56526       0               -10.075
       1127  9.39166666667   65.89060   115.98033       0               -10.311
       1128  9.40000000000   65.92831   115.39358       0               -10.340
       1129  9.40833333333   65.96289   114.80518       0               -10.217
       1130  9.41666666667   65.99433   114.21530       0               -10.379
       1131  9.42500000000   66.02261   113.62412       0               -10.262
       1132  9.43333333333   66.04773   113.03179       0               -10.352
       1133  9.44166666667   66.06968   112.43850       0               -10.288
       1134  9.45000000000   66.08845   111.84443       0               -10.283
       1135  9.45833333333   66.10404   111.24975       0               -10.340
       1136  9.46666666667   66.11644   110.65464       0               -10.320
       1137  9.47500000000   66.12565   110.05929       0               -10.307
       1138  9.48333333333   66.13167   109.46388       0               -10.247
       1139  9.49166666667   66.13450   108.86859       0               -10.320
       1140  9.50000000000   66.13414   108.27359       0               -10.364
       1141  9.50833333333   66.13059   107.67908       0               -10.274
       1142  9.51666666667   66.12385   107.08523       0               -10.271
       1143  9.52500000000   66.11394   106.49223       0               -10.223
       1144  9.53333333333   66.10086   105.90025       0               -10.087
       1145  9.54166666667   66.08461   105.30947       0               -10.084
       1146  9.55000000000   66.06521   104.72008       0               -10.114
       1147  9.55833333333   66.04267   104.13224       0               -10.125
       1148  9.56666666667   66.01699   103.54612       0               -10.150
       1149  9.57500000000   65.98820   102.96190       0               -10.138
       1150  9.58333333333   65.95631   102.37975       0                -9.934
       1151  9.59166666667   65.92132   101.79982       0               -10.129
       1152  9.60000000000   65.88327   101.22229       0               -10.145
       1153  9.60833333333   65.84217   100.64730       0               -10.073
       1154  9.61666666667   65.79804   100.07502       0               -10.063
       1155  9.62500000000   65.75089    99.50558       0               -10.074
       1156  9.63333333333   65.70076    98.93915       0               -10.026
       1157  9.64166666667   65.64765    98.37586       0               -10.015
       1158  9.65000000000   65.59160    97.81585       0                -9.952
       1159  9.65833333333   65.53264    97.25925       0               -10.038
       1160  9.66666666667   65.47078    96.70619       0               -10.229
       1161  9.67500000000   65.40605    96.15681       0               -10.345
       1162  9.68333333333   65.33848    95.61121       0               -10.494
       1163  9.69166666667   65.26809    95.06951       0               -10.553
       1164  9.70000000000   65.19493    94.53183       0               -10.667
       1165  9.70833333333   65.11900    93.99826       0               -10.643
       1166  9.71666666667   65.04036    93.46891       0               -10.614
       1167  9.72500000000   64.95901    92.94388       0               -10.620
       1168  9.73333333333   64.87501    92.42325       0               -10.652
       1169  9.74166666667   64.78837    91.90712       0               -10.611
       1170  9.75000000000   64.69913    91.39555       0               -10.552
       1171  9.75833333333   64.60733    90.88863       0               -10.545
       1172  9.76666666667   64.51299    90.38643       0               -10.732
       1173  9.77500000000   64.41615    89.88901       0               -10.640
       1174  9.78333333333   64.31684    89.39643       0               -10.703
       1175  9.79166666667   64.21510    88.90876       0               -10.726
       1176  9.80000000000   64.11096    88.42603       0               -10.667
       1177  9.80833333333   64.00445    87.94831       0               -10.531
       1178  9.81666666667   63.89562    87.47563       0               -10.381
       1179  9.82500000000   63.78448    87.00803       0               -10.389
       1180  9.83333333333   63.67109    86.54555       0               -10.385
       1181  9.84166666667   63.55547    86.08821       0               -10.399
       1182  9.85000000000   63.43765    85.63604       0               -10.452
       1183  9.85833333333   63.31768    85.18906       0               -10.471
       1184  9.86666666667   63.19559    84.74729       0               -10.445
       1185  9.87500000000   63.07141    84.31075       0               -10.491
       1186  9.88333333333   62.94518    83.87945       0               -10.477
       1187  9.89166666667   62.81692    83.45338       0               -10.429
       1188  9.90000000000   62.68669    83.03257       0               -10.431
       1189  9.90833333333   62.55450    82.61700       0               -10.274
       1190  9.91666666667   62.42040    82.20668       0               -10.186
       1191  9.92500000000   62.28442    81.80159       0               -10.125
       1192  9.93333333333   62.14659    81.40174       0               -10.133
       1193  9.94166666667   62.00694    81.00711       0               -10.170
       1194  9.95000000000   61.86551    80.61769       0               -10.218
       1195  9.95833333333   61.72233    80.23346       0               -10.246
       1196  9.96666666667   61.57744    79.85440       0               -10.251
       1197  9.97500000000   61.43086    79.48049       0               -10.220
       1198  9.98333333333   61.28263    79.11172       0               -10.036
       1199  9.99166666667   61.13278    78.74805       0               -10.098
       1200 10.00000000000   60.98139    78.39029       0                -9.991
       1201 10.00833333333   60.82835    78.03592       0               -10.042
       1202 10.01666666667   60.67383    77.68740       0                -9.910
       1203 10.02500000000   60.51781    77.34387       0                -9.971
       1204 10.03333333333   60.36032    77.00529       0                -9.826
       1205 10.04166666667   60.20140    76.67164       0                -9.969
       1206 10.05000000000   60.04106    76.34287       0               -10.014
       1207 10.05833333333   59.87935    76.01896       0                -9.942
       1208 10.06666666667   59.71629    75.69985       0                -9.950
       1209 10.07500000000   59.55191    75.38552       0                -9.882
       1210 10.08333333333   59.38623    75.07592       0                -9.641
       1211 10.09166666667   59.21929    74.77101       0                -9.569
       1212 10.10000000000   59.05110    74.47075       0                -9.309
       1213 10.10833333333   58.88170    74.17510       0                -9.288
       1214 10.11666666667   58.71112    73.88402       0                -9.147
       1215 10.12500000000   58.53937    73.59746       0                -9.340
       1216 10.13333333333   58.36648    73.31538       0                -9.275
       1217 10.14166666667   58.19249    73.03773       0                -9.255
       1218 10.15000000000   58.01740    72.76447       0                -9.307
       1219 10.15833333333   57.84126    72.49555       0                -9.463
       1220 10.16666666667   57.66407    72.23094       0                -9.396
       1221 10.17500000000   57.48587    71.97058       0                -9.346
       1222 10.18333333333   57.30667    71.71442       0                -9.719
       1223 10.19166666667   57.12651    71.46243       0                -9.683
       1224 10.20000000000   56.94540    71.21456       0                -9.778
       1225 10.20833333333   56.76336    70.97076       0                -9.901
       1226 10.21666666667   56.58042    70.73098       0                -9.909
       1227 10.22500000000   56.39660    70.49518       0                -9.889
       1228 10.23333333333   56.21191    70.26332       0                -9.842
       1229 10.24166666667   56.02638    70.03534       0                -9.824
       1230 10.25000000000   55.84003    69.81120       0                -9.825
       1231 10.25833333333   55.65288    69.59087       0                -9.828
       1232 10.26666666667   55.46495    69.37428       0                -9.907
       1233 10.27500000000   55.27625    69.16140       0                -9.984
       1234 10.28333333333   55.08680    68.95218       0               -10.010
       1235 10.29166666667   54.89664    68.74658       0                -9.956
       1236 10.30000000000   54.70576    68.54455       0                -9.742
       1237 10.30833333333   54.51419    68.34606       0                -9.738
       1238 10.31666666667   54.32195    68.15105       0                -9.712
       1239 10.32500000000   54.12905    67.95948       0                -9.524
       1240 10.33333333333   53.93552    67.77131       0                -9.287
       1241 10.34166666667   53.74136    67.58650       0                -9.759
       1242 10.35000000000   53.54659    67.40500       0                -9.809
       1243 10.35833333333   53.35123    67.22678       0                -9.696
       1244 10.36666666667   53.15530    67.05179       0                -9.799
       1245 10.37500000000   52.95881    66.87999       0                -9.824
       1246 10.38333333333   52.76177    66.71133       0                -9.966
       1247 10.39166666667   52.56421    66.54579       0                -9.988
       1248 10.40000000000   52.36612    66.38332       0               -10.051
       1249 10.40833333333   52.16754    66.22388       0                -9.963
       1250 10.41666666667   51.96847    66.06744       0                -9.985
       1251 10.42500000000   51.76892    65.91394       0                -9.858
       1252 10.43333333333   51.56891    65.76336       0                -9.888
       1253 10.44166666667   51.36846    65.61566       0                -9.804
       1254 10.45000000000   51.16757    65.47080       0                -9.795
       1255 10.45833333333   50.96626    65.32874       0                -9.678
       1256 10.46666666667   50.76454    65.18946       0                -9.547
       1257 10.47500000000   50.56242    65.05290       0                -9.479
       1258 10.48333333333   50.35992    64.91904       0                -9.518
       1259 10.49166666667   50.15704    64.78784       0                -9.526
       1260 10.50000000000   49.95381    64.65927       0                -9.472
       1261 10.50833333333   49.75022    64.53329       0                -9.558
       1262 10.51666666667   49.54629    64.40987       0                -9.526
       1263 10.52500000000   49.34203    64.28897       0                -9.610
       1264 10.53333333333   49.13746    64.17057       0                -9.898
       1265 10.54166666667   48.93258    64.05463       0                -9.955
       1266 10.55000000000   48.72740    63.94113       0                -9.851
       1267 10.55833333333   48.52193    63.83001       0                -9.789
       1268 10.56666666667   48.31619    63.72127       0                -9.970
       1269 10.57500000000   48.11017    63.61486       0                -9.879
       1270 10.58333333333   47.90390    63.51076       0                -9.736
       1271 10.59166666667   47.69739    63.40894       0                -9.982
       1272 10.60000000000   47.49063    63.30936       0               -10.056
       1273 10.60833333333   47.28364    63.21201       0               -10.125
       1274 10.61666666667   47.07643    63.11684       0               -10.127
       1275 10.62500000000   46.86901    63.02383       0               -10.156
       1276 10.63333333333   46.66138    62.93296       0               -10.225
       1277 10.64166666667   46.45355    62.84420       0               -10.125
       1278 10.65000000000   46.24554    62.75752       0               -10.031
       1279 10.65833333333   46.03735    62.67289       0                -9.952
       1280 10.66666666667   45.82899    62.59029       0                -9.972
       1281 10.67500000000   45.62046    62.50969       0               -10.206
       1282 10.68333333333   45.41177    62.43107       0               -10.319
       1283 10.69166666667   45.20294    62.35441       0               -10.311
       1284 10.70000000000   44.99396    62.27967       0               -10.298
       1285 10.70833333333   44.78485    62.20683       0               -10.273
       1286 10.71666666667   44.57561    62.13587       0               -10.199
       1287 10.72500000000   44.36625    62.06677       0               -10.204
       1288 10.73333333333   44.15677    61.99950       0               -10.165
       1289 10.74166666667   43.94719    61.93405       0               -10.161
       1290 10.75000000000   43.73751    61.87038       0               -10.104
       1291 10.75833333333   43.52773    61.80847       0               -10.109
       1292 10.76666666667   43.31786    61.74831       0               -10.165
       1293 10.77500000000   43.10791    61.68987       0               -10.187
       1294 10.78333333333   42.89789    61.63314       0               -10.147
       1295 10.79166666667   42.68779    61.57808       0               -10.029
       1296 10.80000000000   42.47763    61.52469       0               -10.062
       1297 10.80833333333   42.26741    61.47293       0                -9.987
       1298 10.81666666667   42.05714    61.42279       0               -10.036
       1299 10.82500000000   41.84682    61.37426       0               -10.081
       1300 10.83333333333   41.63645    61.32730       0               -10.117
       1301 10.84166666667   41.42605    61.28191       0               -10.092
       1302 10.85000000000   41.21562    61.23806       0               -10.145
       1303 10.85833333333   41.00516    61.19573       0               -10.011
       1304 10.86666666667   40.79468    61.15491       0                -9.776
       1305 10.87500000000   40.58418    61.11558       0                -9.734
       1306 10.88333333333   40.37367    61.07772       0                -9.630
       1307 10.89166666667   40.16316    61.04132       0                -9.566
       1308 10.90000000000   39.95264    61.00635       0                -9.491
       1309 10.90833333333   39.74212    60.97280       0                -9.447
       1310 10.91666666667   39.53161    60.94065       0                -9.439
       1311 10.92500000000   39.32110    60.90989       0                -9.173
       1312 10.93333333333   39.11062    60.88050       0                -9.115
       1313 10.94166666667   38.90015    60.85247       0                -9.259
       1314 10.95000000000   38.68970    60.82577       0                -9.387
       1315 10.95833333333   38.47929    60.80040       0                -9.205
       1316 10.96666666667   38.26890    60.77634       0                -9.343
       1317 10.97500000000   38.05855    60.75357       0                -9.408
       1318 10.98333333333   37.84824    60.73208       0                -9.202
       1319 10.99166666667   37.63797    60.71185       0                -9.245
       1320 11.00000000000   37.42774    60.69287       0                -9.196
       1321 11.00833333333   37.21757    60.67513       0                -9.043
       1322 11.01666666667   37.00745    60.65861       0                -9.406
       1323 11.02500000000   36.79738    60.64330       0                -9.541
       1324 11.03333333333   36.58738    60.62918       0                -9.475
       1325 11.04166666667   36.37744    60.61625       0                -9.441
       1326 11.05000000000   36.16757    60.60448       0                -9.407
       1327 11.05833333333   35.95776    60.59387       0                -9.240
       1328 11.06666666667   35.74803    60.58440       0                -9.227
       1329 11.07500000000   35.53838    60.57607       0                -9.071
       1330 11.08333333333   35.32881    60.56884       0                -9.277
       1331 11.09166666667   35.11932    60.56273       0                -8.971
       1332 11.10000000000   34.90991    60.55771       0                -9.353
       1333 11.10833333333   34.70059    60.55377       0                -9.379
       1334 11.11666666667   34.49136    60.55090       0                -9.333
       1335 11.12500000000   34.28223    60.54909       0                -9.340
       1336 11.13333333333   34.07319    60.54833       0                -9.206
       1337 11.14166666667   33.86425    60.54860       0                -9.002
       1338 11.15000000000   33.65541    60.54990       0                -9.174
       1339 11.15833333333   33.44668    60.55221       0                -9.025
       1340 11.16666666667   33.23806    60.55553       0                -9.090
       1341 11.17500000000   33.02954    60.55984       0                -9.033
       1342 11.18333333333   32.82113    60.56513       0                -8.826
       1343 11.19166666667   32.61284    60.57140       0                -8.740
       1344 11.20000000000   32.40466    60.57862       0                -8.608
       1345 11.20833333333   32.19660    60.58680       0                -8.490
       1346 11.21666666667   31.98867    60.59592       0                -8.538
       1347 11.22500000000   31.78085    60.60598       0                -8.337
       1348 11.23333333333   31.57316    60.61696       0                -8.142
       1349 11.24166666667   31.36560    60.62885       0                -7.707
       1350 11.25000000000   31.15816    60.64165       0                -7.575
       1351 11.25833333333   30.95086    60.65534       0                -7.464
       1352 11.26666666667   30.74368    60.66992       0                -7.200
       1353 11.27500000000   30.53665    60.68537       0                -7.370
       1354 11.28333333333   30.32975    60.70170       0                -7.311
       1355 11.29166666667   30.12298    60.71888       0                -7.099
       1356 11.30000000000   29.91636    60.73692       0                -6.870
       1357 11.30833333333   29.70988    60.75580       0                -6.695
       1358 11.31666666667   29.50354    60.77551       0                -6.716
       1359 11.32500000000   29.29735    60.79605       0                -6.818
       1360 11.33333333333   29.09131    60.81741       0                -6.674
       1361 11.34166666667   28.88541    60.83958       0                -6.685
       1362 11.35000000000   28.67966    60.86255       0                -6.610
       1363 11.35833333333   28.47407    60.88631       0                -6.568
       1364 11.36666666667   28.26863    60.91086       0                -5.712
       1365 11.37500000000   28.06334    60.93620       0                -5.054
       1366 11.38333333333   27.85821    60.96230       0                -5.820
       1367 11.39166666667   27.65324    60.98917       0                -5.350
       1368 11.40000000000   27.44842    61.01679       0                -5.635
       1369 11.40833333333   27.24377    61.04517       0                -4.886
       1370 11.41666666667   27.03927    61.07428       0                -4.309
       1371 11.42500000000   26.83494    61.10414       0                -4.344
       1372 11.43333333333   26.63077    61.13472       0                -4.241
       1373 11.44166666667   26.42677    61.16603       0                -4.800
       1374 11.45000000000   26.22294    61.19805       0                -5.027
       1375 11.45833333333   26.01927    61.23077       0                -4.617
       1376 11.46666666667   25.81577    61.26420       0                -5.117
       1377 11.47500000000   25.61244    61.29833       0                -5.253
       1378 11.48333333333   25.40928    61.33315       0                -5.667
       1379 11.49166666667   25.20629    61.36864       0                -6.457
       1380 11.50000000000   25.00348    61.40482       0                -6.555
       1381 11.50833333333   24.80084    61.44166       0                -6.364
       1382 11.51666666667   24.59837    61.47917       0                -6.644
       1383 11.52500000000   24.39608    61.51734       0                -6.444
       1384 11.53333333333   24.19397    61.55616       0                -6.667
       1385 11.54166666667   23.99204    61.59563       0                -6.743
       1386 11.55000000000   23.79028    61.63574       0                -6.608
       1387 11.55833333333   23.58870    61.67648       0                -7.033
       1388 11.56666666667   23.38731    61.71785       0                -7.022
       1389 11.57500000000   23.18609    61.75985       0                -6.844
       1390 11.58333333333   22.98506    61.80246       0                -6.721
       1391 11.59166666667   22.78421    61.84569       0                -6.610
       1392 11.60000000000   22.58354    61.88952       0                -6.456
       1393 11.60833333333   22.38305    61.93395       0                -6.264
       1394 11.61666666667   22.18276    61.97899       0                -6.224
       1395 11.62500000000   21.98264    62.02461       0                -6.158
       1396 11.63333333333   21.78272    62.07082       0                -5.997
       1397 11.64166666667   21.58298    62.11761       0                -5.903
       1398 11.65000000000   21.38342    62.16498       0                -5.795
       1399 11.65833333333   21.18406    62.21292       0                -5.722
       1400 11.66666666667   20.98488    62.26142       0                -5.593
       1401 11.67500000000   20.78589    62.31049       0                -5.729
       1402 11.68333333333   20.58710    62.36011       0                -5.960
       1403 11.69166666667   20.38849    62.41029       0                -5.925
       1404 11.70000000000   20.19008    62.46101       0                -6.031
       1405 11.70833333333   19.99185    62.51228       0                -6.429
       1406 11.71666666667   19.79382    62.56408       0                -6.388
       1407 11.72500000000   19.59598    62.61642       0                -5.998
       1408 11.73333333333   19.39833    62.66929       0                -5.744
       1409 11.74166666667   19.20088    62.72268       0                -5.779
       1410 11.75000000000   19.00361    62.77659       0                -5.725
       1411 11.75833333333   18.80655    62.83102       0                -5.486
       1412 11.76666666667   18.60967    62.88595       0                -5.433
       1413 11.77500000000   18.41300    62.94140       0                -5.292
       1414 11.78333333333   18.21651    62.99735       0                -5.175
       1415 11.79166666667   18.02023    63.05380       0                -5.075
       1416 11.80000000000   17.82413    63.11074       0                -4.972
       1417 11.80833333333   17.62824    63.16818       0                -4.901
       1418 11.81666666667   17.43254    63.22610       0                -4.777
       1419 11.82500000000   17.23703    63.28451       0                -4.835
       1420 11.83333333333   17.04173    63.34339       0                -4.420
       1421 11.84166666667   16.84662    63.40275       0                -4.110
       1422 11.85000000000   16.65171    63.46258       0                -3.848
       1423 11.85833333333   16.45699    63.52288       0                -4.209
       1424 11.86666666667   16.26248    63.58364       0                -4.163
       1425 11.87500000000   16.06816    63.64486       0                -4.304
       1426 11.88333333333   15.87404    63.70654       0                -4.494
       1427 11.89166666667   15.68011    63.76867       0                -4.178
       1428 11.90000000000   15.48639    63.83125       0                -4.147
       1429 11.90833333333   15.29287    63.89428       0                -4.019
       1430 11.91666666667   15.09954    63.95774       0                -3.896
       1431 11.92500000000   14.90641    64.02165       0                -3.645
       1432 11.93333333333   14.71348    64.08599       0                -3.445
       1433 11.94166666667   14.52075    64.15076       0                -3.059
       1434 11.95000000000   14.32822    64.21596       0                -2.472
       1435 11.95833333333   14.13589    64.28159       0                -2.116
       1436 11.96666666667   13.94376    64.34764       0                -2.098
       1437 11.97500000000   13.75183    64.41410       0                -1.823
       1438 11.98333333333   13.56009    64.48098       0                -1.814
       1439 11.99166666667   13.36856    64.54828       0                -1.927
       1440 12.00000000000   13.17789    64.61619       0                -1.251
       1441 12.00833333333   12.98609    64.68408       0                -1.259
       1442 12.01666666667   12.79516    64.75259       0                -1.253
       1443 12.02500000000   12.60442    64.82150       0                -1.536
       1444 12.03333333333   12.41388    64.89081       0                -1.526
       1445 12.04166666667   12.22355    64.96050       0                -1.076
       1446 12.05000000000   12.03341    65.03059       0                -0.970
       1447 12.05833333333   11.84347    65.10106       0                -0.519
       1448 12.06666666667   11.65373    65.17192       0                -0.708
       1449 12.07500000000   11.46419    65.24316       0                -0.778
       1450 12.08333333333   11.27485    65.31478       0                -0.751
       1451 12.09166666667   11.08571    65.38677       0                -0.844
       1452 12.10000000000   10.89677    65.45913       0                -0.661
       1453 12.10833333333   10.70802    65.53187       0                -0.777
       1454 12.11666666667   10.51948    65.60497       0                -0.542
       1455 12.12500000000   10.33113    65.67843       0                -0.301
       1456 12.13333333333   10.14298    65.75226       0                -0.119
       1457 12.14166666667    9.95503    65.82644       0                -0.011
       1458 12.15000000000    9.76728    65.90098       0                 0.061
       1459 12.15833333333    9.57973    65.97588       0                -0.206
       1460 12.16666666667    9.39237    66.05112       0                -0.518
       1461 12.17500000000    9.20521    66.12671       0                 0.241
       1462 12.18333333333    9.01825    66.20265       0                 0.811
       1463 12.19166666667    8.83149    66.27893       0                 1.693
       1464 12.20000000000    8.64492    66.35555       0                 1.569
       1465 12.20833333333    8.45856    66.43251       0                 1.410
       1466 12.21666666667    8.27238    66.50980       0                 1.004
       1467 12.22500000000    8.08641    66.58742       0                 0.986
       1468 12.23333333333    7.90063    66.66538       0                 0.951
       1469 12.24166666667    7.71505    66.74366       0                 1.389
       1470 12.25000000000    7.52966    66.82227       0                 1.239
       1471 12.25833333333    7.34447    66.90120       0                 1.375
       1472 12.26666666667    7.15948    66.98045       0                 0.931
       1473 12.27500000000    6.97468    67.06001       0                 0.458
       1474 12.28333333333    6.79007    67.13989       0                 0.597
       1475 12.29166666667    6.60566    67.22009       0                 0.681
       1476 12.30000000000    6.42144    67.30060       0                 1.006
       1477 12.30833333333    6.23742    67.38141       0                 1.317
       1478 12.31666666667    6.05360    67.46253       0                 1.295
       1479 12.32500000000    5.86996    67.54396       0                 1.024
       1480 12.33333333333    5.68652    67.62568       0                 1.041
       1481 12.34166666667    5.50327    67.70771       0                 1.364
       1482 12.35000000000    5.32022    67.79003       0                 1.952
       1483 12.35833333333    5.13736    67.87265       0                 2.186
       2645 22.04166666667    5.19982   335.94306       0                 3.118
       2646 22.05000000000    5.34312   335.82310       0                 3.178
       2647 22.05833333333    5.48589   335.70237       0                 3.243
       2648 22.06666666667    5.62814   335.58087       0                 3.189
       2649 22.07500000000    5.76985   335.45861       0                 3.126
       2650 22.08333333333    5.91103   335.33558       0                 3.123
       2651 22.09166666667    6.05167   335.21178       0                 3.142
       2652 22.10000000000    6.19176   335.08720       0                 3.328
       2653 22.10833333333    6.33129   334.96186       0                 3.207
       2654 22.11666666667    6.47027   334.83574       0                 3.073
       2655 22.12500000000    6.60869   334.70886       0                 3.017
       2656 22.13333333333    6.74655   334.58119       0                 3.047
       2657 22.14166666667    6.88383   334.45275       0                 3.142
       2658 22.15000000000    7.02053   334.32354       0                 2.939
       2659 22.15833333333    7.15665   334.19355       0                 2.718
       2660 22.16666666667    7.29218   334.06278       0                 2.651
       2661 22.17500000000    7.42712   333.93124       0                 2.795
       2662 22.18333333333    7.56147   333.79891       0                 2.588
       2663 22.19166666667    7.69521   333.66581       0                 2.513
       2664 22.20000000000    7.82834   333.53193       0                 2.343
       2665 22.20833333333    7.96086   333.39727       0                 2.344
       2666 22.21666666667    8.09276   333.26183       0                 2.201
       2667 22.22500000000    8.22404   333.12560       0                 1.925
       2668 22.23333333333    8.35469   332.98860       0                 1.889
       2669 22.24166666667    8.48470   332.85082       0                 1.647
       2670 22.25000000000    8.61407   332.71226       0                 1.523
       2671 22.25833333333    8.74280   332.57291       0                 1.576
       2672 22.26666666667    8.87088   332.43279       0                 1.365
       2673 22.27500000000    8.99831   332.29188       0                 1.288
       2674 22.28333333333    9.12507   332.15019       0                 1.341
       2675 22.29166666667    9.25117   332.00773       0                 1.403
       2676 22.30000000000    9.37659   331.86448       0                 1.513
       2677 22.30833333333    9.50134   331.72045       0                 1.289
       2678 22.31666666667    9.62541   331.57564       0                 1.154
       2679 22.32500000000    9.74879   331.43006       0                 0.958
       2680 22.33333333333    9.87148   331.28369       0                 0.716
       2681 22.34166666667    9.99347   331.13655       0                 0.423
       2682 22.35000000000   10.11476   330.98863       0                 0.122
       2683 22.35833333333   10.23534   330.83993       0                -0.023
       2684 22.36666666667   10.35520   330.69046       0                 0.002
       2685 22.37500000000   10.47435   330.54021       0                 0.135
       2686 22.38333333333   10.59277   330.38919       0                 0.238
       2687 22.39166666667   10.71046   330.23739       0                 0.408
       2688 22.40000000000   10.82741   330.08483       0                 0.449
       2689 22.40833333333   10.94362   329.93149       0                 0.481
       2690 22.41666666667   11.05909   329.77738       0                 0.407
       2691 22.42500000000   11.17381   329.62250       0                 0.403
       2692 22.43333333333   11.28777   329.46685       0                 0.233
       2693 22.44166666667   11.40096   329.31044       0                 0.194
       2694 22.45000000000   11.51339   329.15327       0                 0.243
       2695 22.45833333333   11.62505   328.99533       0                 0.352
       2696 22.46666666667   11.73593   328.83663       0                 0.254
       2697 22.47500000000   11.84602   328.67717       0                 0.190
       2698 22.48333333333   11.95533   328.51695       0                 0.125
       2699 22.49166666667   12.06384   328.35598       0                 0.297
       2700 22.50000000000   12.17155   328.19425       0                 0.432
       2701 22.50833333333   12.27846   328.03178       0                 0.537
       2702 22.51666666667   12.38455   327.86855       0                 0.618
       2703 22.52500000000   12.48983   327.70457       0                 0.672
       2704 22.53333333333   12.59429   327.53985       0                 0.600
       2705 22.54166666667   12.69793   327.37439       0                 0.655
       2706 22.55000000000   12.80073   327.20818       0                 0.591
       2707 22.55833333333   12.90270   327.04124       0                 0.623
       2708 22.56666666667   13.00382   326.87357       0                 0.658
       2709 22.57500000000   13.10410   326.70516       0                 0.760
       2710 22.58333333333   13.20353   326.53602       0                 0.711
       2711 22.59166666667   13.30210   326.36615       0                 0.718
       2712 22.60000000000   13.39980   326.19556       0                 0.734
       2713 22.60833333333   13.49664   326.02425       0                 0.756
       2714 22.61666666667   13.59261   325.85222       0                 0.730
       2715 22.62500000000   13.68770   325.67948       0                 0.749
       2716 22.63333333333   13.78191   325.50602       0                 0.658
       2717 22.64166666667   13.87523   325.33186       0                 0.662
       2718 22.65000000000   13.96766   325.15699       0                 0.606
       2719 22.65833333333   14.05919   324.98142       0                 0.611
       2720 22.66666666667   14.14981   324.80516       0                 0.649
       2721 22.67500000000   14.23953   324.62820       0                 0.684
       2722 22.68333333333   14.32834   324.45055       0                 0.687
       2723 22.69166666667   14.41623   324.27222       0                 0.538
       2724 22.70000000000   14.50320   324.09320       0                 0.371
       2725 22.70833333333   14.58925   323.91351       0                 0.193
       2726 22.71666666667   14.67436   323.73314       0                 0.048
       2727 22.72500000000   14.75853   323.55210       0                -0.071
       2728 22.73333333333   14.84177   323.37040       0                -0.114
       2729 22.74166666667   14.92405   323.18804       0                -0.101
       2730 22.75000000000   15.00539   323.00502       0                 0.100
       2731 22.75833333333   15.08578   322.82135       0                 0.208
       2732 22.76666666667   15.16520   322.63704       0                 0.433
       2733 22.77500000000   15.24366   322.45208       0                 0.525
       2734 22.78333333333   15.32116   322.26649       0                 0.691
       2735 22.79166666667   15.39768   322.08026       0                 0.744
       2736 22.80000000000   15.47322   321.89341       0                 0.796
       2737 22.80833333333   15.54778   321.70593       0                 0.715
       2738 22.81666666667   15.62136   321.51784       0                 1.098
       2739 22.82500000000   15.69395   321.32914       0                 1.102
       2740 22.83333333333   15.76554   321.13983       0                 0.787
       2741 22.84166666667   15.83614   320.94992       0                 0.398
       2742 22.85000000000   15.90573   320.75942       0                 0.145
       2743 22.85833333333   15.97432   320.56833       0                 0.043
       2744 22.86666666667   16.04190   320.37665       0                -0.117
       2745 22.87500000000   16.10846   320.18440       0                -0.180
       2746 22.88333333333   16.17401   319.99157       0                -0.172
       2747 22.89166666667   16.23853   319.79818       0                -0.043
       2748 22.90000000000   16.30203   319.60423       0                 0.067
       2749 22.90833333333   16.36450   319.40973       0                 0.120
       2750 22.91666666667   16.42593   319.21468       0                 0.157
       2751 22.92500000000   16.48633   319.01909       0                 0.035
       2752 22.93333333333   16.54569   318.82296       0                 0.044
       2753 22.94166666667   16.60401   318.62631       0                -0.020
       2754 22.95000000000   16.66128   318.42913       0                -0.134
       2755 22.95833333333   16.71750   318.23144       0                -0.219
       2756 22.96666666667   16.77266   318.03324       0                -0.442
       2757 22.97500000000   16.82677   317.83454       0                -0.516
       2758 22.98333333333   16.87982   317.63534       0                -0.354
       2759 22.99166666667   16.93181   317.43566       0                -0.262
       2760 23.00000000000   16.98272   317.23550       0                -0.256
       2761 23.00833333333   17.03258   317.03486       0                -0.339
       2762 23.01666666667   17.08135   316.83375       0                -0.310
       2763 23.02500000000   17.12906   316.63219       0                -0.319
       2764 23.03333333333   17.17568   316.43017       0                -0.370
       2765 23.04166666667   17.22123   316.22771       0                -0.507
       2766 23.05000000000   17.26569   316.02481       0                -0.533
       2767 23.05833333333   17.30907   315.82149       0                -0.485
       2768 23.06666666667   17.35136   315.61773       0                -0.458
       2769 23.07500000000   17.39256   315.41357       0                -0.544
       2770 23.08333333333   17.43266   315.20899       0                -0.467
       2771 23.09166666667   17.47167   315.00402       0                -0.368
       2772 23.10000000000   17.50959   314.79865       0                -0.157
       2773 23.10833333333   17.54640   314.59290       0                -0.118
       2774 23.11666666667   17.58211   314.38677       0                -0.001
       2775 23.12500000000   17.61672   314.18028       0                 0.089
       2776 23.13333333333   17.65023   313.97342       0                 0.129
       2777 23.14166666667   17.68263   313.76621       0                 0.266
       2778 23.15000000000   17.71391   313.55866       0                 0.382
       2779 23.15833333333   17.74409   313.35077       0                 0.506
       2780 23.16666666667   17.77316   313.14255       0                 0.613
       2781 23.17500000000   17.80111   312.93401       0                 0.684
       2782 23.18333333333   17.82795   312.72515       0                 0.754
       2783 23.19166666667   17.85367   312.51599       0                 0.899
       2784 23.20000000000   17.87828   312.30654       0                 1.041
       2785 23.20833333333   17.90176   312.09680       0                 1.136
       2786 23.21666666667   17.92413   311.88678       0                 1.338
       2787 23.22500000000   17.94537   311.67649       0                 1.511
       2788 23.23333333333   17.96550   311.46593       0                 1.668
       2789 23.24166666667   17.98450   311.25512       0                 1.799
       2790 23.25000000000   18.00238   311.04407       0                 1.837
       2791 23.25833333333   18.01913   310.83278       0                 1.898
       2792 23.26666666667   18.03476   310.62125       0                 1.884
       2793 23.27500000000   18.04927   310.40951       0                 1.871
       2794 23.28333333333   18.06265   310.19756       0                 2.027
       2795 23.29166666667   18.07490   309.98540       0                 2.142
       2796 23.30000000000   18.08603   309.77305       0                 2.217
       2797 23.30833333333   18.09603   309.56051       0                 2.214
       2798 23.31666666667   18.10490   309.34779       0                 2.414
       2799 23.32500000000   18.11265   309.13490       0                 2.365
       2800 23.33333333333   18.11927   308.92185       0                 2.337
       2801 23.34166666667   18.12477   308.70865       0                 2.404
       2802 23.35000000000   18.12914   308.49530       0                 2.469
       2803 23.35833333333   18.13239   308.28182       0                 2.480
       2804 23.36666666667   18.13451   308.06821       0                 2.494
       2805 23.37500000000   18.13550   307.85449       0                 2.238
       2806 23.38333333333   18.13538   307.64065       0                 2.190
       2807 23.39166666667   18.13413   307.42671       0                 2.072
       2808 23.40000000000   18.13175   307.21268       0                 2.234
       2809 23.40833333333   18.12826   306.99856       0                 2.322
       2810 23.41666666667   18.12364   306.78437       0                 2.216
       2811 23.42500000000   18.11791   306.57011       0                 2.415
       2812 23.43333333333   18.11106   306.35579       0                 2.533
       2813 23.44166666667   18.10308   306.14142       0                 2.721
       2814 23.45000000000   18.09400   305.92701       0                 2.845
       2815 23.45833333333   18.08380   305.71256       0                 3.037
       2816 23.46666666667   18.07248   305.49809       0                 3.211
       2817 23.47500000000   18.06006   305.28360       0                 3.386
       2818 23.48333333333   18.04652   305.06910       0                 3.529
       2819 23.49166666667   18.03188   304.85460       0                 3.736
       2820 23.50000000000   18.01613   304.64011       0                 3.946
       2821 23.50833333333   17.99927   304.42563       0                 4.192
       2822 23.51666666667   17.98131   304.21118       0                 4.445
       2823 23.52500000000   17.96225   303.99675       0                 4.782
       2824 23.53333333333   17.94209   303.78237       0                 5.108
       2825 23.54166666667   17.92084   303.56804       0                 5.410
       2826 23.55000000000   17.89849   303.35376       0                 5.609
       2827 23.55833333333   17.87505   303.13954       0                 5.828
       2828 23.56666666667   17.85052   302.92539       0                 6.094
       2829 23.57500000000   17.82490   302.71133       0                 6.306
       2830 23.58333333333   17.79820   302.49735       0                 6.524
       2831 23.59166666667   17.77042   302.28346       0                 6.711
       2832 23.60000000000   17.74156   302.06968       0                 6.854
       2833 23.60833333333   17.71162   301.85601       0                 7.068
       2834 23.61666666667   17.68061   301.64245       0                 7.177
       2835 23.62500000000   17.64852   301.42902       0                 7.170
       2836 23.63333333333   17.61537   301.21572       0                 7.258
       2837 23.64166666667   17.58116   301.00256       0                 7.328
       2838 23.65000000000   17.54588   300.78954       0                 7.404
       2839 23.65833333333   17.50955   300.57669       0                 7.432
       2840 23.66666666667   17.47216   300.36399       0                 7.337
       2841 23.67500000000   17.43372   300.15146       0                 7.383
       2842 23.68333333333   17.39423   299.93910       0                 7.510
       2843 23.69166666667   17.35370   299.72693       0                 7.485
       2844 23.70000000000   17.31213   299.51494       0                 7.490
       2845 23.70833333333   17.26951   299.30315       0                 7.485
       2846 23.71666666667   17.22587   299.09157       0                 7.468
       2847 23.72500000000   17.18120   298.88019       0                 7.547
       2848 23.73333333333   17.13550   298.66903       0                 7.636
       2849 23.74166666667   17.08878   298.45808       0                 7.599
       2850 23.75000000000   17.04104   298.24737       0                 7.640
       2851 23.75833333333   16.99228   298.03690       0                 7.579
       2852 23.76666666667   16.94252   297.82666       0                 7.491
       2853 23.77500000000   16.89175   297.61667       0                 7.501
       2854 23.78333333333   16.83998   297.40693       0                 7.582
       2855 23.79166666667   16.78721   297.19746       0                 7.638
       2856 23.80000000000   16.73345   296.98825       0                 7.658
       2857 23.80833333333   16.67869   296.77931       0                 7.667
       2858 23.81666666667   16.62296   296.57064       0                 7.746
       2859 23.82500000000   16.56624   296.36226       0                 7.806
       2860 23.83333333333   16.50855   296.15417       0                 7.925
       2861 23.84166666667   16.44989   295.94637       0                 7.949
       2862 23.85000000000   16.39027   295.73887       0                 7.957
       2863 23.85833333333   16.32968   295.53167       0                 8.036
       2864 23.86666666667   16.26813   295.32478       0                 8.087
       2865 23.87500000000   16.20563   295.11821       0                 8.106
       2866 23.88333333333   16.14219   294.91195       0                 8.148
       2867 23.89166666667   16.07780   294.70602       0                 8.243
       2868 23.90000000000   16.01248   294.50042       0                 8.280
       2869 23.90833333333   15.94622   294.29516       0                 8.329
       2870 23.91666666667   15.87904   294.09023       0                 8.269
       2871 23.92500000000   15.81093   293.88564       0                 8.294
       2872 23.93333333333   15.74191   293.68141       0                 8.344
       2873 23.94166666667   15.67197   293.47752       0                 8.414
       2874 23.95000000000   15.60113   293.27399       0                 8.532
       2875 23.95833333333   15.52938   293.07083       0                 8.482
       2876 23.96666666667   15.45674   292.86802       0                 8.477
       2877 23.97500000000   15.38321   292.66559       0                 8.385
       2878 23.98333333333   15.30879   292.46353       0                 8.385
       2879 23.99166666667   15.23349   292.26184       0                 8.355
