# Created on 2018-12-12 16:17:49 
# Sources: d:\gpsother\tec-suite\in\2015\abcd0770.15d.Z, d:\gpsother\tec-suite\in\2015\brdc0770.15g.Z
# Satellite: R07 (k = 5.0)
# Interval: 30.0
# Sampling interval: 0.0 (not used).
# Site: abcd
# Position (L, B, H): 253.601641965, 52.1962622634, 578.574894483
# Position (X, Y, Z): -1106129.71, -3758704.03, 5016675.77
# datetime format: %Y-%m-%dT%H:%M:%S
# Columns: tsn, hour, el, az, validity, tec.l1l2
# (I11,1X,F14.11,1X,F10.5,1X,F11.5,1X,I7,1X,F21.3)
          0  0.00000000000   11.59750   346.89302       0               -18.347
          1  0.00833333333   11.76636   346.73531       0               -18.450
          2  0.01666666667   11.93442   346.57648       0               -18.730
          3  0.02500000000   12.10169   346.41654       0               -19.137
          4  0.03333333333   12.26816   346.25548       0               -18.929
          5  0.04166666667   12.43381   346.09331       0               -18.672
          6  0.05000000000   12.59864   345.93001       0               -18.729
          7  0.05833333333   12.76265   345.76559       0               -18.731
          8  0.06666666667   12.92583   345.60004       0               -18.496
          9  0.07500000000   13.08816   345.43337       0               -17.896
         10  0.08333333333   13.24965   345.26556       0               -18.379
         11  0.09166666667   13.41028   345.09661       0               -18.741
         12  0.10000000000   13.57004   344.92653       0               -18.588
         13  0.10833333333   13.72894   344.75531       0               -18.336
         14  0.11666666667   13.88695   344.58294       0               -18.151
         15  0.12500000000   14.04408   344.40943       0               -18.268
         16  0.13333333333   14.20032   344.23478       0               -18.347
         17  0.14166666667   14.35565   344.05897       0               -18.981
         18  0.15000000000   14.51007   343.88202       0               -19.027
         19  0.15833333333   14.66358   343.70391       0               -19.233
         20  0.16666666667   14.81616   343.52464       0               -19.421
         21  0.17500000000   14.96781   343.34422       0               -19.558
         22  0.18333333333   15.11852   343.16264       0               -19.915
         23  0.19166666667   15.26827   342.97990       0               -19.914
         24  0.20000000000   15.41708   342.79600       0               -19.907
         25  0.20833333333   15.56491   342.61093       0               -19.865
         26  0.21666666667   15.71178   342.42470       0               -19.489
         27  0.22500000000   15.85767   342.23730       0               -19.886
         28  0.23333333333   16.00256   342.04874       0               -19.837
         29  0.24166666667   16.14646   341.85901       0               -19.682
         30  0.25000000000   16.28936   341.66810       0               -19.237
         31  0.25833333333   16.43124   341.47603       0               -19.606
         32  0.26666666667   16.57210   341.28279       0               -19.708
         33  0.27500000000   16.71194   341.08838       0               -19.592
         34  0.28333333333   16.85074   340.89279       0               -19.332
         35  0.29166666667   16.98849   340.69604       0               -19.532
         36  0.30000000000   17.12519   340.49811       0               -19.211
         37  0.30833333333   17.26082   340.29901       0               -18.760
         38  0.31666666667   17.39539   340.09873       0               -19.416
         39  0.32500000000   17.52888   339.89729       0               -18.632
         40  0.33333333333   17.66129   339.69467       0               -18.639
         41  0.34166666667   17.79260   339.49088       0               -19.211
         42  0.35000000000   17.92280   339.28592       0               -19.086
         43  0.35833333333   18.05190   339.07979       0               -19.188
         44  0.36666666667   18.17987   338.87249       0               -19.506
         45  0.37500000000   18.30672   338.66402       0               -19.126
         46  0.38333333333   18.43243   338.45439       0               -19.587
         47  0.39166666667   18.55700   338.24359       0               -19.681
         48  0.40000000000   18.68042   338.03162       0               -20.152
         49  0.40833333333   18.80267   337.81850       0               -21.044
         50  0.41666666667   18.92375   337.60421       0               -21.118
         51  0.42500000000   19.04366   337.38876       0               -20.970
         52  0.43333333333   19.16238   337.17216       0               -21.114
         53  0.44166666667   19.27990   336.95441       0               -20.978
         54  0.45000000000   19.39622   336.73550       0               -20.710
         55  0.45833333333   19.51133   336.51544       0               -21.056
         56  0.46666666667   19.62522   336.29424       0               -20.995
         57  0.47500000000   19.73788   336.07190       0               -21.483
         58  0.48333333333   19.84931   335.84841       0               -21.734
         59  0.49166666667   19.95949   335.62379       0               -21.551
         60  0.50000000000   20.06841   335.39804       0               -22.245
         61  0.50833333333   20.16644   335.19289       0               -21.904
         62  0.51666666667   20.27241   334.96494       0               -21.319
         63  0.52500000000   20.37703   334.73601       0               -21.256
         64  0.53333333333   20.48031   334.50613       0               -21.010
         65  0.54166666667   20.58222   334.27528       0               -20.855
         66  0.55000000000   20.68278   334.04348       0               -20.192
         67  0.55833333333   20.78196   333.81073       0               -19.851
         68  0.56666666667   20.87976   333.57704       0               -20.334
         69  0.57500000000   20.97617   333.34241       0               -17.652
         70  0.58333333333   21.07119   333.10685       0               -18.391
         71  0.59166666667   21.16480   332.87037       0               -18.720
         72  0.60000000000   21.25701   332.63298       0               -19.306
         73  0.60833333333   21.34779   332.39467       0               -19.859
         74  0.61666666667   21.43716   332.15546       0               -19.890
         75  0.62500000000   21.52509   331.91535       0               -20.377
         76  0.63333333333   21.61158   331.67436       0               -20.219
         77  0.64166666667   21.69662   331.43249       0               -20.058
         78  0.65000000000   21.78022   331.18974       0               -20.677
         79  0.65833333333   21.86235   330.94613       0               -19.827
         80  0.66666666667   21.94301   330.70166       0               -20.260
         81  0.67500000000   22.02220   330.45634       0               -21.392
         82  0.68333333333   22.09991   330.21018       0               -22.331
         83  0.69166666667   22.17613   329.96320       0               -21.985
         84  0.70000000000   22.25085   329.71539       0               -22.005
         85  0.70833333333   22.32408   329.46676       0               -21.910
         86  0.71666666667   22.39579   329.21734       0               -21.692
         87  0.72500000000   22.46600   328.96712       0               -22.492
         88  0.73333333333   22.53468   328.71611       0               -22.914
         89  0.74166666667   22.60183   328.46434       0               -23.230
         90  0.75000000000   22.66746   328.21179       0               -23.108
         91  0.75833333333   22.73154   327.95850       0               -23.328
         92  0.76666666667   22.79408   327.70446       0               -23.895
         93  0.77500000000   22.85506   327.44968       0               -24.050
         94  0.78333333333   22.91449   327.19419       0               -24.106
         95  0.79166666667   22.97236   326.93798       0               -24.045
         96  0.80000000000   23.02866   326.68108       0               -24.106
         97  0.80833333333   23.08338   326.42348       0               -24.202
         98  0.81666666667   23.13653   326.16521       0               -24.043
         99  0.82500000000   23.18809   325.90628       0               -24.192
        100  0.83333333333   23.23806   325.64669       0               -24.352
        101  0.84166666667   23.28644   325.38646       0               -24.618
        102  0.85000000000   23.33322   325.12560       0               -24.902
        103  0.85833333333   23.37839   324.86413       0               -25.516
        104  0.86666666667   23.42195   324.60205       0               -25.797
        105  0.87500000000   23.46390   324.33939       0               -26.271
        106  0.88333333333   23.50423   324.07614       0               -26.115
        107  0.89166666667   23.54293   323.81233       0               -25.950
        108  0.90000000000   23.58001   323.54797       0               -25.594
        109  0.90833333333   23.61546   323.28308       0               -25.600
        110  0.91666666667   23.64927   323.01765       0               -25.691
        111  0.92500000000   23.68144   322.75172       0               -25.748
        112  0.93333333333   23.71197   322.48529       0               -25.959
        113  0.94166666667   23.74085   322.21838       0               -25.994
        114  0.95000000000   23.76808   321.95100       0               -26.103
        115  0.95833333333   23.79366   321.68317       0               -26.124
        116  0.96666666667   23.81758   321.41489       0               -26.201
        117  0.97500000000   23.83984   321.14619       0               -26.236
        118  0.98333333333   23.86044   320.87709       0               -26.374
        119  0.99166666667   23.87937   320.60758       0               -26.244
        120  1.00000000000   23.89663   320.33770       0               -26.387
        121  1.00833333333   23.91721   320.09038       0               -26.254
        122  1.01666666667   23.93080   319.82003       0               -26.286
        123  1.02500000000   23.94274   319.54950       0               -26.068
        124  1.03333333333   23.95305   319.27880       0               -26.684
        125  1.04166666667   23.96172   319.00795       0               -26.935
        126  1.05000000000   23.96875   318.73695       0               -26.845
        127  1.05833333333   23.97414   318.46583       0               -26.890
        128  1.06666666667   23.97788   318.19460       0               -26.965
        129  1.07500000000   23.97998   317.92327       0               -27.001
        130  1.08333333333   23.98044   317.65185       0               -26.783
        131  1.09166666667   23.97926   317.38036       0               -26.592
        132  1.10000000000   23.97643   317.10882       0               -26.543
        133  1.10833333333   23.97195   316.83724       0               -26.617
        134  1.11666666667   23.96584   316.56562       0               -26.460
        135  1.12500000000   23.95808   316.29400       0               -26.325
        136  1.13333333333   23.94867   316.02237       0               -26.190
        137  1.14166666667   23.93763   315.75076       0               -26.006
        138  1.15000000000   23.92495   315.47917       0               -25.831
        139  1.15833333333   23.91062   315.20763       0               -25.963
        140  1.16666666667   23.89466   314.93615       0               -26.016
        141  1.17500000000   23.87706   314.66473       0               -26.014
        142  1.18333333333   23.85782   314.39340       0               -26.055
        143  1.19166666667   23.83695   314.12217       0               -25.883
        144  1.20000000000   23.81444   313.85105       0               -25.679
        145  1.20833333333   23.79031   313.58006       0               -25.774
        146  1.21666666667   23.76454   313.30921       0               -25.802
        147  1.22500000000   23.73714   313.03852       0               -25.996
        148  1.23333333333   23.70813   312.76799       0               -25.992
        149  1.24166666667   23.67748   312.49765       0               -26.196
        150  1.25000000000   23.64522   312.22750       0               -26.361
        151  1.25833333333   23.61134   311.95756       0               -26.386
        152  1.26666666667   23.57584   311.68785       0               -26.468
        153  1.27500000000   23.53874   311.41838       0               -26.631
        154  1.28333333333   23.50002   311.14915       0               -26.691
        155  1.29166666667   23.45970   310.88019       0               -26.523
        156  1.30000000000   23.41777   310.61151       0               -26.278
        157  1.30833333333   23.37425   310.34312       0               -26.179
        158  1.31666666667   23.32913   310.07504       0               -26.196
        159  1.32500000000   23.28241   309.80728       0               -25.882
        160  1.33333333333   23.23411   309.53984       0               -25.694
        161  1.34166666667   23.18423   309.27275       0               -25.742
        162  1.35000000000   23.13277   309.00602       0               -25.662
        163  1.35833333333   23.07973   308.73966       0               -25.514
        164  1.36666666667   23.02512   308.47369       0               -25.424
        165  1.37500000000   22.96894   308.20810       0               -25.618
        166  1.38333333333   22.91120   307.94293       0               -25.492
        167  1.39166666667   22.85191   307.67818       0               -25.186
        168  1.40000000000   22.79106   307.41386       0               -25.189
        169  1.40833333333   22.72867   307.14999       0               -25.041
        170  1.41666666667   22.66473   306.88658       0               -24.857
        171  1.42500000000   22.59926   306.62364       0               -24.650
        172  1.43333333333   22.53225   306.36117       0               -24.709
        173  1.44166666667   22.46373   306.09921       0               -24.588
        174  1.45000000000   22.39368   305.83774       0               -24.586
        175  1.45833333333   22.32211   305.57680       0               -24.514
        176  1.46666666667   22.24904   305.31638       0               -24.573
        177  1.47500000000   22.17447   305.05651       0               -24.644
        178  1.48333333333   22.09840   304.79718       0               -24.413
        179  1.49166666667   22.02085   304.53842       0               -24.259
        180  1.50000000000   21.94181   304.28023       0               -24.170
        181  1.50833333333   21.87922   304.03150       0               -24.033
        182  1.51666666667   21.79703   303.77476       0               -23.811
        183  1.52500000000   21.71350   303.51867       0               -23.718
        184  1.53333333333   21.62863   303.26325       0               -23.548
        185  1.54166666667   21.54244   303.00851       0               -23.396
        186  1.55000000000   21.45492   302.75444       0               -23.311
        187  1.55833333333   21.36609   302.50107       0               -23.533
        188  1.56666666667   21.27594   302.24838       0               -23.404
        189  1.57500000000   21.18450   301.99640       0               -23.352
        190  1.58333333333   21.09175   301.74513       0               -23.391
        191  1.59166666667   20.99772   301.49457       0               -23.287
        192  1.60000000000   20.90240   301.24473       0               -23.065
        193  1.60833333333   20.80581   300.99561       0               -23.131
        194  1.61666666667   20.70795   300.74723       0               -23.277
        195  1.62500000000   20.60883   300.49959       0               -23.164
        196  1.63333333333   20.50845   300.25269       0               -23.152
        197  1.64166666667   20.40682   300.00654       0               -23.136
        198  1.65000000000   20.30396   299.76115       0               -23.244
        199  1.65833333333   20.19985   299.51651       0               -23.282
        200  1.66666666667   20.09452   299.27264       0               -23.284
        201  1.67500000000   19.98798   299.02954       0               -23.290
        202  1.68333333333   19.88022   298.78722       0               -23.404
        203  1.69166666667   19.77125   298.54568       0               -23.437
        204  1.70000000000   19.66109   298.30492       0               -23.341
        205  1.70833333333   19.54973   298.06495       0               -23.358
        206  1.71666666667   19.43720   297.82578       0               -23.359
        207  1.72500000000   19.32348   297.58740       0               -23.326
        208  1.73333333333   19.20860   297.34983       0               -23.189
        209  1.74166666667   19.09257   297.11306       0               -23.063
        210  1.75000000000   18.97537   296.87711       0               -22.871
        211  1.75833333333   18.85704   296.64196       0               -22.870
        212  1.76666666667   18.73756   296.40764       0               -22.777
        213  1.77500000000   18.61696   296.17414       0               -22.684
        214  1.78333333333   18.49523   295.94146       0               -22.555
        215  1.79166666667   18.37239   295.70962       0               -22.485
        216  1.80000000000   18.24845   295.47860       0               -22.389
        217  1.80833333333   18.12340   295.24842       0               -22.319
        218  1.81666666667   17.99727   295.01908       0               -22.195
        219  1.82500000000   17.87006   294.79058       0               -22.131
        220  1.83333333333   17.74176   294.56292       0               -22.095
        221  1.84166666667   17.61241   294.33610       0               -22.101
        222  1.85000000000   17.48199   294.11014       0               -21.954
        223  1.85833333333   17.35053   293.88503       0               -21.801
        224  1.86666666667   17.21802   293.66077       0               -21.682
        225  1.87500000000   17.08448   293.43737       0               -21.681
        226  1.88333333333   16.94991   293.21482       0               -21.642
        227  1.89166666667   16.81432   292.99314       0               -21.642
        228  1.90000000000   16.67772   292.77231       0               -21.680
        229  1.90833333333   16.54013   292.55235       0               -21.720
        230  1.91666666667   16.40153   292.33326       0               -21.623
        231  1.92500000000   16.26196   292.11503       0               -21.443
        232  1.93333333333   16.12140   291.89767       0               -21.374
        233  1.94166666667   15.97988   291.68118       0               -21.240
        234  1.95000000000   15.83740   291.46556       0               -21.162
        235  1.95833333333   15.69396   291.25081       0               -21.068
        236  1.96666666667   15.54958   291.03693       0               -20.962
        237  1.97500000000   15.40426   290.82393       0               -20.836
        238  1.98333333333   15.25802   290.61181       0               -20.635
        239  1.99166666667   15.11085   290.40056       0               -20.385
        240  2.00000000000   14.96278   290.19019       0               -20.236
        241  2.00833333333   14.83183   289.96352       0               -19.925
        242  2.01666666667   14.68184   289.75509       0               -19.656
        243  2.02500000000   14.53111   289.54747       0               -19.483
        244  2.03333333333   14.37966   289.34065       0               -19.510
        245  2.04166666667   14.22748   289.13462       0               -19.373
        246  2.05000000000   14.07459   288.92940       0               -19.262
        247  2.05833333333   13.92100   288.72498       0               -19.191
        248  2.06666666667   13.76670   288.52135       0               -19.085
        249  2.07500000000   13.61170   288.31851       0               -18.990
        250  2.08333333333   13.45602   288.11647       0               -18.998
        251  2.09166666667   13.29965   287.91521       0               -18.985
        252  2.10000000000   13.14260   287.71475       0               -18.762
        253  2.10833333333   12.98489   287.51507       0               -18.676
        254  2.11666666667   12.82651   287.31617       0               -18.482
        255  2.12500000000   12.66748   287.11806       0               -18.270
        256  2.13333333333   12.50779   286.92072       0               -18.195
        257  2.14166666667   12.34746   286.72417       0               -17.923
        258  2.15000000000   12.18648   286.52839       0               -17.838
        259  2.15833333333   12.02488   286.33338       0               -17.671
        260  2.16666666667   11.86265   286.13914       0               -17.488
        261  2.17500000000   11.69980   285.94567       0               -17.186
        262  2.18333333333   11.53633   285.75297       0               -16.920
        263  2.19166666667   11.37226   285.56103       0               -16.629
        264  2.20000000000   11.20759   285.36986       0               -16.583
        265  2.20833333333   11.04232   285.17944       0               -16.313
        266  2.21666666667   10.87646   284.98978       0               -16.113
        267  2.22500000000   10.71001   284.80088       0               -15.817
        268  2.23333333333   10.54299   284.61273       0               -15.590
        269  2.24166666667   10.37540   284.42533       0               -15.394
        270  2.25000000000   10.21286   284.24488       0               -15.163
        271  2.25833333333   10.03853   284.05276       0               -14.858
        272  2.26666666667    9.86926   283.86760       0               -14.602
        273  2.27500000000    9.69944   283.68317       0               -14.352
        274  2.28333333333    9.52909   283.49948       0               -14.157
        275  2.29166666667    9.35819   283.31652       0               -13.960
        276  2.30000000000    9.18677   283.13430       0               -13.585
        277  2.30833333333    9.01483   282.95280       0               -13.303
        278  2.31666666667    8.84236   282.77204       0               -13.154
        279  2.32500000000    8.66939   282.59200       0               -12.837
        280  2.33333333333    8.49591   282.41267       0               -12.647
        281  2.34166666667    8.32193   282.23407       0               -12.555
        282  2.35000000000    8.14746   282.05619       0               -12.487
        283  2.35833333333    7.97249   281.87902       0               -12.364
        284  2.36666666667    7.79705   281.70255       0               -12.299
        285  2.37500000000    7.62113   281.52680       0               -12.435
        286  2.38333333333    7.44474   281.35176       0               -12.492
        287  2.39166666667    7.26788   281.17741       0               -12.580
        288  2.40000000000    7.09056   281.00377       0               -12.102
        289  2.40833333333    6.91279   280.83082       0                 1.174
        290  2.41666666667    6.73458   280.65857       0                 1.253
        291  2.42500000000    6.55591   280.48701       0                 1.331
        292  2.43333333333    6.37682   280.31614       0                 1.773
        293  2.44166666667    6.19729   280.14595       0                 1.706
        294  2.45000000000    6.01733   279.97645       0                 1.995
        295  2.45833333333    5.83696   279.80763       0                 2.030
        296  2.46666666667    5.65617   279.63949       0                 2.136
        297  2.47500000000    5.47497   279.47202       0                 2.657
        298  2.48333333333    5.29337   279.30523       0                 2.530
        299  2.49166666667    5.11137   279.13911       0                 2.466
        300  2.50000000000    4.93507   278.97915       0                 2.632
        988  8.23333333333    5.31408   169.04366       0                -4.653
        989  8.24166666667    5.55635   169.01242       0                -4.884
        990  8.25000000000    5.79900   168.98139       0                -5.112
        991  8.25833333333    6.04203   168.95059       0                -5.447
        992  8.26666666667    6.28545   168.92000       0                -5.817
        993  8.27500000000    6.52924   168.88963       0                -6.276
        994  8.28333333333    6.77342   168.85948       0                -6.619
        995  8.29166666667    7.01798   168.82955       0                -6.922
        996  8.30000000000    7.26293   168.79984       0                -7.175
        997  8.30833333333    7.50826   168.77035       0                -7.362
        998  8.31666666667    7.75397   168.74108       0                -7.561
        999  8.32500000000    8.00007   168.71203       0                -7.679
       1000  8.33333333333    8.24655   168.68319       0                -7.487
       1001  8.34166666667    8.49342   168.65458       0                -7.589
       1002  8.35000000000    8.74067   168.62619       0                -7.742
       1003  8.35833333333    8.98831   168.59802       0                -7.957
       1004  8.36666666667    9.23634   168.57007       0                -8.066
       1005  8.37500000000    9.48475   168.54234       0                -8.378
       1006  8.38333333333    9.73355   168.51483       0                -8.631
       1007  8.39166666667    9.98273   168.48754       0                -8.795
       1008  8.40000000000   10.23231   168.46048       0                -8.955
       1009  8.40833333333   10.48227   168.43364       0                -9.042
       1010  8.41666666667   10.73262   168.40702       0                -9.091
       1011  8.42500000000   10.98335   168.38062       0                -9.167
       1012  8.43333333333   11.23448   168.35445       0                -9.252
       1013  8.44166666667   11.48599   168.32851       0                -9.326
       1014  8.45000000000   11.73789   168.30278       0                -9.380
       1015  8.45833333333   11.99017   168.27729       0                -9.475
       1016  8.46666666667   12.24285   168.25202       0                -9.502
       1017  8.47500000000   12.49591   168.22698       0                -9.544
       1018  8.48333333333   12.74936   168.20217       0                -9.587
       1019  8.49166666667   13.00320   168.17758       0                -9.647
       1020  8.50000000000   13.25743   168.15322       0                -9.737
       1021  8.50833333333   13.50364   168.08644       0                -9.825
       1022  8.51666666667   13.75844   168.06216       0                -9.789
       1023  8.52500000000   14.01357   168.03782       0                -9.785
       1024  8.53333333333   14.26904   168.01342       0                -9.788
       1025  8.54166666667   14.52484   167.98896       0                -9.673
       1026  8.55000000000   14.78098   167.96444       0                -9.635
       1027  8.55833333333   15.03745   167.93986       0                -9.507
       1028  8.56666666667   15.29426   167.91521       0                -9.478
       1029  8.57500000000   15.55140   167.89050       0                -9.342
       1030  8.58333333333   15.80888   167.86572       0                -9.334
       1031  8.59166666667   16.06669   167.84088       0                -9.383
       1032  8.60000000000   16.32484   167.81597       0                -9.371
       1033  8.60833333333   16.58333   167.79098       0                -9.388
       1034  8.61666666667   16.84215   167.76593       0                -9.484
       1035  8.62500000000   17.10130   167.74081       0                -9.549
       1036  8.63333333333   17.36079   167.71561       0                -9.705
       1037  8.64166666667   17.62061   167.69034       0                -9.957
       1038  8.65000000000   17.88076   167.66499       0               -10.050
       1039  8.65833333333   18.14125   167.63956       0               -10.274
       1040  8.66666666667   18.40208   167.61406       0               -10.252
       1041  8.67500000000   18.66323   167.58847       0               -10.252
       1042  8.68333333333   18.92472   167.56281       0               -10.507
       1043  8.69166666667   19.18654   167.53706       0               -10.560
       1044  8.70000000000   19.44869   167.51122       0               -10.672
       1045  8.70833333333   19.71118   167.48530       0               -10.832
       1046  8.71666666667   19.97399   167.45930       0               -10.808
       1047  8.72500000000   20.23714   167.43320       0               -10.904
       1048  8.73333333333   20.50062   167.40702       0               -10.872
       1049  8.74166666667   20.76442   167.38074       0               -10.935
       1050  8.75000000000   21.02856   167.35437       0               -11.054
       1051  8.75833333333   21.29302   167.32790       0               -11.063
       1052  8.76666666667   21.55782   167.30134       0               -10.929
       1053  8.77500000000   21.82294   167.27468       0               -10.913
       1054  8.78333333333   22.08838   167.24792       0               -11.045
       1055  8.79166666667   22.35416   167.22106       0               -10.944
       1056  8.80000000000   22.62026   167.19409       0               -10.917
       1057  8.80833333333   22.88668   167.16702       0               -10.925
       1058  8.81666666667   23.15343   167.13984       0               -11.155
       1059  8.82500000000   23.42050   167.11256       0               -11.021
       1060  8.83333333333   23.68790   167.08516       0               -11.048
       1061  8.84166666667   23.95562   167.05766       0               -10.946
       1062  8.85000000000   24.22365   167.03003       0               -10.786
       1063  8.85833333333   24.49201   167.00230       0               -10.842
       1064  8.86666666667   24.76069   166.97444       0               -11.098
       1065  8.87500000000   25.02969   166.94647       0               -10.950
       1066  8.88333333333   25.29901   166.91837       0               -11.139
       1067  8.89166666667   25.56864   166.89015       0               -11.074
       1068  8.90000000000   25.83859   166.86181       0               -11.281
       1069  8.90833333333   26.10886   166.83333       0               -11.224
       1070  8.91666666667   26.37944   166.80473       0               -10.932
       1071  8.92500000000   26.65033   166.77599       0               -10.568
       1072  8.93333333333   26.92154   166.74712       0               -10.233
       1073  8.94166666667   27.19306   166.71812       0               -10.300
       1074  8.95000000000   27.46489   166.68897       0               -10.395
       1075  8.95833333333   27.73703   166.65969       0               -10.454
       1076  8.96666666667   28.00948   166.63026       0               -10.535
       1077  8.97500000000   28.28223   166.60068       0               -10.626
       1078  8.98333333333   28.55529   166.57096       0               -10.756
       1079  8.99166666667   28.82866   166.54109       0               -11.214
       1080  9.00000000000   29.10233   166.51106       0               -11.432
       1081  9.00833333333   29.37032   166.42862       0               -11.769
       1082  9.01666666667   29.64443   166.39749       0               -11.762
       1083  9.02500000000   29.91880   166.36583       0               -11.457
       1084  9.03333333333   30.19344   166.33365       0               -11.220
       1085  9.04166666667   30.46833   166.30094       0               -11.406
       1086  9.05000000000   30.74348   166.26769       0               -11.594
       1087  9.05833333333   31.01889   166.23390       0               -11.716
       1088  9.06666666667   31.29455   166.19955       0               -11.445
       1089  9.07500000000   31.57046   166.16464       0               -11.338
       1090  9.08333333333   31.84662   166.12916       0               -11.593
       1091  9.09166666667   32.12302   166.09310       0               -11.892
       1092  9.10000000000   32.39967   166.05646       0               -12.264
       1093  9.10833333333   32.67656   166.01923       0               -12.353
       1094  9.11666666667   32.95369   165.98140       0               -12.472
       1095  9.12500000000   33.23105   165.94296       0               -12.477
       1096  9.13333333333   33.50865   165.90390       0               -12.813
       1097  9.14166666667   33.78648   165.86422       0               -12.716
       1098  9.15000000000   34.06454   165.82390       0               -13.271
       1099  9.15833333333   34.34283   165.78293       0               -13.707
       1100  9.16666666667   34.62134   165.74131       0               -13.799
       1101  9.17500000000   34.90007   165.69903       0               -13.847
       1102  9.18333333333   35.17902   165.65607       0               -13.885
       1103  9.19166666667   35.45819   165.61243       0               -13.733
       1104  9.20000000000   35.73757   165.56810       0               -13.733
       1105  9.20833333333   36.01716   165.52306       0               -13.808
       1106  9.21666666667   36.29696   165.47731       0               -13.861
       1107  9.22500000000   36.57696   165.43083       0               -13.832
       1108  9.23333333333   36.85717   165.38361       0               -13.878
       1109  9.24166666667   37.13758   165.33565       0               -13.946
       1110  9.25000000000   37.41818   165.28692       0               -13.945
       1111  9.25833333333   37.69898   165.23743       0               -14.114
       1112  9.26666666667   37.97997   165.18714       0               -13.986
       1113  9.27500000000   38.26115   165.13606       0               -14.177
       1114  9.28333333333   38.54251   165.08417       0               -14.240
       1115  9.29166666667   38.82405   165.03146       0               -14.221
       1116  9.30000000000   39.10578   164.97791       0               -14.182
       1117  9.30833333333   39.38767   164.92351       0               -14.214
       1118  9.31666666667   39.66974   164.86825       0               -14.100
       1119  9.32500000000   39.95198   164.81211       0               -14.108
       1120  9.33333333333   40.23439   164.75507       0               -14.120
       1121  9.34166666667   40.51696   164.69712       0               -14.050
       1122  9.35000000000   40.79969   164.63825       0               -13.832
       1123  9.35833333333   41.08257   164.57845       0               -13.684
       1124  9.36666666667   41.36561   164.51768       0               -13.638
       1125  9.37500000000   41.64879   164.45594       0               -13.468
       1126  9.38333333333   41.93212   164.39322       0               -13.358
       1127  9.39166666667   42.21560   164.32948       0               -13.211
       1128  9.40000000000   42.49921   164.26472       0               -13.218
       1129  9.40833333333   42.78295   164.19892       0               -13.240
       1130  9.41666666667   43.06683   164.13206       0               -13.265
       1131  9.42500000000   43.35084   164.06411       0               -13.264
       1132  9.43333333333   43.63497   163.99506       0               -13.299
       1133  9.44166666667   43.91922   163.92490       0               -13.238
       1134  9.45000000000   44.20358   163.85359       0               -13.159
       1135  9.45833333333   44.48806   163.78112       0               -13.115
       1136  9.46666666667   44.77265   163.70746       0               -13.093
       1137  9.47500000000   45.05734   163.63260       0               -13.081
       1138  9.48333333333   45.34213   163.55651       0               -13.142
       1139  9.49166666667   45.62701   163.47916       0               -13.200
       1140  9.50000000000   45.91199   163.40054       0               -13.282
       1141  9.50833333333   46.19602   163.25691       0               -13.221
       1142  9.51666666667   46.48094   163.17424       0               -13.304
       1143  9.52500000000   46.76586   163.08979       0               -13.250
       1144  9.53333333333   47.05078   163.00353       0               -13.267
       1145  9.54166666667   47.33568   162.91542       0               -13.267
       1146  9.55000000000   47.62058   162.82543       0               -13.421
       1147  9.55833333333   47.90544   162.73352       0               -13.468
       1148  9.56666666667   48.19028   162.63965       0               -13.658
       1149  9.57500000000   48.47507   162.54379       0               -13.693
       1150  9.58333333333   48.75982   162.44589       0               -13.708
       1151  9.59166666667   49.04450   162.34592       0               -13.697
       1152  9.60000000000   49.32913   162.24383       0               -13.719
       1153  9.60833333333   49.61368   162.13959       0               -13.801
       1154  9.61666666667   49.89814   162.03313       0               -13.862
       1155  9.62500000000   50.18252   161.92444       0               -13.950
       1156  9.63333333333   50.46679   161.81344       0               -14.005
       1157  9.64166666667   50.75095   161.70011       0               -14.023
       1158  9.65000000000   51.03500   161.58438       0               -14.068
       1159  9.65833333333   51.31892   161.46622       0               -14.107
       1160  9.66666666667   51.60270   161.34556       0               -14.199
       1161  9.67500000000   51.88633   161.22236       0               -14.254
       1162  9.68333333333   52.16980   161.09656       0               -14.363
       1163  9.69166666667   52.45310   160.96810       0               -14.415
       1164  9.70000000000   52.73622   160.83694       0               -14.448
       1165  9.70833333333   53.01916   160.70300       0               -14.492
       1166  9.71666666667   53.30189   160.56623       0               -14.515
       1167  9.72500000000   53.58441   160.42656       0               -14.562
       1168  9.73333333333   53.86670   160.28394       0               -14.616
       1169  9.74166666667   54.14876   160.13829       0               -14.646
       1170  9.75000000000   54.42119   159.99456       0               -14.626
       1171  9.75833333333   54.71213   159.83765       0               -14.593
       1172  9.76666666667   54.99341   159.68252       0               -14.600
       1173  9.77500000000   55.27440   159.52407       0               -14.302
       1174  9.78333333333   55.55510   159.36225       0               -14.436
       1175  9.79166666667   55.83548   159.19696       0               -14.230
       1176  9.80000000000   56.11554   159.02812       0               -14.374
       1177  9.80833333333   56.39525   158.85567       0               -14.425
       1178  9.81666666667   56.67461   158.67950       0               -14.294
       1179  9.82500000000   56.95360   158.49953       0               -14.031
       1180  9.83333333333   57.23221   158.31568       0               -14.247
       1181  9.84166666667   57.51041   158.12784       0               -14.210
       1182  9.85000000000   57.78820   157.93592       0               -13.991
       1183  9.85833333333   58.06556   157.73983       0               -14.128
       1184  9.86666666667   58.34246   157.53946       0               -14.107
       1185  9.87500000000   58.61889   157.33470       0               -14.114
       1186  9.88333333333   58.89484   157.12545       0               -14.034
       1187  9.89166666667   59.17028   156.91161       0               -14.118
       1188  9.90000000000   59.44520   156.69304       0               -14.493
       1189  9.90833333333   59.71958   156.46964       0               -14.645
       1190  9.91666666667   59.99339   156.24128       0               -14.799
       1191  9.92500000000   60.26661   156.00784       0               -14.654
       1192  9.93333333333   60.53923   155.76920       0               -14.690
       1193  9.94166666667   60.81122   155.52520       0               -14.829
       1194  9.95000000000   61.08256   155.27573       0               -14.839
       1195  9.95833333333   61.35322   155.02064       0               -14.871
       1196  9.96666666667   61.62319   154.75978       0               -14.940
       1197  9.97500000000   61.89243   154.49301       0               -14.979
       1198  9.98333333333   62.16092   154.22017       0               -15.010
       1199  9.99166666667   62.42863   153.94110       0               -15.021
       1200 10.00000000000   62.68665   153.66525       0               -14.966
       1201 10.00833333333   62.93897   153.30279       0               -14.881
       1202 10.01666666667   63.20365   153.00216       0               -14.900
       1203 10.02500000000   63.46726   152.69419       0               -14.971
       1204 10.03333333333   63.72978   152.37871       0               -14.997
       1205 10.04166666667   63.99117   152.05553       0               -14.992
       1206 10.05000000000   64.25139   151.72444       0               -14.990
       1207 10.05833333333   64.51040   151.38524       0               -15.011
       1208 10.06666666667   64.76815   151.03774       0               -14.943
       1209 10.07500000000   65.02460   150.68171       0               -14.879
       1210 10.08333333333   65.27971   150.31693       0               -14.832
       1211 10.09166666667   65.53343   149.94320       0               -14.780
       1212 10.10000000000   65.78572   149.56027       0               -14.743
       1213 10.10833333333   66.03652   149.16793       0               -14.706
       1214 10.11666666667   66.28579   148.76592       0               -14.579
       1215 10.12500000000   66.53347   148.35402       0               -14.581
       1216 10.13333333333   66.77950   147.93196       0               -14.581
       1217 10.14166666667   67.02384   147.49951       0               -14.513
       1218 10.15000000000   67.26642   147.05640       0               -14.427
       1219 10.15833333333   67.50719   146.60238       0               -14.376
       1220 10.16666666667   67.74608   146.13718       0               -14.337
       1221 10.17500000000   67.98302   145.66054       0               -14.344
       1222 10.18333333333   68.21797   145.17217       0               -14.338
       1223 10.19166666667   68.45083   144.67181       0               -14.367
       1224 10.20000000000   68.68155   144.15919       0               -14.390
       1225 10.20833333333   68.91006   143.63401       0               -14.329
       1226 10.21666666667   69.13627   143.09601       0               -14.380
       1227 10.22500000000   69.36012   142.54490       0               -14.386
       1228 10.23333333333   69.58152   141.98040       0               -14.428
       1229 10.24166666667   69.80038   141.40222       0               -14.488
       1230 10.25000000000   70.00947   140.83006       0               -14.613
       1231 10.25833333333   70.23019   140.20375       0               -14.599
       1232 10.26666666667   70.44096   139.58289       0               -14.584
       1233 10.27500000000   70.64884   138.94727       0               -14.503
       1234 10.28333333333   70.85375   138.29662       0               -14.559
       1235 10.29166666667   71.05559   137.63069       0               -14.607
       1236 10.30000000000   71.25426   136.94923       0               -14.485
       1237 10.30833333333   71.44965   136.25200       0               -14.517
       1238 10.31666666667   71.64167   135.53879       0               -14.581
       1239 10.32500000000   71.83020   134.80938       0               -14.582
       1240 10.33333333333   72.01514   134.06359       0               -14.381
       1241 10.34166666667   72.19637   133.30124       0               -14.507
       1242 10.35000000000   72.37379   132.52218       0               -14.370
       1243 10.35833333333   72.54727   131.72629       0               -14.132
       1244 10.36666666667   72.71670   130.91345       0               -14.565
       1245 10.37500000000   72.88196   130.08359       0               -14.675
       1246 10.38333333333   73.04294   129.23666       0               -14.761
       1247 10.39166666667   73.19950   128.37266       0               -14.440
       1248 10.40000000000   73.35153   127.49160       0               -14.679
       1249 10.40833333333   73.49890   126.59356       0               -14.727
       1250 10.41666666667   73.64149   125.67862       0               -14.667
       1251 10.42500000000   73.77917   124.74693       0               -14.672
       1252 10.43333333333   73.91183   123.79869       0               -14.528
       1253 10.44166666667   74.03933   122.83414       0               -14.691
       1254 10.45000000000   74.16156   121.85356       0               -14.715
       1255 10.45833333333   74.27840   120.85730       0               -14.624
       1256 10.46666666667   74.38972   119.84574       0               -14.588
       1257 10.47500000000   74.49542   118.81935       0               -14.709
       1258 10.48333333333   74.59537   117.77862       0               -14.681
       1259 10.49166666667   74.68947   116.72412       0               -14.731
       1260 10.50000000000   74.77478   115.69226       0               -14.823
       1261 10.50833333333   74.83026   114.64913       0               -14.648
       1262 10.51666666667   74.90584   113.55932       0               -14.918
       1263 10.52500000000   74.97502   112.45892       0               -14.856
       1264 10.53333333333   75.03771   111.34882       0               -14.999
       1265 10.54166666667   75.09385   110.22995       0               -14.896
       1266 10.55000000000   75.14336   109.10327       0               -15.059
       1267 10.55833333333   75.18620   107.96982       0               -15.142
       1268 10.56666666667   75.22232   106.83063       0               -15.062
       1269 10.57500000000   75.25167   105.68679       0               -15.132
       1270 10.58333333333   75.27424   104.53940       0               -15.081
       1271 10.59166666667   75.28999   103.38961       0               -14.961
       1272 10.60000000000   75.29891   102.23855       0               -14.925
       1273 10.60833333333   75.30101   101.08737       0               -14.895
       1274 10.61666666667   75.29630    99.93721       0               -14.888
       1275 10.62500000000   75.28479    98.78923       0               -14.933
       1276 10.63333333333   75.26651    97.64456       0               -14.962
       1277 10.64166666667   75.24150    96.50431       0               -14.948
       1278 10.65000000000   75.20980    95.36958       0               -14.962
       1279 10.65833333333   75.17147    94.24143       0               -14.976
       1280 10.66666666667   75.12657    93.12088       0               -14.966
       1281 10.67500000000   75.07518    92.00892       0               -15.091
       1282 10.68333333333   75.01737    90.90650       0               -15.241
       1283 10.69166666667   74.95322    89.81451       0               -15.467
       1284 10.70000000000   74.88284    88.73380       0               -15.473
       1285 10.70833333333   74.80632    87.66516       0               -15.569
       1286 10.71666666667   74.72376    86.60934       0               -15.613
       1287 10.72500000000   74.63528    85.56701       0               -15.687
       1288 10.73333333333   74.54099    84.53879       0               -15.760
       1289 10.74166666667   74.44100    83.52526       0               -15.566
       1290 10.75000000000   74.33544    82.52691       0               -15.389
       1291 10.75833333333   74.22444    81.54421       0               -15.309
       1292 10.76666666667   74.10811    80.57754       0               -15.157
       1293 10.77500000000   73.98658    79.62725       0               -15.189
       1294 10.78333333333   73.85999    78.69362       0               -15.222
       1295 10.79166666667   73.72847    77.77689       0               -15.203
       1296 10.80000000000   73.59214    76.87724       0               -14.985
       1297 10.80833333333   73.45114    75.99482       0               -15.024
       1298 10.81666666667   73.30560    75.12972       0               -15.038
       1299 10.82500000000   73.15563    74.28200       0               -15.022
       1300 10.83333333333   73.00139    73.45167       0               -15.154
       1301 10.84166666667   72.84298    72.63871       0               -15.244
       1302 10.85000000000   72.68054    71.84307       0               -15.162
       1303 10.85833333333   72.51419    71.06466       0               -15.380
       1304 10.86666666667   72.34404    70.30338       0               -15.345
       1305 10.87500000000   72.17023    69.55908       0               -15.330
       1306 10.88333333333   71.99286    68.83160       0               -15.318
       1307 10.89166666667   71.81205    68.12077       0               -15.462
       1308 10.90000000000   71.62792    67.42638       0               -15.448
       1309 10.90833333333   71.44057    66.74821       0               -15.385
       1310 10.91666666667   71.25010    66.08604       0               -15.355
       1311 10.92500000000   71.05663    65.43963       0               -15.267
       1312 10.93333333333   70.86025    64.80871       0               -15.310
       1313 10.94166666667   70.66106    64.19304       0               -15.404
       1314 10.95000000000   70.45915    63.59233       0               -15.487
       1315 10.95833333333   70.25463    63.00632       0               -15.410
       1316 10.96666666667   70.04757    62.43472       0               -15.482
       1317 10.97500000000   69.83807    61.87725       0               -15.398
       1318 10.98333333333   69.62620    61.33363       0               -15.293
       1319 10.99166666667   69.41206    60.80357       0               -15.374
       1320 11.00000000000   69.19572    60.28678       0               -15.473
       1321 11.00833333333   68.98787    59.85136       0               -15.449
       1322 11.01666666667   68.76729    59.36103       0               -15.311
       1323 11.02500000000   68.54481    58.88354       0               -15.349
       1324 11.03333333333   68.32051    58.41861       0               -15.391
       1325 11.04166666667   68.09446    57.96593       0               -15.162
       1326 11.05000000000   67.86672    57.52522       0               -15.262
       1327 11.05833333333   67.63737    57.09619       0               -15.333
       1328 11.06666666667   67.40647    56.67856       0               -15.278
       1329 11.07500000000   67.17407    56.27204       0               -15.262
       1330 11.08333333333   66.94024    55.87637       0               -15.087
       1331 11.09166666667   66.70503    55.49128       0               -14.791
       1332 11.10000000000   66.46851    55.11650       0               -14.918
       1333 11.10833333333   66.23071    54.75178       0               -14.865
       1334 11.11666666667   65.99169    54.39687       0               -14.731
       1335 11.12500000000   65.75150    54.05152       0               -14.752
       1336 11.13333333333   65.51019    53.71549       0               -14.526
       1337 11.14166666667   65.26781    53.38854       0               -14.326
       1338 11.15000000000   65.02439    53.07046       0               -14.140
       1339 11.15833333333   64.77997    52.76101       0               -14.424
       1340 11.16666666667   64.53461    52.45998       0               -14.371
       1341 11.17500000000   64.28833    52.16716       0               -14.531
       1342 11.18333333333   64.04118    51.88233       0               -14.568
       1343 11.19166666667   63.79318    51.60531       0               -14.597
       1344 11.20000000000   63.54438    51.33588       0               -14.562
       1345 11.20833333333   63.29481    51.07387       0               -14.581
       1346 11.21666666667   63.04450    50.81908       0               -14.533
       1347 11.22500000000   62.79349    50.57135       0               -14.576
       1348 11.23333333333   62.54179    50.33048       0               -14.467
       1349 11.24166666667   62.28944    50.09631       0               -14.375
       1350 11.25000000000   62.03647    49.86869       0               -14.391
       1351 11.25833333333   61.78291    49.64743       0               -14.515
       1352 11.26666666667   61.52877    49.43239       0               -14.630
       1353 11.27500000000   61.27409    49.22342       0               -14.721
       1354 11.28333333333   61.01888    49.02037       0               -14.743
       1355 11.29166666667   60.76317    48.82309       0               -14.860
       1356 11.30000000000   60.50699    48.63145       0               -14.621
       1357 11.30833333333   60.25035    48.44531       0               -14.856
       1358 11.31666666667   59.99327    48.26453       0               -14.737
       1359 11.32500000000   59.73578    48.08900       0               -15.034
       1360 11.33333333333   59.47789    47.91858       0               -14.973
       1361 11.34166666667   59.21962    47.75316       0               -14.872
       1362 11.35000000000   58.96099    47.59262       0               -14.557
       1363 11.35833333333   58.70201    47.43684       0               -14.492
       1364 11.36666666667   58.44270    47.28572       0               -14.565
       1365 11.37500000000   58.18308    47.13914       0               -14.391
       1366 11.38333333333   57.92316    46.99700       0               -14.210
       1367 11.39166666667   57.66296    46.85921       0               -14.303
       1368 11.40000000000   57.40248    46.72566       0               -14.531
       1369 11.40833333333   57.14175    46.59625       0               -14.588
       1370 11.41666666667   56.88078    46.47090       0               -14.705
       1371 11.42500000000   56.61957    46.34951       0               -14.642
       1372 11.43333333333   56.35815    46.23199       0               -14.610
       1373 11.44166666667   56.09652    46.11827       0               -14.672
       1374 11.45000000000   55.83469    46.00826       0               -14.453
       1375 11.45833333333   55.57268    45.90187       0               -14.487
       1376 11.46666666667   55.31050    45.79902       0               -14.357
       1377 11.47500000000   55.04815    45.69965       0               -14.553
       1378 11.48333333333   54.78564    45.60368       0               -14.593
       1379 11.49166666667   54.52299    45.51103       0               -14.494
       1380 11.50000000000   54.26021    45.42164       0               -14.379
       1381 11.50833333333   54.02166    45.34905       0               -14.344
       1382 11.51666666667   53.75877    45.26681       0               -14.405
       1383 11.52500000000   53.49594    45.18770       0               -14.263
       1384 11.53333333333   53.23317    45.11165       0               -14.184
       1385 11.54166666667   52.97047    45.03860       0               -14.072
       1386 11.55000000000   52.70784    44.96850       0               -14.079
       1387 11.55833333333   52.44530    44.90127       0               -14.001
       1388 11.56666666667   52.18285    44.83687       0               -13.970
       1389 11.57500000000   51.92050    44.77524       0               -13.916
       1390 11.58333333333   51.65825    44.71631       0               -13.842
       1391 11.59166666667   51.39610    44.66005       0               -13.904
       1392 11.60000000000   51.13407    44.60639       0               -13.829
       1393 11.60833333333   50.87216    44.55528       0               -13.784
       1394 11.61666666667   50.61037    44.50668       0               -13.693
       1395 11.62500000000   50.34871    44.46054       0               -13.615
       1396 11.63333333333   50.08718    44.41681       0               -13.586
       1397 11.64166666667   49.82579    44.37545       0               -13.666
       1398 11.65000000000   49.56454    44.33641       0               -13.815
       1399 11.65833333333   49.30343    44.29965       0               -13.905
       1400 11.66666666667   49.04247    44.26512       0               -13.893
       1401 11.67500000000   48.78167    44.23280       0               -13.922
       1402 11.68333333333   48.52102    44.20262       0               -13.982
       1403 11.69166666667   48.26053    44.17457       0               -14.062
       1404 11.70000000000   48.00020    44.14860       0               -14.134
       1405 11.70833333333   47.74004    44.12467       0               -14.180
       1406 11.71666666667   47.48005    44.10276       0               -14.232
       1407 11.72500000000   47.22023    44.08281       0               -14.212
       1408 11.73333333333   46.96058    44.06481       0               -14.226
       1409 11.74166666667   46.70111    44.04871       0               -14.318
       1410 11.75000000000   46.44182    44.03448       0               -14.300
       1411 11.75833333333   46.18271    44.02210       0               -14.219
       1412 11.76666666667   45.92378    44.01154       0               -14.195
       1413 11.77500000000   45.66504    44.00275       0               -14.148
       1414 11.78333333333   45.40648    43.99572       0               -14.081
       1415 11.79166666667   45.14812    43.99041       0               -13.940
       1416 11.80000000000   44.88994    43.98681       0               -14.107
       1417 11.80833333333   44.63196    43.98487       0               -14.106
       1418 11.81666666667   44.37417    43.98458       0               -13.896
       1419 11.82500000000   44.11658    43.98590       0               -13.799
       1420 11.83333333333   43.85919    43.98882       0               -13.821
       1421 11.84166666667   43.60199    43.99331       0               -13.933
       1422 11.85000000000   43.34500    43.99934       0               -13.955
       1423 11.85833333333   43.08820    44.00690       0               -13.954
       1424 11.86666666667   42.83161    44.01595       0               -13.901
       1425 11.87500000000   42.57523    44.02649       0               -13.880
       1426 11.88333333333   42.31904    44.03847       0               -13.919
       1427 11.89166666667   42.06307    44.05190       0               -13.973
       1428 11.90000000000   41.80730    44.06673       0               -14.004
       1429 11.90833333333   41.55174    44.08296       0               -13.942
       1430 11.91666666667   41.29639    44.10056       0               -13.853
       1431 11.92500000000   41.04125    44.11952       0               -13.813
       1432 11.93333333333   40.78632    44.13981       0               -13.801
       1433 11.94166666667   40.53160    44.16142       0               -13.718
       1434 11.95000000000   40.27709    44.18433       0               -13.692
       1435 11.95833333333   40.02279    44.20851       0               -13.484
       1436 11.96666666667   39.76871    44.23397       0               -13.333
       1437 11.97500000000   39.51485    44.26067       0               -13.116
       1438 11.98333333333   39.26120    44.28860       0               -12.886
       1439 11.99166666667   39.00776    44.31774       0               -12.533
       1440 12.00000000000   38.75454    44.34809       0               -12.737
       1441 12.00833333333   38.52221    44.37012       0               -12.700
       1442 12.01666666667   38.26972    44.40340       0               -12.547
       1443 12.02500000000   38.01758    44.43776       0               -12.713
       1444 12.03333333333   37.76580    44.47319       0               -12.439
       1445 12.04166666667   37.51437    44.50968       0               -12.274
       1446 12.05000000000   37.26329    44.54721       0               -12.288
       1447 12.05833333333   37.01256    44.58578       0               -12.502
       1448 12.06666666667   36.76218    44.62536       0               -12.368
       1449 12.07500000000   36.51214    44.66595       0               -12.688
       1450 12.08333333333   36.26246    44.70755       0               -12.838
       1451 12.09166666667   36.01312    44.75012       0               -12.889
       1452 12.10000000000   35.76412    44.79368       0               -12.890
       1453 12.10833333333   35.51547    44.83820       0               -12.919
       1454 12.11666666667   35.26716    44.88367       0               -12.755
       1455 12.12500000000   35.01919    44.93009       0               -12.618
       1456 12.13333333333   34.77157    44.97744       0               -12.599
       1457 12.14166666667   34.52428    45.02572       0               -12.793
       1458 12.15000000000   34.27733    45.07491       0               -12.735
       1459 12.15833333333   34.03072    45.12501       0               -12.664
       1460 12.16666666667   33.78445    45.17601       0               -12.768
       1461 12.17500000000   33.53851    45.22789       0               -12.775
       1462 12.18333333333   33.29291    45.28065       0               -12.551
       1463 12.19166666667   33.04764    45.33429       0               -12.502
       1464 12.20000000000   32.80270    45.38879       0               -12.408
       1465 12.20833333333   32.55810    45.44414       0               -12.719
       1466 12.21666666667   32.31382    45.50034       0               -12.939
       1467 12.22500000000   32.06988    45.55738       0               -12.806
       1468 12.23333333333   31.82626    45.61525       0               -12.801
       1469 12.24166666667   31.58297    45.67394       0               -12.687
       1470 12.25000000000   31.34001    45.73345       0               -12.744
       1471 12.25833333333   31.09737    45.79377       0               -12.835
       1472 12.26666666667   30.85506    45.85489       0               -12.942
       1473 12.27500000000   30.61307    45.91681       0               -12.908
       1474 12.28333333333   30.37140    45.97952       0               -12.898
       1475 12.29166666667   30.13006    46.04301       0               -12.702
       1476 12.30000000000   29.88904    46.10728       0               -12.652
       1477 12.30833333333   29.64833    46.17231       0               -12.497
       1478 12.31666666667   29.40795    46.23811       0               -12.445
       1479 12.32500000000   29.16789    46.30467       0               -12.378
       1480 12.33333333333   28.92814    46.37198       0               -12.335
       1481 12.34166666667   28.68871    46.44004       0               -12.352
       1482 12.35000000000   28.44960    46.50884       0               -12.210
       1483 12.35833333333   28.21081    46.57837       0               -12.032
       1484 12.36666666667   27.97233    46.64863       0               -11.853
       1485 12.37500000000   27.73416    46.71962       0               -11.708
       1486 12.38333333333   27.49631    46.79133       0               -11.769
       1487 12.39166666667   27.25877    46.86375       0               -11.710
       1488 12.40000000000   27.02155    46.93688       0               -11.641
       1489 12.40833333333   26.78463    47.01071       0               -11.356
       1490 12.41666666667   26.54803    47.08525       0               -11.051
       1491 12.42500000000   26.31174    47.16048       0               -11.006
       1492 12.43333333333   26.07576    47.23640       0               -11.017
       1493 12.44166666667   25.84009    47.31300       0               -10.819
       1494 12.45000000000   25.60473    47.39029       0               -10.794
       1495 12.45833333333   25.36968    47.46825       0               -10.769
       1496 12.46666666667   25.13494    47.54689       0               -10.690
       1497 12.47500000000   24.90051    47.62619       0               -10.537
       1498 12.48333333333   24.66639    47.70616       0               -10.461
       1499 12.49166666667   24.43258    47.78680       0               -10.396
       1500 12.50000000000   24.19907    47.86808       0               -10.533
       1501 12.50833333333   23.97493    47.92944       0               -10.736
       1502 12.51666666667   23.74235    48.01235       0               -10.644
       1503 12.52500000000   23.51013    48.09577       0               -10.528
       1504 12.53333333333   23.27827    48.17969       0               -10.293
       1505 12.54166666667   23.04677    48.26412       0               -10.284
       1506 12.55000000000   22.81563    48.34904       0               -10.119
       1507 12.55833333333   22.58484    48.43447       0                -9.975
       1508 12.56666666667   22.35441    48.52039       0                -9.942
       1509 12.57500000000   22.12434    48.60681       0                -9.940
       1510 12.58333333333   21.89462    48.69372       0                -9.972
       1511 12.59166666667   21.66525    48.78113       0                -9.929
       1512 12.60000000000   21.43623    48.86902       0                -9.883
       1513 12.60833333333   21.20756    48.95741       0                -9.997
       1514 12.61666666667   20.97923    49.04629       0               -10.121
       1515 12.62500000000   20.75125    49.13565       0               -10.304
       1516 12.63333333333   20.52362    49.22550       0               -10.216
       1517 12.64166666667   20.29633    49.31584       0               -10.053
       1518 12.65000000000   20.06938    49.40666       0               -10.040
       1519 12.65833333333   19.84277    49.49796       0                -9.966
       1520 12.66666666667   19.61650    49.58975       0                -9.714
       1521 12.67500000000   19.39058    49.68201       0                -9.708
       1522 12.68333333333   19.16499    49.77476       0                -9.625
       1523 12.69166666667   18.93974    49.86798       0                -9.415
       1524 12.70000000000   18.71482    49.96169       0                -9.352
       1525 12.70833333333   18.49024    50.05587       0                -9.340
       1526 12.71666666667   18.26599    50.15052       0                -9.029
       1527 12.72500000000   18.04208    50.24565       0                -9.101
       1528 12.73333333333   17.81850    50.34126       0                -8.830
       1529 12.74166666667   17.59526    50.43734       0                -8.691
       1530 12.75000000000   17.37234    50.53389       0                -8.853
       1531 12.75833333333   17.14976    50.63091       0                -8.750
       1532 12.76666666667   16.92750    50.72841       0                -8.529
       1533 12.77500000000   16.70558    50.82638       0                -8.447
       1534 12.78333333333   16.48398    50.92481       0                -8.344
       1535 12.79166666667   16.26272    51.02372       0                -8.209
       1536 12.80000000000   16.04178    51.12309       0                -7.933
       1537 12.80833333333   15.82117    51.22294       0                -7.701
       1538 12.81666666667   15.60089    51.32325       0                -7.616
       1539 12.82500000000   15.38093    51.42403       0                -7.440
       1540 12.83333333333   15.16130    51.52527       0                -7.315
       1541 12.84166666667   14.94200    51.62698       0                -7.282
       1542 12.85000000000   14.72303    51.72916       0                -7.148
       1543 12.85833333333   14.50438    51.83180       0                -7.299
       1544 12.86666666667   14.28605    51.93491       0                -7.306
       1545 12.87500000000   14.06805    52.03848       0                -7.263
       1546 12.88333333333   13.85038    52.14251       0                -7.262
       1547 12.89166666667   13.63303    52.24701       0                -7.217
       1548 12.90000000000   13.41601    52.35197       0                -7.202
       1549 12.90833333333   13.19932    52.45740       0                -7.113
       1550 12.91666666667   12.98295    52.56329       0                -6.966
       1551 12.92500000000   12.76691    52.66964       0                -6.805
       1552 12.93333333333   12.55119    52.77645       0                -6.578
       1553 12.94166666667   12.33580    52.88373       0                -6.093
       1554 12.95000000000   12.12073    52.99146       0                -5.659
       1555 12.95833333333   11.90599    53.09966       0                -5.586
       1556 12.96666666667   11.69158    53.20832       0                -5.450
       1557 12.97500000000   11.47750    53.31744       0                -5.215
       1558 12.98333333333   11.26374    53.42702       0                -5.095
       1559 12.99166666667   11.05031    53.53706       0                -4.931
       1560 13.00000000000   10.83722    53.64756       0                -4.714
       1561 13.00833333333   10.62009    53.73203       0                -4.456
       1562 13.01666666667   10.40785    53.84356       0                -4.357
       1563 13.02500000000   10.19591    53.95538       0                -4.185
       1564 13.03333333333    9.98426    54.06748       0                -3.955
       1565 13.04166666667    9.77290    54.17987       0                -3.738
       1566 13.05000000000    9.56184    54.29255       0                -3.607
       1567 13.05833333333    9.35107    54.40552       0                -3.716
       1568 13.06666666667    9.14060    54.51878       0                -3.670
       1569 13.07500000000    8.93042    54.63233       0                -3.590
       1570 13.08333333333    8.72053    54.74617       0                -3.534
       1571 13.09166666667    8.51093    54.86031       0                -3.071
       1572 13.10000000000    8.30163    54.97475       0                -2.855
       1573 13.10833333333    8.09261    55.08948       0                -2.757
       1574 13.11666666667    7.88389    55.20452       0                -2.829
       1575 13.12500000000    7.67546    55.31986       0                -2.261
       1576 13.13333333333    7.46732    55.43550       0                -2.187
       1577 13.14166666667    7.25947    55.55144       0                -2.160
       1578 13.15000000000    7.05191    55.66769       0                -1.925
       1579 13.15833333333    6.84465    55.78425       0                -1.895
       1580 13.16666666667    6.63767    55.90112       0                -1.513
       1581 13.17500000000    6.43099    56.01829       0                -1.278
       1582 13.18333333333    6.22459    56.13578       0                -0.693
       1583 13.19166666667    6.01849    56.25358       0                -0.201
       1584 13.20000000000    5.81268    56.37170       0                 0.091
       1585 13.20833333333    5.60716    56.49013       0                -0.021
       1586 13.21666666667    5.40193    56.60888       0                 0.199
       1587 13.22500000000    5.19700    56.72795       0                 0.356
       1588 13.23333333333    4.99235    56.84735       0                 0.375
       2652 22.10000000000    5.19109   340.79762       0                -1.935
       2653 22.10833333333    5.40769   340.74245       0                -2.226
       2654 22.11666666667    5.62414   340.68628       0                -1.903
       2655 22.12500000000    5.84044   340.62910       0                -1.544
       2656 22.13333333333    6.05658   340.57091       0                -1.189
       2657 22.14166666667    6.27256   340.51169       0                -1.372
       2658 22.15000000000    6.48839   340.45146       0                -1.830
       2659 22.15833333333    6.70405   340.39019       0                -1.772
       2660 22.16666666667    6.91954   340.32789       0                -1.604
       2661 22.17500000000    7.13486   340.26454       0                -1.563
       2662 22.18333333333    7.35001   340.20015       0                -1.917
       2663 22.19166666667    7.56497   340.13471       0                -1.647
       2664 22.20000000000    7.77976   340.06821       0                -0.735
       2665 22.20833333333    7.99436   340.00065       0                -0.115
       2666 22.21666666667    8.20877   339.93201       0                 0.054
       2667 22.22500000000    8.42299   339.86231       0                -0.949
       2668 22.23333333333    8.63702   339.79152       0                -1.025
       2669 22.24166666667    8.85084   339.71964       0                -1.550
       2670 22.25000000000    9.06447   339.64667       0                -2.006
       2671 22.25833333333    9.27789   339.57260       0                -2.975
       2672 22.26666666667    9.49110   339.49743       0                -3.277
       2673 22.27500000000    9.70409   339.42114       0                -3.246
       2674 22.28333333333    9.91687   339.34373       0                -3.452
       2675 22.29166666667   10.12943   339.26520       0                -2.838
       2676 22.30000000000   10.34176   339.18554       0                -2.873
       2677 22.30833333333   10.55387   339.10474       0                -3.086
       2678 22.31666666667   10.76574   339.02279       0                -3.285
       2679 22.32500000000   10.97738   338.93970       0                -3.808
       2680 22.33333333333   11.18878   338.85544       0                -3.704
       2681 22.34166666667   11.39994   338.77002       0                -3.824
       2682 22.35000000000   11.61085   338.68342       0                -3.978
       2683 22.35833333333   11.82150   338.59565       0                -3.947
       2684 22.36666666667   12.03190   338.50669       0                -3.418
       2685 22.37500000000   12.24204   338.41653       0                -2.934
       2686 22.38333333333   12.45192   338.32518       0                -2.894
       2687 22.39166666667   12.66153   338.23261       0                -2.446
       2688 22.40000000000   12.87087   338.13883       0                -2.732
       2689 22.40833333333   13.07993   338.04383       0                -2.792
       2690 22.41666666667   13.28871   337.94759       0                -3.243
       2691 22.42500000000   13.49720   337.85012       0                -2.588
       2692 22.43333333333   13.70541   337.75140       0                -2.327
       2693 22.44166666667   13.91331   337.65142       0                -2.209
       2694 22.45000000000   14.12093   337.55018       0                -1.942
       2695 22.45833333333   14.32823   337.44768       0                -0.887
       2696 22.46666666667   14.53523   337.34389       0                -0.375
       2697 22.47500000000   14.74191   337.23882       0                -0.442
       2698 22.48333333333   14.94828   337.13245       0                -0.395
       2699 22.49166666667   15.15432   337.02479       0                -0.623
       2700 22.50000000000   15.36004   336.91581       0                -0.838
       2701 22.50833333333   15.54655   336.80860       0                -0.619
       2702 22.51666666667   15.75126   336.69660       0                -0.323
       2703 22.52500000000   15.95549   336.58328       0                -0.127
       2704 22.53333333333   16.15924   336.46865       0                -0.584
       2705 22.54166666667   16.36251   336.35269       0                -1.268
       2706 22.55000000000   16.56529   336.23539       0                -2.146
       2707 22.55833333333   16.76756   336.11676       0                -1.625
       2708 22.56666666667   16.96933   335.99678       0                -1.663
       2709 22.57500000000   17.17058   335.87544       0                -1.426
       2710 22.58333333333   17.37132   335.75273       0                -0.856
       2711 22.59166666667   17.57153   335.62866       0                -1.201
       2712 22.60000000000   17.77120   335.50320       0                -2.692
       2713 22.60833333333   17.97034   335.37636       0                -3.395
       2714 22.61666666667   18.16892   335.24812       0                -3.615
       2715 22.62500000000   18.36695   335.11847       0                -4.461
       2716 22.63333333333   18.56441   334.98742       0                -4.549
       2717 22.64166666667   18.76131   334.85495       0                -4.399
       2718 22.65000000000   18.95762   334.72105       0                -4.918
       2719 22.65833333333   19.15336   334.58571       0                -4.194
       2720 22.66666666667   19.34849   334.44893       0                -4.675
       2721 22.67500000000   19.54303   334.31070       0                -4.261
       2722 22.68333333333   19.73696   334.17101       0                -5.024
       2723 22.69166666667   19.93027   334.02985       0                -3.874
       2724 22.70000000000   20.12296   333.88722       0                -4.286
       2725 22.70833333333   20.31501   333.74311       0                -6.068
       2726 22.71666666667   20.50643   333.59750       0                -6.857
       2727 22.72500000000   20.69719   333.45039       0                -7.786
       2728 22.73333333333   20.88730   333.30178       0                -7.954
       2729 22.74166666667   21.07674   333.15165       0                -8.176
       2730 22.75000000000   21.26551   333.00000       0                -8.142
       2731 22.75833333333   21.45360   332.84682       0                -7.759
       2732 22.76666666667   21.64099   332.69210       0                -7.416
       2733 22.77500000000   21.82769   332.53583       0                -6.867
       2734 22.78333333333   22.01367   332.37801       0                -6.445
       2735 22.79166666667   22.19894   332.21862       0                -6.665
       2736 22.80000000000   22.38348   332.05767       0                -6.394
       2737 22.80833333333   22.56729   331.89513       0                -6.307
       2738 22.81666666667   22.75035   331.73102       0                -5.886
       2739 22.82500000000   22.93266   331.56530       0                -6.086
       2740 22.83333333333   23.11420   331.39799       0                -6.729
       2741 22.84166666667   23.29497   331.22907       0                -5.921
       2742 22.85000000000   23.47496   331.05853       0                -6.350
       2743 22.85833333333   23.65415   330.88637       0                -7.278
       2744 22.86666666667   23.83255   330.71258       0                -7.151
       2745 22.87500000000   24.01013   330.53715       0                -7.557
       2746 22.88333333333   24.18689   330.36007       0                -8.004
       2747 22.89166666667   24.36282   330.18135       0                -8.256
       2748 22.90000000000   24.53790   330.00096       0                -8.534
       2749 22.90833333333   24.71214   329.81891       0                -8.548
       2750 22.91666666667   24.88551   329.63518       0                -8.650
       2751 22.92500000000   25.05800   329.44978       0                -8.612
       2752 22.93333333333   25.22962   329.26268       0                -8.629
       2753 22.94166666667   25.40034   329.07390       0                -8.587
       2754 22.95000000000   25.57015   328.88341       0                -8.356
       2755 22.95833333333   25.73905   328.69122       0                -8.218
       2756 22.96666666667   25.90702   328.49732       0                -8.000
       2757 22.97500000000   26.07405   328.30170       0                -8.130
       2758 22.98333333333   26.24013   328.10436       0                -8.614
       2759 22.99166666667   26.40525   327.90528       0                -8.742
       2760 23.00000000000   26.56940   327.70448       0                -8.713
       2761 23.00833333333   26.71744   327.52145       0                -8.693
       2762 23.01666666667   26.87917   327.31708       0                -8.792
       2763 23.02500000000   27.03980   327.11110       0                -8.527
       2764 23.03333333333   27.19930   326.90351       0                -8.349
       2765 23.04166666667   27.35768   326.69429       0                -8.061
       2766 23.05000000000   27.51491   326.48345       0                -7.900
       2767 23.05833333333   27.67099   326.27099       0                -8.040
       2768 23.06666666667   27.82590   326.05690       0                -7.885
       2769 23.07500000000   27.97964   325.84118       0                -7.676
       2770 23.08333333333   28.13218   325.62382       0                -7.563
       2771 23.09166666667   28.28353   325.40483       0                -7.601
       2772 23.10000000000   28.43366   325.18421       0                -8.041
       2773 23.10833333333   28.58257   324.96195       0                -8.115
       2774 23.11666666667   28.73024   324.73805       0                -8.204
       2775 23.12500000000   28.87666   324.51252       0                -8.221
       2776 23.13333333333   29.02182   324.28534       0                -8.207
       2777 23.14166666667   29.16570   324.05652       0                -8.087
       2778 23.15000000000   29.30830   323.82607       0                -8.127
       2779 23.15833333333   29.44961   323.59397       0                -8.205
       2780 23.16666666667   29.58960   323.36024       0                -8.264
       2781 23.17500000000   29.72827   323.12486       0                -8.418
       2782 23.18333333333   29.86560   322.88785       0                -8.458
       2783 23.19166666667   30.00159   322.64921       0                -8.544
       2784 23.20000000000   30.13622   322.40893       0                -8.505
       2785 23.20833333333   30.26947   322.16702       0                -8.546
       2786 23.21666666667   30.40134   321.92348       0                -8.514
       2787 23.22500000000   30.53182   321.67831       0                -8.540
       2788 23.23333333333   30.66088   321.43152       0                -8.472
       2789 23.24166666667   30.78852   321.18311       0                -8.426
       2790 23.25000000000   30.91473   320.93309       0                -8.362
       2791 23.25833333333   31.03949   320.68145       0                -8.373
       2792 23.26666666667   31.16278   320.42820       0                -8.468
       2793 23.27500000000   31.28461   320.17336       0                -8.491
       2794 23.28333333333   31.40495   319.91691       0                -8.610
       2795 23.29166666667   31.52379   319.65887       0                -8.651
       2796 23.30000000000   31.64112   319.39925       0                -8.653
       2797 23.30833333333   31.75692   319.13805       0                -8.542
       2798 23.31666666667   31.87119   318.87528       0                -8.477
       2799 23.32500000000   31.98391   318.61094       0                -8.386
       2800 23.33333333333   32.09507   318.34504       0                -8.220
       2801 23.34166666667   32.20466   318.07760       0                -8.118
       2802 23.35000000000   32.31266   317.80862       0                -8.004
       2803 23.35833333333   32.41905   317.53810       0                -7.797
       2804 23.36666666667   32.52384   317.26606       0                -7.563
       2805 23.37500000000   32.62701   316.99251       0                -7.329
       2806 23.38333333333   32.72853   316.71746       0                -7.171
       2807 23.39166666667   32.82841   316.44092       0                -7.240
       2808 23.40000000000   32.92663   316.16289       0                -7.612
       2809 23.40833333333   33.02318   315.88340       0                -8.156
       2810 23.41666666667   33.11803   315.60246       0                -8.770
       2811 23.42500000000   33.21120   315.32006       0                -9.381
       2812 23.43333333333   33.30265   315.03624       0               -10.168
       2813 23.44166666667   33.39238   314.75100       0               -11.173
       2814 23.45000000000   33.48037   314.46436       0               -11.910
       2815 23.45833333333   33.56663   314.17633       0               -12.545
       2816 23.46666666667   33.65112   313.88693       0               -13.109
       2817 23.47500000000   33.73385   313.59616       0               -13.181
       2818 23.48333333333   33.81479   313.30406       0               -13.462
       2819 23.49166666667   33.89395   313.01062       0               -13.786
       2820 23.50000000000   33.97130   312.71588       0               -13.568
       2821 23.50833333333   34.04666   312.44793       0               -13.448
       2822 23.51666666667   34.12000   312.15082       0               -14.201
       2823 23.52500000000   34.19151   311.85265       0               -14.376
       2824 23.53333333333   34.26118   311.55344       0               -14.696
       2825 23.54166666667   34.32900   311.25319       0               -15.274
       2826 23.55000000000   34.39496   310.95193       0               -15.544
       2827 23.55833333333   34.45905   310.64968       0               -16.014
       2828 23.56666666667   34.52127   310.34646       0               -16.495
       2829 23.57500000000   34.58161   310.04228       0               -16.786
       2830 23.58333333333   34.64005   309.73717       0               -17.010
       2831 23.59166666667   34.69659   309.43115       0               -17.606
       2832 23.60000000000   34.75122   309.12423       0               -17.825
       2833 23.60833333333   34.80394   308.81644       0               -18.248
       2834 23.61666666667   34.85474   308.50781       0               -18.715
       2835 23.62500000000   34.90361   308.19834       0               -19.211
       2836 23.63333333333   34.95053   307.88807       0               -19.683
       2837 23.64166666667   34.99552   307.57702       0               -20.218
       2838 23.65000000000   35.03856   307.26521       0               -20.924
       2839 23.65833333333   35.07964   306.95266       0               -21.454
       2840 23.66666666667   35.11875   306.63939       0               -21.938
       2841 23.67500000000   35.15590   306.32544       0               -22.322
       2842 23.68333333333   35.19107   306.01081       0               -22.591
       2843 23.69166666667   35.22427   305.69555       0               -22.897
       2844 23.70000000000   35.25547   305.37967       0               -23.213
       2845 23.70833333333   35.28469   305.06320       0               -23.337
       2846 23.71666666667   35.31191   304.74615       0               -23.533
       2847 23.72500000000   35.33713   304.42857       0               -23.865
       2848 23.73333333333   35.36035   304.11047       0               -24.135
       2849 23.74166666667   35.38155   303.79188       0               -24.358
       2850 23.75000000000   35.40075   303.47282       0               -24.589
       2851 23.75833333333   35.41793   303.15333       0               -24.815
       2852 23.76666666667   35.43308   302.83342       0               -24.973
       2853 23.77500000000   35.44622   302.51313       0               -25.168
       2854 23.78333333333   35.45732   302.19247       0               -25.357
       2855 23.79166666667   35.46640   301.87149       0               -25.448
       2856 23.80000000000   35.47345   301.55020       0               -25.615
       2857 23.80833333333   35.47846   301.22863       0               -25.730
       2858 23.81666666667   35.48144   300.90681       0               -25.733
       2859 23.82500000000   35.48238   300.58477       0               -25.734
       2860 23.83333333333   35.48128   300.26253       0               -25.720
       2861 23.84166666667   35.47814   299.94013       0               -25.771
       2862 23.85000000000   35.47296   299.61758       0               -25.736
       2863 23.85833333333   35.46573   299.29492       0               -25.766
       2864 23.86666666667   35.45647   298.97218       0               -25.774
       2865 23.87500000000   35.44516   298.64938       0               -25.673
       2866 23.88333333333   35.43181   298.32655       0               -25.601
       2867 23.89166666667   35.41642   298.00372       0               -25.437
       2868 23.90000000000   35.39899   297.68092       0               -25.357
       2869 23.90833333333   35.37952   297.35817       0               -25.320
       2870 23.91666666667   35.35801   297.03550       0               -25.226
       2871 23.92500000000   35.33447   296.71295       0               -25.176
       2872 23.93333333333   35.30889   296.39053       0               -25.106
       2873 23.94166666667   35.28127   296.06827       0               -25.171
       2874 23.95000000000   35.25163   295.74621       0               -25.051
       2875 23.95833333333   35.21995   295.42438       0               -24.926
       2876 23.96666666667   35.18626   295.10278       0               -24.848
       2877 23.97500000000   35.15054   294.78147       0               -24.825
       2878 23.98333333333   35.11280   294.46046       0               -24.830
       2879 23.99166666667   35.07305   294.13977       0               -24.749
