# Created on 2018-12-12 16:17:50 
# Sources: d:\gpsother\tec-suite\in\2015\abcd0770.15d.Z, d:\gpsother\tec-suite\in\2015\brdc0770.15n.Z
# Satellite: G01
# Interval: 30.0
# Sampling interval: 0.0 (not used).
# Site: abcd
# Position (L, B, H): 253.601641965, 52.1962622634, 578.574894483
# Position (X, Y, Z): -1106129.71, -3758704.03, 5016675.77
# datetime format: %Y-%m-%dT%H:%M:%S
# Columns: tsn, hour, el, az, validity, tec.l1l2
# (I11,1X,F14.11,1X,F10.5,1X,F11.5,1X,I7,1X,F21.3)
        109  0.90833333333    5.14738   130.67267       0               -11.865
        110  0.91666666667    5.32428   130.55075       0               -12.157
        111  0.92500000000    5.50132   130.42865       0               -12.418
        112  0.93333333333    5.67851   130.30636       0               -12.766
        113  0.94166666667    5.85584   130.18389       0               -13.120
        114  0.95000000000    6.03331   130.06121       0               -13.667
        115  0.95833333333    6.21090   129.93834       0               -14.107
        116  0.96666666667    6.38863   129.81526       0               -14.249
        117  0.97500000000    6.56649   129.69196       0               -14.502
        118  0.98333333333    6.74446   129.56845       0               -14.779
        119  0.99166666667    6.92256   129.44472       0               -14.893
        120  1.00000000000    7.10077   129.32076       0               -14.938
        121  1.00833333333    7.27909   129.19656       0               -14.974
        122  1.01666666667    7.45752   129.07213       0               -15.126
        123  1.02500000000    7.63606   128.94745       0               -15.439
        124  1.03333333333    7.81470   128.82253       0               -15.731
        125  1.04166666667    7.99344   128.69735       0               -15.914
        126  1.05000000000    8.17227   128.57190       0               -15.958
        127  1.05833333333    8.35119   128.44619       0               -15.989
        128  1.06666666667    8.53019   128.32021       0               -15.834
        129  1.07500000000    8.70928   128.19395       0               -15.856
        130  1.08333333333    8.88845   128.06741       0               -16.035
        131  1.09166666667    9.06769   127.94058       0               -16.291
        132  1.10000000000    9.24701   127.81346       0               -16.593
        133  1.10833333333    9.42639   127.68603       0               -16.711
        134  1.11666666667    9.60584   127.55830       0               -16.649
        135  1.12500000000    9.78535   127.43026       0               -16.842
        136  1.13333333333    9.96491   127.30190       0               -17.078
        137  1.14166666667   10.14452   127.17322       0               -17.111
        138  1.15000000000   10.32418   127.04421       0               -17.044
        139  1.15833333333   10.50389   126.91486       0               -17.000
        140  1.16666666667   10.68363   126.78517       0               -16.774
        141  1.17500000000   10.86341   126.65514       0               -16.834
        142  1.18333333333   11.04322   126.52475       0               -16.719
        143  1.19166666667   11.22306   126.39401       0               -16.772
        144  1.20000000000   11.40292   126.26290       0               -16.548
        145  1.20833333333   11.58280   126.13142       0               -16.397
        146  1.21666666667   11.76269   125.99956       0               -16.334
        147  1.22500000000   11.94259   125.86732       0               -16.223
        148  1.23333333333   12.12250   125.73469       0               -16.192
        149  1.24166666667   12.30241   125.60167       0               -15.981
        150  1.25000000000   12.48232   125.46825       0               -15.982
        151  1.25833333333   12.66222   125.33441       0               -15.906
        152  1.26666666667   12.84210   125.20017       0               -16.047
        153  1.27500000000   13.02197   125.06550       0               -15.858
        154  1.28333333333   13.20182   124.93041       0               -15.947
        155  1.29166666667   13.38164   124.79489       0               -15.946
        156  1.30000000000   13.56143   124.65893       0               -15.757
        157  1.30833333333   13.74119   124.52253       0               -15.846
        158  1.31666666667   13.92091   124.38567       0               -15.854
        159  1.32500000000   14.10058   124.24836       0               -15.756
        160  1.33333333333   14.28020   124.11058       0               -15.603
        161  1.34166666667   14.45976   123.97233       0               -15.631
        162  1.35000000000   14.63927   123.83361       0               -15.594
        163  1.35833333333   14.81871   123.69440       0               -15.521
        164  1.36666666667   14.99808   123.55470       0               -15.577
        165  1.37500000000   15.17738   123.41451       0               -15.519
        166  1.38333333333   15.35660   123.27381       0               -15.467
        167  1.39166666667   15.53573   123.13261       0               -15.211
        168  1.40000000000   15.71477   122.99089       0               -15.250
        169  1.40833333333   15.89372   122.84865       0               -15.303
        170  1.41666666667   16.07256   122.70587       0               -15.308
        171  1.42500000000   16.25130   122.56257       0               -15.197
        172  1.43333333333   16.42993   122.41872       0               -15.216
        173  1.44166666667   16.60845   122.27432       0               -15.297
        174  1.45000000000   16.78684   122.12937       0               -15.377
        175  1.45833333333   16.96510   121.98385       0               -15.436
        176  1.46666666667   17.14323   121.83777       0               -15.233
        177  1.47500000000   17.32122   121.69111       0               -15.136
        178  1.48333333333   17.49907   121.54387       0               -15.079
        179  1.49166666667   17.67677   121.39604       0               -15.191
        180  1.50000000000   17.85431   121.24761       0               -15.389
        181  1.50833333333   18.03169   121.09859       0               -15.627
        182  1.51666666667   18.20890   120.94895       0               -15.759
        183  1.52500000000   18.38594   120.79869       0               -15.910
        184  1.53333333333   18.56280   120.64782       0               -16.023
        185  1.54166666667   18.73947   120.49631       0               -16.152
        186  1.55000000000   18.91596   120.34416       0               -16.253
        187  1.55833333333   19.09224   120.19138       0               -16.297
        188  1.56666666667   19.26833   120.03794       0               -16.264
        189  1.57500000000   19.44420   119.88384       0               -16.392
        190  1.58333333333   19.61985   119.72908       0               -16.439
        191  1.59166666667   19.79529   119.57365       0               -16.408
        192  1.60000000000   19.97049   119.41754       0               -16.345
        193  1.60833333333   20.14547   119.26075       0               -16.406
        194  1.61666666667   20.32019   119.10326       0               -16.536
        195  1.62500000000   20.49468   118.94508       0               -16.753
        196  1.63333333333   20.66890   118.78619       0               -16.890
        197  1.64166666667   20.84287   118.62659       0               -16.983
        198  1.65000000000   21.01656   118.46627       0               -17.107
        199  1.65833333333   21.18999   118.30522       0               -17.177
        200  1.66666666667   21.36313   118.14344       0               -17.261
        201  1.67500000000   21.53598   117.98091       0               -17.232
        202  1.68333333333   21.70854   117.81764       0               -17.117
        203  1.69166666667   21.88079   117.65362       0               -17.042
        204  1.70000000000   22.05274   117.48884       0               -16.996
        205  1.70833333333   22.22437   117.32329       0               -16.874
        206  1.71666666667   22.39567   117.15696       0               -16.885
        207  1.72500000000   22.56665   116.98985       0               -16.948
        208  1.73333333333   22.73728   116.82195       0               -17.247
        209  1.74166666667   22.90757   116.65326       0               -17.332
        210  1.75000000000   23.07751   116.48377       0               -17.385
        211  1.75833333333   23.24709   116.31347       0               -17.371
        212  1.76666666667   23.41630   116.14235       0               -17.289
        213  1.77500000000   23.58514   115.97041       0               -17.320
        214  1.78333333333   23.75359   115.79764       0               -17.294
        215  1.79166666667   23.92165   115.62404       0               -17.418
        216  1.80000000000   24.08931   115.44959       0               -17.279
        217  1.80833333333   24.25657   115.27429       0               -17.295
        218  1.81666666667   24.42341   115.09814       0               -17.217
        219  1.82500000000   24.58984   114.92113       0               -17.121
        220  1.83333333333   24.75583   114.74325       0               -17.084
        221  1.84166666667   24.92138   114.56449       0               -17.297
        222  1.85000000000   25.08649   114.38485       0               -17.179
        223  1.85833333333   25.25114   114.20432       0               -17.183
        224  1.86666666667   25.41533   114.02290       0               -17.041
        225  1.87500000000   25.57905   113.84058       0               -17.512
        226  1.88333333333   25.74230   113.65735       0               -17.536
        227  1.89166666667   25.90505   113.47320       0               -17.333
        228  1.90000000000   26.06731   113.28814       0               -17.571
        229  1.90833333333   26.22906   113.10215       0               -17.493
        230  1.91666666667   26.39030   112.91523       0               -17.363
        231  1.92500000000   26.55102   112.72737       0               -17.351
        232  1.93333333333   26.71121   112.53857       0               -17.060
        233  1.94166666667   26.87086   112.34882       0               -16.924
        234  1.95000000000   27.02996   112.15812       0               -17.009
        235  1.95833333333   27.18850   111.96645       0               -17.094
        236  1.96666666667   27.34648   111.77382       0               -17.273
        237  1.97500000000   27.50389   111.58021       0               -17.550
        238  1.98333333333   27.66071   111.38563       0               -17.951
        239  1.99166666667   27.81693   111.19006       0               -18.159
        240  2.00000000000   27.97262   110.99350       0               -18.136
        241  2.00833333333   28.12757   110.79596       0               -18.177
        242  2.01666666667   28.28197   110.59741       0               -18.412
        243  2.02500000000   28.43573   110.39786       0               -18.454
        244  2.03333333333   28.58886   110.19730       0               -18.320
        245  2.04166666667   28.74133   109.99573       0               -18.205
        246  2.05000000000   28.89315   109.79314       0               -18.047
        247  2.05833333333   29.04430   109.58952       0               -17.851
        248  2.06666666667   29.19477   109.38488       0               -17.777
        249  2.07500000000   29.34456   109.17921       0               -17.973
        250  2.08333333333   29.49364   108.97250       0               -18.252
        251  2.09166666667   29.64203   108.76475       0               -18.724
        252  2.10000000000   29.78969   108.55596       0               -19.177
        253  2.10833333333   29.93663   108.34612       0               -20.002
        254  2.11666666667   30.08284   108.13522       0               -20.459
        255  2.12500000000   30.22829   107.92328       0               -20.373
        256  2.13333333333   30.37300   107.71027       0               -20.519
        257  2.14166666667   30.51693   107.49620       0               -20.400
        258  2.15000000000   30.66009   107.28107       0               -20.421
        259  2.15833333333   30.80247   107.06487       0               -20.412
        260  2.16666666667   30.94404   106.84759       0               -20.657
        261  2.17500000000   31.08482   106.62925       0               -20.592
        262  2.18333333333   31.22477   106.40983       0               -19.569
        263  2.19166666667   31.36390   106.18933       0               -18.647
        264  2.20000000000   31.50219   105.96775       0               -18.444
        265  2.20833333333   31.63963   105.74508       0               -19.932
        266  2.21666666667   31.77622   105.52134       0               -20.213
        267  2.22500000000   31.91193   105.29650       0               -20.641
        268  2.23333333333   32.04677   105.07058       0               -20.724
        269  2.24166666667   32.18072   104.84358       0               -20.773
        270  2.25000000000   32.31376   104.61548       0               -20.495
        271  2.25833333333   32.44590   104.38629       0               -20.704
        272  2.26666666667   32.57712   104.15602       0               -21.246
        273  2.27500000000   32.70740   103.92465       0               -21.016
        274  2.28333333333   32.83675   103.69219       0               -20.668
        275  2.29166666667   32.96514   103.45864       0               -19.594
        276  2.30000000000   33.09257   103.22400       0               -19.177
        277  2.30833333333   33.21902   102.98827       0               -19.327
        278  2.31666666667   33.34449   102.75145       0               -19.628
        279  2.32500000000   33.46896   102.51354       0               -20.637
        280  2.33333333333   33.59243   102.27455       0               -20.482
        281  2.34166666667   33.71488   102.03447       0               -19.384
        282  2.35000000000   33.83630   101.79331       0               -20.043
        283  2.35833333333   33.95669   101.55106       0               -21.282
        284  2.36666666667   34.07603   101.30774       0               -21.308
        285  2.37500000000   34.19431   101.06334       0               -21.140
        286  2.38333333333   34.31151   100.81787       0               -20.935
        287  2.39166666667   34.42764   100.57132       0               -20.459
        288  2.40000000000   34.54268   100.32371       0               -20.184
        289  2.40833333333   34.65661   100.07504       0               -20.345
        290  2.41666666667   34.76943    99.82531       0               -20.964
        291  2.42500000000   34.88113    99.57452       0               -21.033
        292  2.43333333333   34.99170    99.32268       0               -21.179
        293  2.44166666667   35.10112    99.06979       0               -20.860
        294  2.45000000000   35.20938    98.81587       0               -20.789
        295  2.45833333333   35.31648    98.56091       0               -20.456
        296  2.46666666667   35.42241    98.30492       0               -20.328
        297  2.47500000000   35.52715    98.04791       0               -19.848
        298  2.48333333333   35.63069    97.78988       0               -19.544
        299  2.49166666667   35.73302    97.53085       0               -18.758
        300  2.50000000000   35.83414    97.27080       0               -21.059
        301  2.50833333333   35.93403    97.00977       0               -20.707
        302  2.51666666667   36.03268    96.74774       0               -22.300
        303  2.52500000000   36.13009    96.48474       0               -22.655
        304  2.53333333333   36.22623    96.22076       0               -22.952
        305  2.54166666667   36.32111    95.95582       0               -23.065
        306  2.55000000000   36.41471    95.68993       0               -22.610
        307  2.55833333333   36.50702    95.42309       0               -21.572
        308  2.56666666667   36.59803    95.15532       0               -21.456
        309  2.57500000000   36.68774    94.88663       0               -20.981
        310  2.58333333333   36.77613    94.61701       0               -20.767
        311  2.59166666667   36.86319    94.34650       0               -21.235
        312  2.60000000000   36.94891    94.07509       0               -21.848
        313  2.60833333333   37.03329    93.80280       0               -21.564
        314  2.61666666667   37.11631    93.52964       0               -21.821
        315  2.62500000000   37.19797    93.25562       0               -21.765
        316  2.63333333333   37.27825    92.98076       0               -21.844
        317  2.64166666667   37.35715    92.70506       0               -21.880
        318  2.65000000000   37.43466    92.42854       0               -21.723
        319  2.65833333333   37.51077    92.15122       0               -21.788
        320  2.66666666667   37.58547    91.87311       0               -22.005
        321  2.67500000000   37.65875    91.59421       0               -22.347
        322  2.68333333333   37.73060    91.31455       0               -22.488
        323  2.69166666667   37.80102    91.03415       0               -22.321
        324  2.70000000000   37.86999    90.75300       0               -22.228
        325  2.70833333333   37.93751    90.47114       0               -22.080
        326  2.71666666667   38.00357    90.18857       0               -22.051
        327  2.72500000000   38.06817    89.90532       0               -22.110
        328  2.73333333333   38.13128    89.62140       0               -22.221
        329  2.74166666667   38.19292    89.33682       0               -22.297
        330  2.75000000000   38.25306    89.05160       0               -22.281
        331  2.75833333333   38.31171    88.76576       0               -22.237
        332  2.76666666667   38.36885    88.47932       0               -22.121
        333  2.77500000000   38.42448    88.19230       0               -22.042
        334  2.78333333333   38.47858    87.90471       0               -21.954
        335  2.79166666667   38.53117    87.61656       0               -22.165
        336  2.80000000000   38.58222    87.32789       0               -21.884
        337  2.80833333333   38.63173    87.03871       0               -21.480
        338  2.81666666667   38.67969    86.74904       0               -21.870
        339  2.82500000000   38.72611    86.45890       0               -21.940
        340  2.83333333333   38.77096    86.16830       0               -21.940
        341  2.84166666667   38.81426    85.87727       0               -21.976
        342  2.85000000000   38.85598    85.58583       0               -22.055
        343  2.85833333333   38.89613    85.29400       0               -21.754
        344  2.86666666667   38.93470    85.00179       0               -21.951
        345  2.87500000000   38.97169    84.70924       0               -22.263
        346  2.88333333333   39.00709    84.41636       0               -22.371
        347  2.89166666667   39.04090    84.12318       0               -22.059
        348  2.90000000000   39.07310    83.82970       0               -22.049
        349  2.90833333333   39.10371    83.53597       0               -22.066
        350  2.91666666667   39.13271    83.24199       0               -22.337
        351  2.92500000000   39.16010    82.94780       0               -22.417
        352  2.93333333333   39.18587    82.65340       0               -22.372
        353  2.94166666667   39.21003    82.35884       0               -22.340
        354  2.95000000000   39.23256    82.06412       0               -22.071
        355  2.95833333333   39.25348    81.76927       0               -22.329
        356  2.96666666667   39.27276    81.47432       0               -22.611
        357  2.97500000000   39.29042    81.17929       0               -22.857
        358  2.98333333333   39.30645    80.88419       0               -22.568
        359  2.99166666667   39.32084    80.58907       0               -22.049
        360  3.00000000000   39.33360    80.29392       0               -22.073
        361  3.00833333333   39.34472    79.99879       0               -22.697
        362  3.01666666667   39.35420    79.70370       0               -22.982
        363  3.02500000000   39.36204    79.40866       0               -23.199
        364  3.03333333333   39.36824    79.11370       0               -23.302
        365  3.04166666667   39.37280    78.81885       0               -23.444
        366  3.05000000000   39.37571    78.52413       0               -23.537
        367  3.05833333333   39.37698    78.22956       0               -23.401
        368  3.06666666667   39.37661    77.93517       0               -23.572
        369  3.07500000000   39.37459    77.64098       0               -23.580
        370  3.08333333333   39.37093    77.34702       0               -23.505
        371  3.09166666667   39.36563    77.05330       0               -23.519
        372  3.10000000000   39.35868    76.75986       0               -23.521
        373  3.10833333333   39.35009    76.46671       0               -23.513
        374  3.11666666667   39.33986    76.17389       0               -23.295
        375  3.12500000000   39.32799    75.88140       0               -23.293
        376  3.13333333333   39.31449    75.58929       0               -23.559
        377  3.14166666667   39.29934    75.29756       0               -23.723
        378  3.15000000000   39.28256    75.00625       0               -23.750
        379  3.15833333333   39.26415    74.71538       0               -23.758
        380  3.16666666667   39.24411    74.42497       0               -23.816
        381  3.17500000000   39.22244    74.13504       0               -23.718
        382  3.18333333333   39.19915    73.84562       0               -23.732
        383  3.19166666667   39.17423    73.55672       0               -23.782
        384  3.20000000000   39.14770    73.26838       0               -23.838
        385  3.20833333333   39.11955    72.98062       0               -23.857
        386  3.21666666667   39.08978    72.69345       0               -23.783
        387  3.22500000000   39.05841    72.40690       0               -23.803
        388  3.23333333333   39.02543    72.12100       0               -23.980
        389  3.24166666667   38.99086    71.83576       0               -24.057
        390  3.25000000000   38.95468    71.55120       0               -24.156
        391  3.25833333333   38.91692    71.26735       0               -24.281
        392  3.26666666667   38.87757    70.98423       0               -24.299
        393  3.27500000000   38.83664    70.70186       0               -24.293
        394  3.28333333333   38.79412    70.42025       0               -24.222
        395  3.29166666667   38.75004    70.13944       0               -24.181
        396  3.30000000000   38.70439    69.85944       0               -24.167
        397  3.30833333333   38.65718    69.58027       0               -24.169
        398  3.31666666667   38.60842    69.30195       0               -24.138
        399  3.32500000000   38.55811    69.02450       0               -24.104
        400  3.33333333333   38.50625    68.74794       0               -24.094
        401  3.34166666667   38.45286    68.47229       0               -24.046
        402  3.35000000000   38.39793    68.19757       0               -24.013
        403  3.35833333333   38.34148    67.92379       0               -23.905
        404  3.36666666667   38.28352    67.65098       0               -23.919
        405  3.37500000000   38.22405    67.37915       0               -24.037
        406  3.38333333333   38.16307    67.10832       0               -24.080
        407  3.39166666667   38.10059    66.83851       0               -24.078
        408  3.40000000000   38.03663    66.56973       0               -24.078
        409  3.40833333333   37.97119    66.30200       0               -24.098
        410  3.41666666667   37.90427    66.03534       0               -24.238
        411  3.42500000000   37.83589    65.76976       0               -24.285
        412  3.43333333333   37.76605    65.50528       0               -24.318
        413  3.44166666667   37.69476    65.24192       0               -24.366
        414  3.45000000000   37.62203    64.97968       0               -24.276
        415  3.45833333333   37.54786    64.71860       0               -24.243
        416  3.46666666667   37.47227    64.45867       0               -24.207
        417  3.47500000000   37.39526    64.19991       0               -24.133
        418  3.48333333333   37.31684    63.94234       0               -24.046
        419  3.49166666667   37.23703    63.68597       0               -23.986
        420  3.50000000000   37.15582    63.43081       0               -23.927
        421  3.50833333333   37.07323    63.17688       0               -23.921
        422  3.51666666667   36.98927    62.92419       0               -23.980
        423  3.52500000000   36.90395    62.67275       0               -23.949
        424  3.53333333333   36.81727    62.42258       0               -23.787
        425  3.54166666667   36.72924    62.17367       0               -23.762
        426  3.55000000000   36.63988    61.92606       0               -23.987
        427  3.55833333333   36.54919    61.67974       0               -23.968
        428  3.56666666667   36.45718    61.43473       0               -23.962
        429  3.57500000000   36.36387    61.19103       0               -23.923
        430  3.58333333333   36.26926    60.94866       0               -23.920
        431  3.59166666667   36.17336    60.70763       0               -23.884
        432  3.60000000000   36.07618    60.46794       0               -23.819
        433  3.60833333333   35.97773    60.22961       0               -23.858
        434  3.61666666667   35.87802    59.99264       0               -23.946
        435  3.62500000000   35.77707    59.75704       0               -23.985
        436  3.63333333333   35.67487    59.52282       0               -23.996
        437  3.64166666667   35.57145    59.28998       0               -23.954
        438  3.65000000000   35.46680    59.05854       0               -23.946
        439  3.65833333333   35.36095    58.82850       0               -23.942
        440  3.66666666667   35.25389    58.59987       0               -23.974
        441  3.67500000000   35.14565    58.37265       0               -23.905
        442  3.68333333333   35.03623    58.14686       0               -23.875
        443  3.69166666667   34.92564    57.92248       0               -23.860
        444  3.70000000000   34.81389    57.69954       0               -23.825
        445  3.70833333333   34.70100    57.47804       0               -23.681
        446  3.71666666667   34.58696    57.25797       0               -23.608
        447  3.72500000000   34.47180    57.03935       0               -23.606
        448  3.73333333333   34.35552    56.82218       0               -23.480
        449  3.74166666667   34.23814    56.60646       0               -23.553
        450  3.75000000000   34.11966    56.39220       0               -23.621
        451  3.75833333333   34.00009    56.17940       0               -23.655
        452  3.76666666667   33.87944    55.96807       0               -23.675
        453  3.77500000000   33.75773    55.75820       0               -23.739
        454  3.78333333333   33.63497    55.54980       0               -23.726
        455  3.79166666667   33.51116    55.34287       0               -23.615
        456  3.80000000000   33.38631    55.13742       0               -23.514
        457  3.80833333333   33.26044    54.93344       0               -23.522
        458  3.81666666667   33.13356    54.73094       0               -23.493
        459  3.82500000000   33.00567    54.52991       0               -23.435
        460  3.83333333333   32.87679    54.33037       0               -23.402
        461  3.84166666667   32.74693    54.13231       0               -23.346
        462  3.85000000000   32.61609    53.93573       0               -23.365
        463  3.85833333333   32.48429    53.74063       0               -23.299
        464  3.86666666667   32.35154    53.54701       0               -23.246
        465  3.87500000000   32.21784    53.35488       0               -23.142
        466  3.88333333333   32.08321    53.16423       0               -23.145
        467  3.89166666667   31.94766    52.97506       0               -23.156
        468  3.90000000000   31.81120    52.78737       0               -23.240
        469  3.90833333333   31.67384    52.60116       0               -23.251
        470  3.91666666667   31.53558    52.41643       0               -23.363
        471  3.92500000000   31.39644    52.23318       0               -23.092
        472  3.93333333333   31.25643    52.05140       0               -23.030
        473  3.94166666667   31.11556    51.87111       0               -22.836
        474  3.95000000000   30.97384    51.69228       0               -23.043
        475  3.95833333333   30.83127    51.51493       0               -23.298
        476  3.96666666667   30.68787    51.33904       0               -23.395
        477  3.97500000000   30.54365    51.16463       0               -23.309
        478  3.98333333333   30.39861    50.99167       0               -23.322
        479  3.99166666667   30.25277    50.82018       0               -23.218
        480  4.00000000000   30.10606    50.65018       0               -22.936
        481  4.00833333333   29.95872    50.48158       0               -23.020
        482  4.01666666667   29.81053    50.31447       0               -23.114
        483  4.02500000000   29.66157    50.14880       0               -23.182
        484  4.03333333333   29.51186    49.98458       0               -23.264
        485  4.04166666667   29.36140    49.82180       0               -23.068
        486  4.05000000000   29.21020    49.66047       0               -23.011
        487  4.05833333333   29.05827    49.50057       0               -23.039
        488  4.06666666667   28.90563    49.34211       0               -23.050
        489  4.07500000000   28.75228    49.18508       0               -22.950
        490  4.08333333333   28.59822    49.02947       0               -22.885
        491  4.09166666667   28.44348    48.87529       0               -22.778
        492  4.10000000000   28.28805    48.72252       0               -22.708
        493  4.10833333333   28.13194    48.57116       0               -22.591
        494  4.11666666667   27.97518    48.42122       0               -22.479
        495  4.12500000000   27.81776    48.27267       0               -22.348
        496  4.13333333333   27.65969    48.12553       0               -22.357
        497  4.14166666667   27.50098    47.97979       0               -22.336
        498  4.15000000000   27.34164    47.83543       0               -22.190
        499  4.15833333333   27.18168    47.69246       0               -21.955
        500  4.16666666667   27.02111    47.55087       0               -21.621
        501  4.17500000000   26.85994    47.41065       0               -21.371
        502  4.18333333333   26.69817    47.27181       0               -21.650
        503  4.19166666667   26.53581    47.13433       0               -21.376
        504  4.20000000000   26.37287    46.99821       0               -21.099
        505  4.20833333333   26.20936    46.86345       0               -20.612
        506  4.21666666667   26.04529    46.73004       0               -20.290
        507  4.22500000000   25.88066    46.59797       0               -20.822
        508  4.23333333333   25.71549    46.46724       0               -20.882
        509  4.24166666667   25.54978    46.33784       0               -20.687
        510  4.25000000000   25.38353    46.20978       0               -20.578
        511  4.25833333333   25.21677    46.08303       0               -20.483
        512  4.26666666667   25.04949    45.95760       0               -20.339
        513  4.27500000000   24.88170    45.83348       0               -20.598
        514  4.28333333333   24.71341    45.71067       0               -20.228
        515  4.29166666667   24.54463    45.58916       0               -19.704
        516  4.30000000000   24.37536    45.46894       0               -20.164
        517  4.30833333333   24.20562    45.35001       0               -20.246
        518  4.31666666667   24.03541    45.23236       0               -20.815
        519  4.32500000000   23.86473    45.11599       0               -21.571
        520  4.33333333333   23.69360    45.00088       0               -21.391
        521  4.34166666667   23.52202    44.88705       0               -21.677
        522  4.35000000000   23.35000    44.77447       0               -20.919
        523  4.35833333333   23.17755    44.66314       0               -20.772
        524  4.36666666667   23.00466    44.55306       0               -20.217
        525  4.37500000000   22.83136    44.44422       0               -20.483
        526  4.38333333333   22.65765    44.33662       0               -20.321
        527  4.39166666667   22.48352    44.23024       0               -20.632
        528  4.40000000000   22.30900    44.12508       0               -19.933
        529  4.40833333333   22.13409    44.02115       0               -20.146
        530  4.41666666667   21.95879    43.91842       0               -19.671
        531  4.42500000000   21.78311    43.81689       0               -19.707
        532  4.43333333333   21.60705    43.71657       0               -19.488
        533  4.44166666667   21.43063    43.61743       0               -19.245
        534  4.45000000000   21.25385    43.51949       0               -18.524
        535  4.45833333333   21.07671    43.42272       0               -19.569
        536  4.46666666667   20.89923    43.32712       0               -19.944
        537  4.47500000000   20.72140    43.23270       0               -19.809
        538  4.48333333333   20.54324    43.13943       0               -19.382
        539  4.49166666667   20.36475    43.04732       0               -19.516
        540  4.50000000000   20.18594    42.95636       0               -20.251
        541  4.50833333333   20.00681    42.86654       0               -20.653
        542  4.51666666667   19.82736    42.77786       0               -20.234
        543  4.52500000000   19.64761    42.69031       0               -20.361
        544  4.53333333333   19.46756    42.60388       0               -20.259
        545  4.54166666667   19.28722    42.51858       0               -20.422
        546  4.55000000000   19.10658    42.43438       0               -19.895
        547  4.55833333333   18.92567    42.35130       0               -19.155
        548  4.56666666667   18.74447    42.26931       0               -19.174
        549  4.57500000000   18.56300    42.18842       0               -19.002
        550  4.58333333333   18.38127    42.10861       0               -19.238
        551  4.59166666667   18.19927    42.02989       0               -19.557
        552  4.60000000000   18.01702    41.95225       0               -19.799
        553  4.60833333333   17.83452    41.87568       0               -19.519
        554  4.61666666667   17.65177    41.80017       0               -19.118
        555  4.62500000000   17.46878    41.72572       0               -19.493
        556  4.63333333333   17.28556    41.65232       0               -19.345
        557  4.64166666667   17.10211    41.57997       0               -18.894
        558  4.65000000000   16.91843    41.50867       0               -19.315
        559  4.65833333333   16.73452    41.43839       0               -19.299
        560  4.66666666667   16.55041    41.36915       0               -19.297
        561  4.67500000000   16.36608    41.30093       0               -19.792
        562  4.68333333333   16.18155    41.23373       0               -19.753
        563  4.69166666667   15.99681    41.16754       0               -18.681
        564  4.70000000000   15.81188    41.10236       0               -18.226
        565  4.70833333333   15.62676    41.03818       0               -18.439
        566  4.71666666667   15.44145    40.97500       0               -19.143
        567  4.72500000000   15.25595    40.91280       0               -19.580
        568  4.73333333333   15.07028    40.85159       0               -19.638
        569  4.74166666667   14.88443    40.79135       0               -19.295
        570  4.75000000000   14.69841    40.73209       0               -18.839
        571  4.75833333333   14.51223    40.67380       0               -18.761
        572  4.76666666667   14.32589    40.61647       0               -18.474
        573  4.77500000000   14.13938    40.56009       0               -18.418
        574  4.78333333333   13.95273    40.50466       0               -18.087
        575  4.79166666667   13.76593    40.45018       0               -17.768
        576  4.80000000000   13.57898    40.39664       0               -17.447
        577  4.80833333333   13.39189    40.34404       0               -16.639
        578  4.81666666667   13.20466    40.29236       0               -15.861
        579  4.82500000000   13.01731    40.24161       0               -15.738
        580  4.83333333333   12.82982    40.19178       0               -15.663
        581  4.84166666667   12.64221    40.14285       0               -14.714
        582  4.85000000000   12.45447    40.09484       0               -14.622
        583  4.85833333333   12.26662    40.04773       0               -15.708
        584  4.86666666667   12.07865    40.00152       0               -15.374
        585  4.87500000000   11.89058    39.95620       0               -15.142
        586  4.88333333333   11.70240    39.91177       0               -15.439
        587  4.89166666667   11.51411    39.86822       0               -14.550
        588  4.90000000000   11.32573    39.82554       0               -11.791
        589  4.90833333333   11.13724    39.78374       0               -11.007
        590  4.91666666667   10.94867    39.74281     112                 0.000
        591  4.92500000000   10.76001    39.70274     112                 0.000
        592  4.93333333333   10.57126    39.66352     112                 0.000
        593  4.94166666667   10.38243    39.62516     112                 0.000
        594  4.95000000000   10.19352    39.58765    4464                 0.000
        595  4.95833333333   10.00453    39.55097     112                 0.000
        596  4.96666666667    9.81547    39.51514       0                27.254
        597  4.97500000000    9.62634    39.48014       0                26.592
        598  4.98333333333    9.43715    39.44597       0                26.850
        599  4.99166666667    9.24789    39.41262       0                28.322
        600  5.00000000000    9.05857    39.38009       0                31.588
        601  5.00833333333    8.86919    39.34837       0                32.716
        602  5.01666666667    8.67976    39.31747       0                31.762
        603  5.02500000000    8.49028    39.28736       0                32.219
        604  5.03333333333    8.30075    39.25806     112                 0.000
        605  5.04166666667    8.11117    39.22956     112                 0.000
        606  5.05000000000    7.92155    39.20184     112                 0.000
        607  5.05833333333    7.73189    39.17492     112                 0.000
        608  5.06666666667    7.54219    39.14877       0                50.324
        609  5.07500000000    7.35246    39.12341       0                49.768
        610  5.08333333333    7.16270    39.09882       0                49.446
        611  5.09166666667    6.97291    39.07499       0                51.424
        612  5.10000000000    6.78309    39.05193       0                49.428
        613  5.10833333333    6.59325    39.02964       0                48.947
        614  5.11666666667    6.40338    39.00810       0                48.962
        615  5.12500000000    6.21350    38.98731       0                49.305
        616  5.13333333333    6.02360    38.96727       0                47.509
        617  5.14166666667    5.83369    38.94797       0                46.471
        618  5.15000000000    5.64376    38.92941       0                46.139
        619  5.15833333333    5.45383    38.91159       0                46.065
        620  5.16666666667    5.26389    38.89450       0                46.891
        621  5.17500000000    5.07394    38.87814       0                47.284
       1806 15.05000000000    5.31250   318.45057       0                -0.098
       1807 15.05833333333    5.50568   318.44678       0                -0.242
       1808 15.06666666667    5.69888   318.44229       0                -0.441
       1809 15.07500000000    5.89212   318.43711       0                 0.092
       1810 15.08333333333    6.08537   318.43122       0                -0.225
       1811 15.09166666667    6.27865   318.42462       0                -0.477
       1812 15.10000000000    6.47195   318.41731       0                -1.281
       1813 15.10833333333    6.66526   318.40928       0                -2.201
       1814 15.11666666667    6.85859   318.40054       0                -2.295
       1815 15.12500000000    7.05193   318.39107       0                -3.195
       1816 15.13333333333    7.24529   318.38087       0                -3.205
       1817 15.14166666667    7.43865   318.36994       0                -3.981
       1818 15.15000000000    7.63202   318.35828       0                -4.364
       1819 15.15833333333    7.82539   318.34587       0                -4.729
       1820 15.16666666667    8.01877   318.33271       0                -5.185
       1821 15.17500000000    8.21214   318.31881       0                -5.154
       1822 15.18333333333    8.40551   318.30415       0                -5.019
       1823 15.19166666667    8.59888   318.28874       0                -5.126
       1824 15.20000000000    8.79224   318.27256       0                -5.209
       1825 15.20833333333    8.98559   318.25561       0                -5.242
       1826 15.21666666667    9.17892   318.23789       0                -5.178
       1827 15.22500000000    9.37225   318.21939       0                -5.169
       1828 15.23333333333    9.56555   318.20011       0                -5.367
       1829 15.24166666667    9.75883   318.18004       0                -6.004
       1830 15.25000000000    9.95209   318.15919       0                -6.129
       1831 15.25833333333   10.14532   318.13753       0                -6.424
       1832 15.26666666667   10.33853   318.11508       0                -6.104
       1833 15.27500000000   10.53171   318.09182       0                -6.236
       1834 15.28333333333   10.72485   318.06775       0                -6.262
       1835 15.29166666667   10.91795   318.04287       0                -6.858
       1836 15.30000000000   11.11101   318.01717       0                -7.180
       1837 15.30833333333   11.30404   317.99064       0                -7.143
       1838 15.31666666667   11.49701   317.96328       0                -7.244
       1839 15.32500000000   11.68994   317.93509       0                -7.459
       1840 15.33333333333   11.88282   317.90605       0                -7.471
       1841 15.34166666667   12.07564   317.87618       0                -7.336
       1842 15.35000000000   12.26841   317.84545       0                -7.347
       1843 15.35833333333   12.46111   317.81386       0                -7.739
       1844 15.36666666667   12.65375   317.78142       0                -7.906
       1845 15.37500000000   12.84633   317.74811       0                -7.859
       1846 15.38333333333   13.03883   317.71392       0                -8.023
       1847 15.39166666667   13.23126   317.67886       0                -8.062
       1848 15.40000000000   13.42361   317.64292       0                -8.082
       1849 15.40833333333   13.61589   317.60610       0                -8.171
       1850 15.41666666667   13.80808   317.56838       0                -8.285
       1851 15.42500000000   14.00018   317.52976       0                -7.742
       1852 15.43333333333   14.19219   317.49023       0                -7.667
       1853 15.44166666667   14.38411   317.44980       0                -7.424
       1854 15.45000000000   14.57593   317.40845       0                -7.724
       1855 15.45833333333   14.76765   317.36619       0                -7.694
       1856 15.46666666667   14.95927   317.32299       0                -7.893
       1857 15.47500000000   15.15078   317.27887       0                -7.868
       1858 15.48333333333   15.34217   317.23380       0                -7.753
       1859 15.49166666667   15.53345   317.18780       0                -7.795
       1860 15.50000000000   15.72461   317.14084       0                -7.477
       1861 15.50833333333   15.91564   317.09293       0                -6.989
       1862 15.51666666667   16.10655   317.04406       0                -7.077
       1863 15.52500000000   16.29732   316.99422       0                -6.848
       1864 15.53333333333   16.48796   316.94341       0                -7.281
       1865 15.54166666667   16.67846   316.89162       0                -7.700
       1866 15.55000000000   16.86882   316.83884       0                -8.135
       1867 15.55833333333   17.05902   316.78507       0                -8.227
       1868 15.56666666667   17.24908   316.73031       0                -8.035
       1869 15.57500000000   17.43897   316.67454       0                -8.317
       1870 15.58333333333   17.62871   316.61777       0                -8.376
       1871 15.59166666667   17.81828   316.55997       0                -8.556
       1872 15.60000000000   18.00768   316.50116       0                -8.441
       1873 15.60833333333   18.19691   316.44132       0                -8.324
       1874 15.61666666667   18.38595   316.38044       0                -8.476
       1875 15.62500000000   18.57482   316.31852       0                -8.665
       1876 15.63333333333   18.76349   316.25556       0                -8.803
       1877 15.64166666667   18.95198   316.19154       0                -8.914
       1878 15.65000000000   19.14026   316.12646       0                -8.979
       1879 15.65833333333   19.32834   316.06032       0                -8.868
       1880 15.66666666667   19.51622   315.99310       0                -9.045
       1881 15.67500000000   19.70388   315.92480       0                -8.996
       1882 15.68333333333   19.89132   315.85541       0                -9.117
       1883 15.69166666667   20.07854   315.78494       0                -8.935
       1884 15.70000000000   20.26554   315.71336       0                -8.791
       1885 15.70833333333   20.45230   315.64068       0                -8.666
       1886 15.71666666667   20.63882   315.56688       0                -8.789
       1887 15.72500000000   20.82510   315.49197       0                -8.794
       1888 15.73333333333   21.01114   315.41593       0                -8.487
       1889 15.74166666667   21.19691   315.33875       0                -8.714
       1890 15.75000000000   21.38243   315.26044       0                -8.850
       1891 15.75833333333   21.56768   315.18097       0                -8.937
       1892 15.76666666667   21.75267   315.10036       0                -9.051
       1893 15.77500000000   21.93737   315.01858       0                -9.175
       1894 15.78333333333   22.12180   314.93564       0                -9.068
       1895 15.79166666667   22.30593   314.85152       0                -9.002
       1896 15.80000000000   22.48978   314.76622       0                -8.635
       1897 15.80833333333   22.67332   314.67974       0                -8.535
       1898 15.81666666667   22.85656   314.59206       0                -8.690
       1899 15.82500000000   23.03948   314.50317       0                -8.858
       1900 15.83333333333   23.22209   314.41308       0                -9.027
       1901 15.84166666667   23.40438   314.32177       0                -8.999
       1902 15.85000000000   23.58633   314.22924       0                -9.151
       1903 15.85833333333   23.76795   314.13547       0                -9.182
       1904 15.86666666667   23.94923   314.04047       0                -9.155
       1905 15.87500000000   24.13016   313.94423       0                -9.347
       1906 15.88333333333   24.31073   313.84673       0                -9.376
       1907 15.89166666667   24.49094   313.74797       0                -9.376
       1908 15.90000000000   24.67078   313.64795       0                -9.458
       1909 15.90833333333   24.85024   313.54666       0                -9.605
       1910 15.91666666667   25.02933   313.44408       0                -9.539
       1911 15.92500000000   25.20802   313.34022       0                -9.403
       1912 15.93333333333   25.38632   313.23507       0                -9.465
       1913 15.94166666667   25.56422   313.12861       0                -9.641
       1914 15.95000000000   25.74170   313.02084       0                -9.816
       1915 15.95833333333   25.91877   312.91176       0                -9.778
       1916 15.96666666667   26.09541   312.80136       0                -9.812
       1917 15.97500000000   26.27163   312.68963       0                -9.624
       1918 15.98333333333   26.44740   312.57656       0                -9.614
       1919 15.99166666667   26.62273   312.46214       0                -9.571
       1920 16.00000000000   26.79762   312.34643       0                -9.673
       1921 16.00833333333   26.97202   312.22926       0                -9.794
       1922 16.01666666667   27.14596   312.11077       0                -9.947
       1923 16.02500000000   27.31943   311.99091       0                -9.948
       1924 16.03333333333   27.49241   311.86967       0                -9.981
       1925 16.04166666667   27.66490   311.74705       0               -10.069
       1926 16.05000000000   27.83690   311.62303       0               -10.054
       1927 16.05833333333   28.00838   311.49761       0               -10.212
       1928 16.06666666667   28.17935   311.37079       0               -10.214
       1929 16.07500000000   28.34979   311.24255       0               -10.300
       1930 16.08333333333   28.51970   311.11290       0               -10.347
       1931 16.09166666667   28.68908   310.98182       0               -10.344
       1932 16.10000000000   28.85790   310.84930       0               -10.333
       1933 16.10833333333   29.02616   310.71534       0               -10.352
       1934 16.11666666667   29.19386   310.57994       0               -10.308
       1935 16.12500000000   29.36099   310.44309       0               -10.231
       1936 16.13333333333   29.52753   310.30477       0               -10.288
       1937 16.14166666667   29.69348   310.16499       0               -10.359
       1938 16.15000000000   29.85884   310.02374       0               -10.372
       1939 16.15833333333   30.02358   309.88100       0               -10.399
       1940 16.16666666667   30.18770   309.73679       0               -10.437
       1941 16.17500000000   30.35120   309.59108       0               -10.470
       1942 16.18333333333   30.51406   309.44388       0               -10.551
       1943 16.19166666667   30.67628   309.29517       0               -10.585
       1944 16.20000000000   30.83784   309.14496       0               -10.575
       1945 16.20833333333   30.99874   308.99323       0               -10.637
       1946 16.21666666667   31.15896   308.83998       0               -10.673
       1947 16.22500000000   31.31851   308.68520       0               -10.668
       1948 16.23333333333   31.47736   308.52889       0               -10.704
       1949 16.24166666667   31.63551   308.37105       0               -10.712
       1950 16.25000000000   31.79295   308.21166       0               -10.752
       1951 16.25833333333   31.94967   308.05073       0               -10.742
       1952 16.26666666667   32.10566   307.88825       0               -10.720
       1953 16.27500000000   32.26091   307.72420       0               -10.711
       1954 16.28333333333   32.41541   307.55860       0               -10.721
       1955 16.29166666667   32.56915   307.39143       0               -10.784
       1956 16.30000000000   32.72212   307.22269       0               -10.793
       1957 16.30833333333   32.87431   307.05237       0               -10.893
       1958 16.31666666667   33.02572   306.88048       0               -10.993
       1959 16.32500000000   33.17632   306.70700       0               -11.032
       1960 16.33333333333   33.32611   306.53193       0               -11.009
       1961 16.34166666667   33.47508   306.35527       0               -10.940
       1962 16.35000000000   33.62322   306.17702       0               -10.875
       1963 16.35833333333   33.77052   305.99717       0               -10.773
       1964 16.36666666667   33.91697   305.81572       0               -10.804
       1965 16.37500000000   34.06256   305.63266       0               -10.751
       1966 16.38333333333   34.20727   305.44799       0               -10.772
       1967 16.39166666667   34.35110   305.26172       0               -10.887
       1968 16.40000000000   34.49404   305.07383       0               -10.850
       1969 16.40833333333   34.63607   304.88433       0               -10.909
       1970 16.41666666667   34.77719   304.69320       0               -10.928
       1971 16.42500000000   34.91738   304.50046       0               -10.954
       1972 16.43333333333   35.05664   304.30610       0               -10.943
       1973 16.44166666667   35.19494   304.11012       0               -10.836
       1974 16.45000000000   35.33229   303.91252       0               -10.763
       1975 16.45833333333   35.46867   303.71329       0               -10.847
       1976 16.46666666667   35.60407   303.51243       0               -10.654
       1977 16.47500000000   35.73848   303.30995       0               -10.629
       1978 16.48333333333   35.87189   303.10584       0               -10.661
       1979 16.49166666667   36.00428   302.90011       0               -10.657
       1980 16.50000000000   36.13565   302.69275       0               -10.700
       1981 16.50833333333   36.26598   302.48377       0               -10.798
       1982 16.51666666667   36.39527   302.27316       0               -10.884
       1983 16.52500000000   36.52349   302.06093       0               -10.931
       1984 16.53333333333   36.65065   301.84708       0               -10.892
       1985 16.54166666667   36.77673   301.63161       0               -10.849
       1986 16.55000000000   36.90172   301.41452       0               -10.795
       1987 16.55833333333   37.02560   301.19582       0               -10.805
       1988 16.56666666667   37.14837   300.97550       0               -10.770
       1989 16.57500000000   37.27002   300.75357       0               -10.702
       1990 16.58333333333   37.39053   300.53004       0               -10.640
       1991 16.59166666667   37.50989   300.30490       0               -10.636
       1992 16.60000000000   37.62809   300.07817       0               -10.686
       1993 16.60833333333   37.74513   299.84983       0               -10.679
       1994 16.61666666667   37.86098   299.61991       0               -10.697
       1995 16.62500000000   37.97564   299.38840       0               -10.674
       1996 16.63333333333   38.08910   299.15531       0               -10.685
       1997 16.64166666667   38.20134   298.92065       0               -10.818
       1998 16.65000000000   38.31235   298.68442       0               -10.846
       1999 16.65833333333   38.42213   298.44662       0               -10.720
       2000 16.66666666667   38.53066   298.20727       0               -10.715
       2001 16.67500000000   38.63794   297.96637       0               -10.759
       2002 16.68333333333   38.74394   297.72392       0               -10.812
       2003 16.69166666667   38.84866   297.47995       0               -10.827
       2004 16.70000000000   38.95209   297.23445       0               -10.823
       2005 16.70833333333   39.05421   296.98743       0               -10.944
       2006 16.71666666667   39.15503   296.73890       0               -11.001
       2007 16.72500000000   39.25452   296.48887       0               -10.971
       2008 16.73333333333   39.35267   296.23736       0               -10.858
       2009 16.74166666667   39.44948   295.98436       0               -10.775
       2010 16.75000000000   39.54493   295.72990       0               -10.659
       2011 16.75833333333   39.63901   295.47398       0               -10.655
       2012 16.76666666667   39.73172   295.21661       0               -10.528
       2013 16.77500000000   39.82304   294.95781       0               -10.563
       2014 16.78333333333   39.91296   294.69759       0               -10.510
       2015 16.79166666667   40.00148   294.43596       0               -10.530
       2016 16.80000000000   40.08857   294.17293       0               -10.586
       2017 16.80833333333   40.17424   293.90852       0               -10.553
       2018 16.81666666667   40.25847   293.64273       0               -10.552
       2019 16.82500000000   40.34125   293.37559       0               -10.521
       2020 16.83333333333   40.42257   293.10712       0               -10.542
       2021 16.84166666667   40.50242   292.83731       0               -10.595
       2022 16.85000000000   40.58080   292.56619       0               -10.612
       2023 16.85833333333   40.65769   292.29378       0               -10.611
       2024 16.86666666667   40.73309   292.02010       0               -10.617
       2025 16.87500000000   40.80698   291.74515       0               -10.640
       2026 16.88333333333   40.87936   291.46895       0               -10.674
       2027 16.89166666667   40.95021   291.19153       0               -10.693
       2028 16.90000000000   41.01954   290.91289       0               -10.682
       2029 16.90833333333   41.08732   290.63307       0               -10.744
       2030 16.91666666667   41.15355   290.35208       0               -10.701
       2031 16.92500000000   41.21823   290.06993       0               -10.744
       2032 16.93333333333   41.28135   289.78664       0               -10.726
       2033 16.94166666667   41.34289   289.50224       0               -10.647
       2034 16.95000000000   41.40285   289.21675       0               -10.618
       2035 16.95833333333   41.46122   288.93018       0               -10.570
       2036 16.96666666667   41.51799   288.64256       0               -10.430
       2037 16.97500000000   41.57317   288.35391       0               -10.420
       2038 16.98333333333   41.62673   288.06425       0               -10.497
       2039 16.99166666667   41.67868   287.77360       0               -10.532
       2040 17.00000000000   41.72900   287.48199       0               -10.496
       2041 17.00833333333   41.77769   287.18943       0               -10.541
       2042 17.01666666667   41.82474   286.89595       0               -10.532
       2043 17.02500000000   41.87015   286.60157       0               -10.517
       2044 17.03333333333   41.91391   286.30632       0               -10.528
       2045 17.04166666667   41.95602   286.01022       0               -10.552
       2046 17.05000000000   41.99646   285.71330       0               -10.527
       2047 17.05833333333   42.03524   285.41557       0               -10.507
       2048 17.06666666667   42.07235   285.11707       0               -10.533
       2049 17.07500000000   42.10778   284.81781       0               -10.582
       2050 17.08333333333   42.14154   284.51783       0               -10.596
       2051 17.09166666667   42.17360   284.21715       0               -10.597
       2052 17.10000000000   42.20398   283.91580       0               -10.633
       2053 17.10833333333   42.23266   283.61379       0               -10.624
       2054 17.11666666667   42.25964   283.31116       0               -10.577
       2055 17.12500000000   42.28493   283.00794       0               -10.569
       2056 17.13333333333   42.30851   282.70415       0               -10.546
       2057 17.14166666667   42.33038   282.39981       0               -10.482
       2058 17.15000000000   42.35054   282.09495       0               -10.432
       2059 17.15833333333   42.36898   281.78961       0               -10.294
       2060 17.16666666667   42.38571   281.48380       0               -10.260
       2061 17.17500000000   42.40072   281.17756       0               -10.141
       2062 17.18333333333   42.41401   280.87092       0               -10.099
       2063 17.19166666667   42.42558   280.56389       0               -10.052
       2064 17.20000000000   42.43543   280.25651       0               -10.031
       2065 17.20833333333   42.44355   279.94880       0               -10.058
       2066 17.21666666667   42.44995   279.64080       0               -10.031
       2067 17.22500000000   42.45462   279.33252       0               -10.002
       2068 17.23333333333   42.45756   279.02401       0               -10.008
       2069 17.24166666667   42.45877   278.71528       0                -9.976
       2070 17.25000000000   42.45826   278.40637       0                -9.912
       2071 17.25833333333   42.45602   278.09730       0                -9.883
       2072 17.26666666667   42.45205   277.78810       0                -9.812
       2073 17.27500000000   42.44636   277.47880       0                -9.788
       2074 17.28333333333   42.43894   277.16942       0                -9.757
       2075 17.29166666667   42.42980   276.86000       0                -9.735
       2076 17.30000000000   42.41894   276.55055       0                -9.708
       2077 17.30833333333   42.40636   276.24112       0                -9.660
       2078 17.31666666667   42.39205   275.93172       0                -9.615
       2079 17.32500000000   42.37603   275.62239       0                -9.598
       2080 17.33333333333   42.35830   275.31314       0                -9.610
       2081 17.34166666667   42.33885   275.00402       0                -9.603
       2082 17.35000000000   42.31770   274.69504       0                -9.562
       2083 17.35833333333   42.29484   274.38623       0                -9.526
       2084 17.36666666667   42.27028   274.07762       0                -9.500
       2085 17.37500000000   42.24402   273.76923       0                -9.462
       2086 17.38333333333   42.21607   273.46110       0                -9.429
       2087 17.39166666667   42.18642   273.15324       0                -9.365
       2088 17.40000000000   42.15509   272.84569       0                -9.367
       2089 17.40833333333   42.12208   272.53846       0                -9.325
       2090 17.41666666667   42.08739   272.23159       0                -9.289
       2091 17.42500000000   42.05102   271.92510       0                -9.277
       2092 17.43333333333   42.01300   271.61901       0                -9.237
       2093 17.44166666667   41.97330   271.31335       0                -9.205
       2094 17.45000000000   41.93196   271.00814       0                -9.181
       2095 17.45833333333   41.88896   270.70342       0                -9.153
       2096 17.46666666667   41.84432   270.39919       0                -9.135
       2097 17.47500000000   41.79804   270.09549       0                -9.122
       2098 17.48333333333   41.75013   269.79233       0                -9.080
       2099 17.49166666667   41.70060   269.48975       0                -9.042
       2100 17.50000000000   41.64944   269.18776       0                -9.005
       2101 17.50833333333   41.59668   268.88638       0                -8.955
       2102 17.51666666667   41.54231   268.58564       0                -8.908
       2103 17.52500000000   41.48634   268.28556       0                -8.876
       2104 17.53333333333   41.42879   267.98616       0                -8.843
       2105 17.54166666667   41.36966   267.68746       0                -8.801
       2106 17.55000000000   41.30895   267.38948       0                -8.775
       2107 17.55833333333   41.24667   267.09224       0                -8.701
       2108 17.56666666667   41.18284   266.79576       0                -8.679
       2109 17.57500000000   41.11746   266.50007       0                -8.629
       2110 17.58333333333   41.05054   266.20517       0                -8.596
       2111 17.59166666667   40.98209   265.91108       0                -8.560
       2112 17.60000000000   40.91211   265.61784       0                -8.531
       2113 17.60833333333   40.84063   265.32544       0                -8.462
       2114 17.61666666667   40.76763   265.03392       0                -8.451
       2115 17.62500000000   40.69314   264.74328       0                -8.376
       2116 17.63333333333   40.61717   264.45355       0                -8.337
       2117 17.64166666667   40.53972   264.16474       0                -8.255
       2118 17.65000000000   40.46080   263.87686       0                -8.219
       2119 17.65833333333   40.38043   263.58993       0                -8.166
       2120 17.66666666667   40.29861   263.30397       0                -8.125
       2121 17.67500000000   40.21535   263.01899       0                -8.062
       2122 17.68333333333   40.13066   262.73500       0                -7.978
       2123 17.69166666667   40.04456   262.45202       0                -7.931
       2124 17.70000000000   39.95705   262.17006       0                -7.880
       2125 17.70833333333   39.86814   261.88913       0                -7.833
       2126 17.71666666667   39.77785   261.60925       0                -7.781
       2127 17.72500000000   39.68618   261.33042       0                -7.737
       2128 17.73333333333   39.59315   261.05267       0                -7.692
       2129 17.74166666667   39.49876   260.77599       0                -7.643
       2130 17.75000000000   39.40303   260.50041       0                -7.578
       2131 17.75833333333   39.30597   260.22593       0                -7.506
       2132 17.76666666667   39.20759   259.95255       0                -7.432
       2133 17.77500000000   39.10790   259.68030       0                -7.371
       2134 17.78333333333   39.00691   259.40918       0                -7.309
       2135 17.79166666667   38.90463   259.13920       0                -7.236
       2136 17.80000000000   38.80107   258.87036       0                -7.172
       2137 17.80833333333   38.69625   258.60268       0                -7.112
       2138 17.81666666667   38.59017   258.33616       0                -7.038
       2139 17.82500000000   38.48285   258.07081       0                -6.986
       2140 17.83333333333   38.37430   257.80664       0                -6.948
       2141 17.84166666667   38.26453   257.54365       0                -6.873
       2142 17.85000000000   38.15355   257.28184       0                -6.799
       2143 17.85833333333   38.04137   257.02124       0                -6.696
       2144 17.86666666667   37.92801   256.76183       0                -6.628
       2145 17.87500000000   37.81347   256.50362       0                -6.523
       2146 17.88333333333   37.69777   256.24663       0                -6.454
       2147 17.89166666667   37.58092   255.99085       0                -6.373
       2148 17.90000000000   37.46293   255.73628       0                -6.259
       2149 17.90833333333   37.34380   255.48294       0                -6.167
       2150 17.91666666667   37.22357   255.23082       0                -6.049
       2151 17.92500000000   37.10222   254.97992       0                -5.928
       2152 17.93333333333   36.97979   254.73026       0                -5.818
       2153 17.94166666667   36.85627   254.48183       0                -5.720
       2154 17.95000000000   36.73168   254.23463       0                -5.626
       2155 17.95833333333   36.60603   253.98867       0                -5.529
       2156 17.96666666667   36.47934   253.74395       0                -5.418
       2157 17.97500000000   36.35160   253.50046       0                -5.332
       2158 17.98333333333   36.22285   253.25821       0                -5.183
       2159 17.99166666667   36.09308   253.01720       0                -5.081
       2160 18.00000000000   35.96208   252.77772       0                -5.015
       2161 18.00833333333   35.83055   252.53890       0                -4.899
       2162 18.01666666667   35.69781   252.30161       0                -4.795
       2163 18.02500000000   35.56410   252.06555       0                -4.681
       2164 18.03333333333   35.42944   251.83073       0                -4.557
       2165 18.04166666667   35.29383   251.59715       0                -4.434
       2166 18.05000000000   35.15729   251.36481       0                -4.305
       2167 18.05833333333   35.01983   251.13370       0                -4.190
       2168 18.06666666667   34.88146   250.90382       0                -4.096
       2169 18.07500000000   34.74219   250.67517       0                -3.974
       2170 18.08333333333   34.60203   250.44774       0                -3.861
       2171 18.09166666667   34.46099   250.22155       0                -3.735
       2172 18.10000000000   34.31908   249.99657       0                -3.612
       2173 18.10833333333   34.17632   249.77281       0                -3.454
       2174 18.11666666667   34.03272   249.55027       0                -3.338
       2175 18.12500000000   33.88828   249.32894       0                -3.230
       2176 18.13333333333   33.74303   249.10882       0                -3.142
       2177 18.14166666667   33.59696   248.88991       0                -3.051
       2178 18.15000000000   33.45008   248.67219       0                -2.986
       2179 18.15833333333   33.30242   248.45568       0                -2.870
       2180 18.16666666667   33.15398   248.24036       0                -2.747
       2181 18.17500000000   33.00478   248.02623       0                -2.630
       2182 18.18333333333   32.85481   247.81328       0                -2.553
       2183 18.19166666667   32.70409   247.60151       0                -2.433
       2184 18.20000000000   32.55264   247.39092       0                -2.340
       2185 18.20833333333   32.40047   247.18149       0                -2.248
       2186 18.21666666667   32.24757   246.97323       0                -2.174
       2187 18.22500000000   32.09397   246.76613       0                -2.076
       2188 18.23333333333   31.93967   246.56019       0                -1.985
       2189 18.24166666667   31.78469   246.35539       0                -1.889
       2190 18.25000000000   31.62904   246.15174       0                -1.776
       2191 18.25833333333   31.47271   245.94922       0                -1.664
       2192 18.26666666667   31.31573   245.74784       0                -1.560
       2193 18.27500000000   31.15811   245.54758       0                -1.443
       2194 18.28333333333   30.99985   245.34843       0                -1.362
       2195 18.29166666667   30.84096   245.15041       0                -1.251
       2196 18.30000000000   30.68146   244.95348       0                -1.143
       2197 18.30833333333   30.52135   244.75766       0                -1.055
       2198 18.31666666667   30.36065   244.56293       0                -0.945
       2199 18.32500000000   30.19935   244.36929       0                -0.842
       2200 18.33333333333   30.03748   244.17673       0                -0.761
       2201 18.34166666667   29.87504   243.98525       0                -0.665
       2202 18.35000000000   29.71204   243.79483       0                -0.566
       2203 18.35833333333   29.54849   243.60547       0                -0.456
       2204 18.36666666667   29.38440   243.41716       0                -0.339
       2205 18.37500000000   29.21978   243.22990       0                -0.215
       2206 18.38333333333   29.05463   243.04368       0                -0.091
       2207 18.39166666667   28.88897   242.85848       0                 0.048
       2208 18.40000000000   28.72281   242.67432       0                 0.169
       2209 18.40833333333   28.55615   242.49117       0                 0.306
       2210 18.41666666667   28.38900   242.30903       0                 0.439
       2211 18.42500000000   28.22137   242.12789       0                 0.554
       2212 18.43333333333   28.05327   241.94775       0                 0.685
       2213 18.44166666667   27.88471   241.76860       0                 0.821
       2214 18.45000000000   27.71570   241.59043       0                 0.960
       2215 18.45833333333   27.54624   241.41322       0                 1.111
       2216 18.46666666667   27.37635   241.23699       0                 1.247
       2217 18.47500000000   27.20603   241.06171       0                 1.368
       2218 18.48333333333   27.03529   240.88738       0                 1.488
       2219 18.49166666667   26.86413   240.71400       0                 1.631
       2220 18.50000000000   26.69258   240.54155       0                 1.785
       2221 18.50833333333   26.52063   240.37002       0                 1.939
       2222 18.51666666667   26.34829   240.19941       0                 2.105
       2223 18.52500000000   26.17556   240.02972       0                 2.263
       2224 18.53333333333   26.00247   239.86093       0                 2.411
       2225 18.54166666667   25.82902   239.69304       0                 2.571
       2226 18.55000000000   25.65520   239.52603       0                 2.850
       2227 18.55833333333   25.48104   239.35990       0                 3.107
       2228 18.56666666667   25.30654   239.19465       0                 3.377
       2229 18.57500000000   25.13170   239.03026       0                 3.634
       2230 18.58333333333   24.95653   238.86673       0                 3.850
       2231 18.59166666667   24.78105   238.70404       0                 4.058
       2232 18.60000000000   24.60525   238.54220       0                 4.292
       2233 18.60833333333   24.42915   238.38119       0                 4.504
       2234 18.61666666667   24.25275   238.22101       0                 4.720
       2235 18.62500000000   24.07606   238.06165       0                 4.958
       2236 18.63333333333   23.89909   237.90309       0                 5.214
       2237 18.64166666667   23.72184   237.74534       0                 5.451
       2238 18.65000000000   23.54432   237.58838       0                 5.689
       2239 18.65833333333   23.36654   237.43221       0                 5.943
       2240 18.66666666667   23.18850   237.27682       0                 6.193
       2241 18.67500000000   23.01021   237.12219       0                 6.407
       2242 18.68333333333   22.83168   236.96834       0                 6.654
       2243 18.69166666667   22.65291   236.81523       0                 6.868
       2244 18.70000000000   22.47391   236.66288       0                 7.073
       2245 18.70833333333   22.29469   236.51126       0                 7.252
       2246 18.71666666667   22.11525   236.36038       0                 7.462
       2247 18.72500000000   21.93560   236.21022       0                 7.665
       2248 18.73333333333   21.75575   236.06078       0                 7.902
       2249 18.74166666667   21.57570   235.91205       0                 8.187
       2250 18.75000000000   21.39545   235.76402       0                 8.473
       2251 18.75833333333   21.21502   235.61668       0                 8.785
       2252 18.76666666667   21.03441   235.47003       0                 9.048
       2253 18.77500000000   20.85363   235.32406       0                 9.130
       2254 18.78333333333   20.67268   235.17876       0                 9.209
       2255 18.79166666667   20.49157   235.03413       0                 9.401
       2256 18.80000000000   20.31030   234.89015       0                 9.610
       2257 18.80833333333   20.12888   234.74682       0                 9.845
       2258 18.81666666667   19.94731   234.60413       0                10.163
       2259 18.82500000000   19.76561   234.46208       0                10.428
       2260 18.83333333333   19.58377   234.32065       0                10.718
       2261 18.84166666667   19.40181   234.17984       0                11.038
       2262 18.85000000000   19.21972   234.03964       0                11.253
       2263 18.85833333333   19.03751   233.90005       0                11.507
       2264 18.86666666667   18.85520   233.76105       0                11.728
       2265 18.87500000000   18.67277   233.62265       0                12.067
       2266 18.88333333333   18.49025   233.48483       0                12.297
       2267 18.89166666667   18.30763   233.34758       0                12.605
       2268 18.90000000000   18.12492   233.21090       0                12.857
       2269 18.90833333333   17.94213   233.07478       0                13.112
       2270 18.91666666667   17.75925   232.93922       0                13.348
       2271 18.92500000000   17.57630   232.80420       0                13.605
       2272 18.93333333333   17.39328   232.66973       0                13.863
       2273 18.94166666667   17.21020   232.53578       0                14.156
       2274 18.95000000000   17.02705   232.40237       0                14.393
       2275 18.95833333333   16.84385   232.26947       0                14.705
       2276 18.96666666667   16.66060   232.13708       0                14.923
       2277 18.97500000000   16.47730   232.00520       0                15.161
       2278 18.98333333333   16.29396   231.87381       0                15.413
       2279 18.99166666667   16.11059   231.74292       0                15.678
       2280 19.00000000000   15.92718   231.61251       0                16.015
       2281 19.00833333333   15.74375   231.48258       0                16.252
       2282 19.01666666667   15.56029   231.35312       0                16.552
       2283 19.02500000000   15.37682   231.22413       0                16.858
       2284 19.03333333333   15.19333   231.09559       0                17.128
       2285 19.04166666667   15.00983   230.96750       0                17.493
       2286 19.05000000000   14.82633   230.83986       0                17.834
       2287 19.05833333333   14.64283   230.71266       0                18.168
       2288 19.06666666667   14.45933   230.58588       0                18.440
       2289 19.07500000000   14.27584   230.45954       0                18.732
       2290 19.08333333333   14.09236   230.33361       0                19.006
       2291 19.09166666667   13.90890   230.20809       0                19.307
       2292 19.10000000000   13.72546   230.08297       0                19.686
       2293 19.10833333333   13.54204   229.95826       0                20.046
       2294 19.11666666667   13.35866   229.83394       0                20.461
       2295 19.12500000000   13.17530   229.71000       0                20.860
       2296 19.13333333333   12.99199   229.58644       0                21.324
       2297 19.14166666667   12.80871   229.46326       0                21.669
       2298 19.15000000000   12.62548   229.34044       0                22.059
       2299 19.15833333333   12.44230   229.21799       0                22.437
       2300 19.16666666667   12.25918   229.09589       0                22.931
       2301 19.17500000000   12.07611   228.97414       0                23.386
       2302 19.18333333333   11.89309   228.85273       0                23.786
       2303 19.19166666667   11.71015   228.73166       0                24.184
       2304 19.20000000000   11.52727   228.61092       0                24.639
       2305 19.20833333333   11.34446   228.49051       0                25.052
       2306 19.21666666667   11.16173   228.37041       0                25.621
       2307 19.22500000000   10.97908   228.25063       0                26.102
       2308 19.23333333333   10.79651   228.13115       0                26.528
       2309 19.24166666667   10.61403   228.01197       0                27.076
       2310 19.25000000000   10.43164   227.89309       0                27.618
       2311 19.25833333333   10.24934   227.77450       0                28.114
       2312 19.26666666667   10.06713   227.65619       0                28.635
       2313 19.27500000000    9.88503   227.53816       0                29.222
       2314 19.28333333333    9.70303   227.42040       0                29.870
       2315 19.29166666667    9.52114   227.30291       0                30.538
       2316 19.30000000000    9.33936   227.18568       0                31.183
       2317 19.30833333333    9.15770   227.06870       0                31.840
       2318 19.31666666667    8.97615   226.95197       0                32.456
       2319 19.32500000000    8.79472   226.83549       0                33.230
       2320 19.33333333333    8.61342   226.71924       0                34.010
       2321 19.34166666667    8.43224   226.60323       0                34.739
       2322 19.35000000000    8.25119   226.48744       0                35.489
       2323 19.35833333333    8.07028   226.37188       0                36.173
       2324 19.36666666667    7.88950   226.25653       0                36.855
       2325 19.37500000000    7.70887   226.14139       0                37.541
       2326 19.38333333333    7.52838   226.02646       0                38.226
       2327 19.39166666667    7.34803   225.91173       0                39.014
       2328 19.40000000000    7.16783   225.79719       0                39.914
       2329 19.40833333333    6.98779   225.68285       0                40.878
       2330 19.41666666667    6.80790   225.56868       0                41.868
       2331 19.42500000000    6.62817   225.45470       0                42.934
       2332 19.43333333333    6.44860   225.34089       0                43.984
       2333 19.44166666667    6.26920   225.22725       0                45.165
       2334 19.45000000000    6.08996   225.11377       0                46.396
       2335 19.45833333333    5.91089   225.00045       0                47.656
       2336 19.46666666667    5.73200   224.88729       0                48.992
       2337 19.47500000000    5.55328   224.77427       0                50.353
       2338 19.48333333333    5.37475   224.66140       0                51.658
       2339 19.49166666667    5.19639   224.54866       0                53.000
       2340 19.50000000000    5.01822   224.43606       0                54.361
