# Created on 2018-12-12 16:17:52 
# Sources: d:\gpsother\tec-suite\in\2015\abcd0770.15d.Z, d:\gpsother\tec-suite\in\2015\brdc0770.15g.Z
# Satellite: R10 (k = -7.0)
# Interval: 30.0
# Sampling interval: 0.0 (not used).
# Site: abcd
# Position (L, B, H): 253.601641965, 52.1962622634, 578.574894483
# Position (X, Y, Z): -1106129.71, -3758704.03, 5016675.77
# datetime format: %Y-%m-%dT%H:%M:%S
# Columns: tsn, hour, el, az, validity, tec.l1l2
# (I11,1X,F14.11,1X,F10.5,1X,F11.5,1X,I7,1X,F21.3)
        332  2.76666666667    5.32072   313.74905       0               -16.490
        333  2.77500000000    5.53613   313.84437    4432                 0.000
        334  2.78333333333    5.75186   313.93921       0               -15.946
        335  2.79166666667    5.96790   314.03357       0               -15.531
        336  2.80000000000    6.18426   314.12746       0               -15.571
        337  2.80833333333    6.40094   314.22087       0               -15.929
        338  2.81666666667    6.61794   314.31381       0               -16.383
        339  2.82500000000    6.83525   314.40627       0               -17.473
        340  2.83333333333    7.05289   314.49825       0               -17.617
        341  2.84166666667    7.27084   314.58977       0               -17.289
        342  2.85000000000    7.48911   314.68080       0               -17.372
        343  2.85833333333    7.70770   314.77137       0               -17.719
        344  2.86666666667    7.92662   314.86146       0               -17.938
        345  2.87500000000    8.14585   314.95107       0               -17.376
        346  2.88333333333    8.36540   315.04022       0               -18.269
        347  2.89166666667    8.58528   315.12889       0               -18.779
        348  2.90000000000    8.80548   315.21708       0               -19.121
        349  2.90833333333    9.02601   315.30481       0               -19.530
        350  2.91666666667    9.24686   315.39206       0               -19.532
        351  2.92500000000    9.46803   315.47884       0               -19.584
        352  2.93333333333    9.68953   315.56514       0               -20.113
        353  2.94166666667    9.91136   315.65098       0               -19.913
        354  2.95000000000   10.13352   315.73634       0               -20.154
        355  2.95833333333   10.35600   315.82122       0               -20.807
        356  2.96666666667   10.57882   315.90564       0               -21.125
        357  2.97500000000   10.80196   315.98958       0               -21.159
        358  2.98333333333   11.02544   316.07305       0               -20.866
        359  2.99166666667   11.24926   316.15605       0               -20.263
        360  3.00000000000   11.47340   316.23857       0               -19.888
        361  3.00833333333   11.69467   316.29598       0               -20.097
        362  3.01666666667   11.91967   316.37686       0               -20.187
        363  3.02500000000   12.14499   316.45710       0               -20.331
        364  3.03333333333   12.37062   316.53670       0               -20.619
        365  3.04166666667   12.59656   316.61566       0               -20.964
        366  3.05000000000   12.82281   316.69397       0               -21.478
        367  3.05833333333   13.04938   316.77163       0               -21.901
        368  3.06666666667   13.27626   316.84865       0               -21.927
        369  3.07500000000   13.50345   316.92501       0               -21.871
        370  3.08333333333   13.73095   317.00072       0               -20.623
        371  3.09166666667   13.95877   317.07577       0               -19.054
        372  3.10000000000   14.18690   317.15017       0               -19.549
        373  3.10833333333   14.41534   317.22390       0               -21.124
        374  3.11666666667   14.64409   317.29698       0               -22.370
        375  3.12500000000   14.87316   317.36938       0               -23.130
        376  3.13333333333   15.10254   317.44112       0               -23.307
        377  3.14166666667   15.33223   317.51219       0               -23.377
        378  3.15000000000   15.56224   317.58259       0               -23.617
        379  3.15833333333   15.79256   317.65232       0               -23.926
        380  3.16666666667   16.02319   317.72136       0               -24.253
        381  3.17500000000   16.25414   317.78972       0               -24.220
        382  3.18333333333   16.48540   317.85741       0               -24.037
        383  3.19166666667   16.71698   317.92440       0               -23.819
        384  3.20000000000   16.94887   317.99070       0               -23.586
        385  3.20833333333   17.18108   318.05632       0               -23.615
        386  3.21666666667   17.41361   318.12123       0               -23.510
        387  3.22500000000   17.64645   318.18545       0               -23.317
        388  3.23333333333   17.87961   318.24897       0               -23.231
        389  3.24166666667   18.11309   318.31178       0               -23.096
        390  3.25000000000   18.34689   318.37388       0               -22.812
        391  3.25833333333   18.58100   318.43527       0               -22.966
        392  3.26666666667   18.81544   318.49595       0               -23.073
        393  3.27500000000   19.05020   318.55590       0               -23.194
        394  3.28333333333   19.28528   318.61513       0               -23.373
        395  3.29166666667   19.52068   318.67364       0               -23.701
        396  3.30000000000   19.75641   318.73141       0               -24.117
        397  3.30833333333   19.99246   318.78845       0               -24.409
        398  3.31666666667   20.22883   318.84475       0               -24.682
        399  3.32500000000   20.46553   318.90031       0               -24.798
        400  3.33333333333   20.70256   318.95512       0               -24.977
        401  3.34166666667   20.93992   319.00918       0               -25.368
        402  3.35000000000   21.17760   319.06248       0               -25.650
        403  3.35833333333   21.41562   319.11503       0               -25.862
        404  3.36666666667   21.65396   319.16680       0               -25.869
        405  3.37500000000   21.89264   319.21781       0               -26.104
        406  3.38333333333   22.13164   319.26804       0               -26.242
        407  3.39166666667   22.37099   319.31749       0               -26.040
        408  3.40000000000   22.61066   319.36616       0               -26.130
        409  3.40833333333   22.85068   319.41404       0               -26.412
        410  3.41666666667   23.09103   319.46112       0               -26.582
        411  3.42500000000   23.33172   319.50740       0               -26.703
        412  3.43333333333   23.57274   319.55287       0               -26.700
        413  3.44166666667   23.81411   319.59754       0               -26.834
        414  3.45000000000   24.05582   319.64138       0               -26.865
        415  3.45833333333   24.29788   319.68440       0               -26.890
        416  3.46666666667   24.54027   319.72659       0               -27.084
        417  3.47500000000   24.78301   319.76794       0               -27.188
        418  3.48333333333   25.02610   319.80846       0               -27.274
        419  3.49166666667   25.26954   319.84812       0               -27.274
        420  3.50000000000   25.51333   319.88693       0               -27.247
        421  3.50833333333   25.74923   319.91047       0               -27.167
        422  3.51666666667   25.99368   319.94677       0               -27.262
        423  3.52500000000   26.23838   319.98208       0               -27.283
        424  3.53333333333   26.48331   320.01641       0               -27.279
        425  3.54166666667   26.72849   320.04973       0               -27.347
        426  3.55000000000   26.97389   320.08205       0               -27.417
        427  3.55833333333   27.21954   320.11335       0               -27.503
        428  3.56666666667   27.46542   320.14362       0               -27.561
        429  3.57500000000   27.71154   320.17285       0               -27.654
        430  3.58333333333   27.95789   320.20104       0               -27.722
        431  3.59166666667   28.20448   320.22817       0               -27.835
        432  3.60000000000   28.45130   320.25424       0               -27.838
        433  3.60833333333   28.69836   320.27923       0               -27.922
        434  3.61666666667   28.94564   320.30313       0               -28.050
        435  3.62500000000   29.19317   320.32594       0               -28.068
        436  3.63333333333   29.44092   320.34764       0               -28.165
        437  3.64166666667   29.68891   320.36822       0               -28.235
        438  3.65000000000   29.93712   320.38767       0               -28.344
        439  3.65833333333   30.18557   320.40598       0               -28.361
        440  3.66666666667   30.43425   320.42314       0               -28.288
        441  3.67500000000   30.68315   320.43913       0               -28.232
        442  3.68333333333   30.93229   320.45394       0               -28.255
        443  3.69166666667   31.18165   320.46757       0               -28.205
        444  3.70000000000   31.43125   320.47999       0               -28.275
        445  3.70833333333   31.68107   320.49120       0               -28.268
        446  3.71666666667   31.93111   320.50117       0               -28.292
        447  3.72500000000   32.18138   320.50991       0               -28.438
        448  3.73333333333   32.43188   320.51739       0               -28.564
        449  3.74166666667   32.68260   320.52360       0               -28.526
        450  3.75000000000   32.92517   320.52838       0               -28.575
        451  3.75833333333   33.18471   320.53215       0               -28.583
        452  3.76666666667   33.43609   320.53447       0               -28.464
        453  3.77500000000   33.68770   320.53545       0               -28.486
        454  3.78333333333   33.93953   320.53509       0               -28.512
        455  3.79166666667   34.19158   320.53337       0               -28.508
        456  3.80000000000   34.44384   320.53028       0               -28.532
        457  3.80833333333   34.69632   320.52579       0               -28.439
        458  3.81666666667   34.94902   320.51989       0               -28.477
        459  3.82500000000   35.20193   320.51256       0               -28.412
        460  3.83333333333   35.45505   320.50379       0               -28.357
        461  3.84166666667   35.70839   320.49355       0               -28.325
        462  3.85000000000   35.96193   320.48183       0               -28.348
        463  3.85833333333   36.21568   320.46862       0               -28.222
        464  3.86666666667   36.46964   320.45388       0               -28.167
        465  3.87500000000   36.72381   320.43760       0               -28.192
        466  3.88333333333   36.97818   320.41977       0               -28.078
        467  3.89166666667   37.23275   320.40036       0               -28.007
        468  3.90000000000   37.48753   320.37934       0               -27.904
        469  3.90833333333   37.74250   320.35670       0               -27.842
        470  3.91666666667   37.99767   320.33242       0               -27.989
        471  3.92500000000   38.25303   320.30648       0               -28.050
        472  3.93333333333   38.50858   320.27884       0               -28.074
        473  3.94166666667   38.76433   320.24949       0               -27.994
        474  3.95000000000   39.02026   320.21841       0               -28.027
        475  3.95833333333   39.27637   320.18557       0               -28.144
        476  3.96666666667   39.53267   320.15094       0               -28.239
        477  3.97500000000   39.78915   320.11450       0               -28.234
        478  3.98333333333   40.04580   320.07622       0               -28.257
        479  3.99166666667   40.30263   320.03608       0               -28.202
        480  4.00000000000   40.55105   319.99548       0               -28.228
        481  4.00833333333   40.79192   319.95091       0               -28.279
        482  4.01666666667   41.04894   319.90436       0               -28.258
        483  4.02500000000   41.30595   319.85584       0               -28.338
        484  4.03333333333   41.56294   319.80533       0               -28.392
        485  4.04166666667   41.81991   319.75278       0               -28.478
        486  4.05000000000   42.07686   319.69818       0               -28.567
        487  4.05833333333   42.33378   319.64149       0               -28.622
        488  4.06666666667   42.59067   319.58268       0               -28.670
        489  4.07500000000   42.84751   319.52171       0               -28.674
        490  4.08333333333   43.10430   319.45856       0               -28.721
        491  4.09166666667   43.36104   319.39319       0               -28.756
        492  4.10000000000   43.61773   319.32556       0               -28.716
        493  4.10833333333   43.87434   319.25565       0               -28.853
        494  4.11666666667   44.13089   319.18341       0               -29.028
        495  4.12500000000   44.38736   319.10880       0               -29.092
        496  4.13333333333   44.64374   319.03180       0               -29.135
        497  4.14166666667   44.90003   318.95236       0               -29.208
        498  4.15000000000   45.15622   318.87045       0               -29.236
        499  4.15833333333   45.41231   318.78602       0               -29.270
        500  4.16666666667   45.66828   318.69903       0               -29.248
        501  4.17500000000   45.92412   318.60944       0               -29.192
        502  4.18333333333   46.17984   318.51721       0               -29.204
        503  4.19166666667   46.43542   318.42230       0               -29.254
        504  4.20000000000   46.69085   318.32465       0               -29.299
        505  4.20833333333   46.94613   318.22423       0               -29.334
        506  4.21666666667   47.20124   318.12100       0               -29.405
        507  4.22500000000   47.45617   318.01489       0               -29.408
        508  4.23333333333   47.71092   317.90586       0               -29.483
        509  4.24166666667   47.96548   317.79387       0               -29.556
        510  4.25000000000   48.21136   317.68275       0               -29.616
        511  4.25833333333   48.47397   317.56079       0               -29.767
        512  4.26666666667   48.72788   317.43959       0               -29.782
        513  4.27500000000   48.98155   317.31522       0               -29.865
        514  4.28333333333   49.23497   317.18761       0               -29.848
        515  4.29166666667   49.48813   317.05673       0               -29.850
        516  4.30000000000   49.74101   316.92249       0               -29.810
        517  4.30833333333   49.99361   316.78486       0               -29.748
        518  4.31666666667   50.24591   316.64376       0               -29.674
        519  4.32500000000   50.49789   316.49914       0               -29.746
        520  4.33333333333   50.74955   316.35093       0               -29.788
        521  4.34166666667   51.00086   316.19908       0               -29.812
        522  4.35000000000   51.25181   316.04350       0               -29.685
        523  4.35833333333   51.50240   315.88415       0               -29.699
        524  4.36666666667   51.75259   315.72095       0               -29.710
        525  4.37500000000   52.00238   315.55383       0               -29.654
        526  4.38333333333   52.25175   315.38272       0               -29.524
        527  4.39166666667   52.50067   315.20755       0               -29.613
        528  4.40000000000   52.74914   315.02824       0               -29.675
        529  4.40833333333   52.99713   314.84472       0               -29.700
        530  4.41666666667   53.24463   314.65692       0               -29.824
        531  4.42500000000   53.49162   314.46475       0               -29.742
        532  4.43333333333   53.73806   314.26813       0               -29.744
        533  4.44166666667   53.98396   314.06699       0               -29.726
        534  4.45000000000   54.22927   313.86124       0               -29.717
        535  4.45833333333   54.47399   313.65080       0               -29.723
        536  4.46666666667   54.71808   313.43557       0               -29.670
        537  4.47500000000   54.96152   313.21548       0               -29.749
        538  4.48333333333   55.20430   312.99043       0               -29.776
        539  4.49166666667   55.44638   312.76034       0               -29.826
        540  4.50000000000   55.67970   312.53303       0               -29.663
        541  4.50833333333   55.89966   312.32543       0               -29.333
        542  4.51666666667   56.13908   312.07969       0               -29.135
        543  4.52500000000   56.37757   311.82875       0               -29.196
        544  4.53333333333   56.61509   311.57254       0               -29.192
        545  4.54166666667   56.85162   311.31095       0               -29.087
        546  4.55000000000   57.08712   311.04390       0               -29.122
        547  4.55833333333   57.32157   310.77128       0               -29.178
        548  4.56666666667   57.55494   310.49300       0               -29.278
        549  4.57500000000   57.78720   310.20897       0               -29.375
        550  4.58333333333   58.01831   309.91907       0               -29.333
        551  4.59166666667   58.24824   309.62322       0               -29.238
        552  4.60000000000   58.47696   309.32131       0               -28.907
        553  4.60833333333   58.70443   309.01323       0               -28.954
        554  4.61666666667   58.93063   308.69889       0               -29.134
        555  4.62500000000   59.15550   308.37818       0               -29.268
        556  4.63333333333   59.37902   308.05100       0               -29.486
        557  4.64166666667   59.60114   307.71723       0               -29.584
        558  4.65000000000   59.82183   307.37678       0               -29.551
        559  4.65833333333   60.04105   307.02954       0               -29.278
        560  4.66666666667   60.25874   306.67539       0               -29.343
        561  4.67500000000   60.47489   306.31424       0               -29.464
        562  4.68333333333   60.68943   305.94597       0               -29.466
        563  4.69166666667   60.90232   305.57048       0               -29.255
        564  4.70000000000   61.11352   305.18766       0               -29.112
        565  4.70833333333   61.32298   304.79741       0               -28.991
        566  4.71666666667   61.53065   304.39961       0               -28.902
        567  4.72500000000   61.73649   303.99417       0               -29.059
        568  4.73333333333   61.94044   303.58098       0               -29.043
        569  4.74166666667   62.14245   303.15994       0               -28.440
        570  4.75000000000   62.34247   302.73095       0               -28.590
        571  4.75833333333   62.54045   302.29390       0               -28.836
        572  4.76666666667   62.73632   301.84871       0               -28.923
        573  4.77500000000   62.93004   301.39527       0               -28.751
        574  4.78333333333   63.12155   300.93351       0               -29.006
        575  4.79166666667   63.31079   300.46332       0               -28.777
        576  4.80000000000   63.49769   299.98462       0               -29.144
        577  4.80833333333   63.68221   299.49734       0               -29.279
        578  4.81666666667   63.86426   299.00140       0               -28.650
        579  4.82500000000   64.04381   298.49672       0               -29.322
        580  4.83333333333   64.22077   297.98324       0               -29.392
        581  4.84166666667   64.39509   297.46090       0               -29.382
        582  4.85000000000   64.56669   296.92964       0               -29.480
        583  4.85833333333   64.73552   296.38942       0               -29.370
        584  4.86666666667   64.90150   295.84018       0               -29.413
        585  4.87500000000   65.06457   295.28191       0               -29.460
        586  4.88333333333   65.22466   294.71457       0               -29.599
        587  4.89166666667   65.38169   294.13815       0               -29.453
        588  4.90000000000   65.53559   293.55264       0               -29.433
        589  4.90833333333   65.68630   292.95803       0               -29.392
        590  4.91666666667   65.83373   292.35435       0               -29.354
        591  4.92500000000   65.97783   291.74160       0               -29.145
        592  4.93333333333   66.11851   291.11983       0               -29.187
        593  4.94166666667   66.25571   290.48909       0               -29.020
        594  4.95000000000   66.38935   289.84941       0               -28.187
        595  4.95833333333   66.51935   289.20089       0               -28.054
        596  4.96666666667   66.64564   288.54359       0               -27.719
        597  4.97500000000   66.76815   287.87762       0               -28.294
        598  4.98333333333   66.88681   287.20309       0               -28.663
        599  4.99166666667   67.00155   286.52011       0               -28.467
        600  5.00000000000   67.11229   285.82884       0               -29.066
        601  5.00833333333   67.22530   285.19852       0               -28.022
        602  5.01666666667   67.32767   284.49159       0               -28.852
        603  5.02500000000   67.42589   283.77732       0               -28.825
        604  5.03333333333   67.51990   283.05593       0               -28.777
        605  5.04166666667   67.60964   282.32761       0               -28.849
        606  5.05000000000   67.69504   281.59260       0               -28.306
        607  5.05833333333   67.77607   280.85112       0               -27.689
        608  5.06666666667   67.85265   280.10343       0               -27.601
        609  5.07500000000   67.92474   279.34981       0               -27.674
        610  5.08333333333   67.99228   278.59052       0               -27.866
        611  5.09166666667   68.05523   277.82586       0               -27.980
        612  5.10000000000   68.11355   277.05614       0               -27.734
        613  5.10833333333   68.16718   276.28168       0               -28.072
        614  5.11666666667   68.21609   275.50280       0               -28.023
        615  5.12500000000   68.26023   274.71985       0               -28.010
        616  5.13333333333   68.29958   273.93317       0               -28.340
        617  5.14166666667   68.33410   273.14314       0               -28.449
        618  5.15000000000   68.36376   272.35012       0               -28.189
        619  5.15833333333   68.38853   271.55448       0               -28.177
        620  5.16666666667   68.40839   270.75662       0               -28.480
        621  5.17500000000   68.42333   269.95692       0               -28.869
        622  5.18333333333   68.43332   269.15578       0               -28.877
        623  5.19166666667   68.43835   268.35360       0               -28.584
        624  5.20000000000   68.43842   267.55078       0               -27.961
        625  5.20833333333   68.43351   266.74772       0               -28.141
        626  5.21666666667   68.42362   265.94484       0               -28.378
        627  5.22500000000   68.40876   265.14253       0               -28.543
        628  5.23333333333   68.38893   264.34120       0               -28.951
        629  5.24166666667   68.36414   263.54124       0               -28.761
        630  5.25000000000   68.33440   262.74305       0               -29.020
        631  5.25833333333   68.29972   261.94703       0               -29.168
        632  5.26666666667   68.26012   261.15356       0               -29.659
        633  5.27500000000   68.21563   260.36301       0               -29.928
        634  5.28333333333   68.16626   259.57576       0               -29.907
        635  5.29166666667   68.11206   258.79216       0               -30.051
        636  5.30000000000   68.05304   258.01258       0               -29.862
        637  5.30833333333   67.98924   257.23734       0               -29.609
        638  5.31666666667   67.92070   256.46679       0               -29.164
        639  5.32500000000   67.84747   255.70124       0               -29.206
        640  5.33333333333   67.76957   254.94099       0               -29.464
        641  5.34166666667   67.68706   254.18634       0               -29.617
        642  5.35000000000   67.59998   253.43756       0               -29.615
        643  5.35833333333   67.50839   252.69494       0               -29.347
        644  5.36666666667   67.41232   251.95871       0               -29.214
        645  5.37500000000   67.31185   251.22912       0               -29.240
        646  5.38333333333   67.20702   250.50639       0               -29.358
        647  5.39166666667   67.09789   249.79073       0               -29.232
        648  5.40000000000   66.98451   249.08233       0               -29.068
        649  5.40833333333   66.86696   248.38139       0               -29.123
        650  5.41666666667   66.74528   247.68805       0               -29.180
        651  5.42500000000   66.61954   247.00249       0               -29.059
        652  5.43333333333   66.48981   246.32483       0               -28.945
        653  5.44166666667   66.35614   245.65521       0               -28.984
        654  5.45000000000   66.21861   244.99373       0               -28.853
        655  5.45833333333   66.07727   244.34049       0               -29.308
        656  5.46666666667   65.93220   243.69558       0               -29.421
        657  5.47500000000   65.78346   243.05907       0               -29.353
        658  5.48333333333   65.63111   242.43103       0               -29.386
        659  5.49166666667   65.47523   241.81151       0               -29.314
        660  5.50000000000   65.31588   241.20054       0               -29.149
        661  5.50833333333   65.18365   240.58997       0               -29.228
        662  5.51666666667   65.01741   239.99624       0               -29.198
        663  5.52500000000   64.84811   239.41107       0               -28.991
        664  5.53333333333   64.67581   238.83442       0               -28.888
        665  5.54166666667   64.50057   238.26628       0               -29.012
        666  5.55000000000   64.32244   237.70661       0               -28.807
        667  5.55833333333   64.14150   237.15538       0               -28.886
        668  5.56666666667   63.95780   236.61253       0               -28.824
        669  5.57500000000   63.77141   236.07802       0               -28.833
        670  5.58333333333   63.58237   235.55180       0               -28.991
        671  5.59166666667   63.39076   235.03379       0               -29.074
        672  5.60000000000   63.19663   234.52393       0               -28.846
        673  5.60833333333   63.00003   234.02215       0               -28.762
        674  5.61666666667   62.80102   233.52839       0               -28.872
        675  5.62500000000   62.59966   233.04255       0               -28.868
        676  5.63333333333   62.39600   232.56456       0               -28.800
        677  5.64166666667   62.19010   232.09433       0               -29.001
        678  5.65000000000   61.98200   231.63179       0               -28.980
        679  5.65833333333   61.77176   231.17683       0               -28.926
        680  5.66666666667   61.55942   230.72936       0               -29.101
        681  5.67500000000   61.34505   230.28931       0               -28.856
        682  5.68333333333   61.12869   229.85656       0               -29.114
        683  5.69166666667   60.91038   229.43103       0               -28.962
        684  5.70000000000   60.69017   229.01261       0               -29.031
        685  5.70833333333   60.46811   228.60122       0               -28.968
        686  5.71666666667   60.24424   228.19674       0               -28.942
        687  5.72500000000   60.01861   227.79909       0               -28.913
        688  5.73333333333   59.79127   227.40817       0               -28.867
        689  5.74166666667   59.56225   227.02387       0               -28.791
        690  5.75000000000   59.33159   226.64609       0               -29.033
        691  5.75833333333   59.09934   226.27475       0               -28.901
        692  5.76666666667   58.86553   225.90972       0               -28.991
        693  5.77500000000   58.63022   225.55093       0               -28.940
        694  5.78333333333   58.39342   225.19827       0               -28.961
        695  5.79166666667   58.15519   224.85164       0               -29.069
        696  5.80000000000   57.91555   224.51095       0               -28.989
        697  5.80833333333   57.67455   224.17609       0               -28.777
        698  5.81666666667   57.43222   223.84699       0               -28.566
        699  5.82500000000   57.18859   223.52353       0               -28.470
        700  5.83333333333   56.94371   223.20562       0               -28.608
        701  5.84166666667   56.69759   222.89318       0               -28.686
        702  5.85000000000   56.45027   222.58611       0               -28.593
        703  5.85833333333   56.20179   222.28432       0               -28.459
        704  5.86666666667   55.95218   221.98773       0               -28.319
        705  5.87500000000   55.70146   221.69623       0               -28.361
        706  5.88333333333   55.44967   221.40976       0               -28.463
        707  5.89166666667   55.19683   221.12821       0               -28.595
        708  5.90000000000   54.94298   220.85150       0               -28.589
        709  5.90833333333   54.68814   220.57956       0               -28.587
        710  5.91666666667   54.43234   220.31230       0               -28.592
        711  5.92500000000   54.17560   220.04963       0               -28.509
        712  5.93333333333   53.91796   219.79148       0               -28.547
        713  5.94166666667   53.65943   219.53777       0               -28.500
        714  5.95000000000   53.40004   219.28843       0               -28.547
        715  5.95833333333   53.13982   219.04336       0               -28.629
        716  5.96666666667   52.87880   218.80252       0               -28.750
        717  5.97500000000   52.61698   218.56580       0               -28.921
        718  5.98333333333   52.35441   218.33316       0               -29.055
        719  5.99166666667   52.09110   218.10451       0               -29.121
        720  6.00000000000   51.82706   217.87978       0               -29.190
        721  6.00833333333   51.57622   217.60024       0               -29.164
        722  6.01666666667   51.31074   217.38355       0               -29.267
        723  6.02500000000   51.04474   217.17023       0               -29.123
        724  6.03333333333   50.77825   216.96022       0               -29.054
        725  6.04166666667   50.51129   216.75345       0               -29.055
        726  6.05000000000   50.24387   216.54988       0               -29.160
        727  6.05833333333   49.97600   216.34944       0               -29.101
        728  6.06666666667   49.70770   216.15208       0               -29.156
        729  6.07500000000   49.43899   215.95774       0               -29.238
        730  6.08333333333   49.16987   215.76636       0               -29.308
        731  6.09166666667   48.90037   215.57790       0               -29.206
        732  6.10000000000   48.63049   215.39229       0               -29.253
        733  6.10833333333   48.36025   215.20950       0               -29.237
        734  6.11666666667   48.08966   215.02947       0               -29.326
        735  6.12500000000   47.81873   214.85215       0               -29.445
        736  6.13333333333   47.54748   214.67749       0               -29.372
        737  6.14166666667   47.27592   214.50544       0               -29.412
        738  6.15000000000   47.00406   214.33597       0               -29.341
        739  6.15833333333   46.73192   214.16902       0               -29.395
        740  6.16666666667   46.45949   214.00456       0               -29.446
        741  6.17500000000   46.18680   213.84253       0               -29.447
        742  6.18333333333   45.91386   213.68290       0               -29.492
        743  6.19166666667   45.64068   213.52563       0               -29.443
        744  6.20000000000   45.36726   213.37067       0               -29.504
        745  6.20833333333   45.09362   213.21799       0               -29.494
        746  6.21666666667   44.81977   213.06755       0               -29.622
        747  6.22500000000   44.54572   212.91930       0               -29.611
        748  6.23333333333   44.27148   212.77322       0               -29.653
        749  6.24166666667   43.99705   212.62926       0               -29.606
        750  6.25000000000   43.73161   212.49209       0               -29.670
        751  6.25833333333   43.44770   212.34759       0               -29.527
        752  6.26666666667   43.17278   212.20980       0               -29.499
        753  6.27500000000   42.89773   212.07400       0               -29.441
        754  6.28333333333   42.62253   211.94016       0               -29.478
        755  6.29166666667   42.34721   211.80825       0               -29.481
        756  6.30000000000   42.07178   211.67822       0               -29.446
        757  6.30833333333   41.79623   211.55006       0               -29.392
        758  6.31666666667   41.52058   211.42373       0               -29.339
        759  6.32500000000   41.24484   211.29920       0               -29.432
        760  6.33333333333   40.96901   211.17645       0               -29.495
        761  6.34166666667   40.69311   211.05545       0               -29.553
        762  6.35000000000   40.41714   210.93616       0               -29.692
        763  6.35833333333   40.14110   210.81857       0               -29.751
        764  6.36666666667   39.86502   210.70264       0               -29.700
        765  6.37500000000   39.58888   210.58835       0               -29.788
        766  6.38333333333   39.31271   210.47567       0               -29.747
        767  6.39166666667   39.03650   210.36458       0               -29.694
        768  6.40000000000   38.76027   210.25506       0               -29.848
        769  6.40833333333   38.48402   210.14708       0               -29.691
        770  6.41666666667   38.20777   210.04062       0               -29.753
        771  6.42500000000   37.93150   209.93565       0               -29.625
        772  6.43333333333   37.65524   209.83215       0               -29.648
        773  6.44166666667   37.37899   209.73010       0               -29.672
        774  6.45000000000   37.10275   209.62948       0               -29.808
        775  6.45833333333   36.82654   209.53027       0               -29.767
        776  6.46666666667   36.55035   209.43245       0               -30.061
        777  6.47500000000   36.27420   209.33599       0               -29.988
        778  6.48333333333   35.99809   209.24088       0               -29.907
        779  6.49166666667   35.72202   209.14709       0               -29.492
        780  6.50000000000   35.45521   209.05767       0               -29.652
        781  6.50833333333   35.19300   208.91331       0               -29.544
        782  6.51666666667   34.91707   208.82325       0               -29.439
        783  6.52500000000   34.64129   208.73409       0               -29.608
        784  6.53333333333   34.36568   208.64582       0               -29.683
        785  6.54166666667   34.09022   208.55842       0               -29.702
        786  6.55000000000   33.81493   208.47188       0               -29.694
        787  6.55833333333   33.53980   208.38618       0               -29.690
        788  6.56666666667   33.26485   208.30132       0               -29.749
        789  6.57500000000   32.99007   208.21727       0               -29.792
        790  6.58333333333   32.71547   208.13404       0               -29.666
        791  6.59166666667   32.44104   208.05160       0               -29.402
        792  6.60000000000   32.16680   207.96994       0               -28.999
        793  6.60833333333   31.89274   207.88906       0               -28.941
        794  6.61666666667   31.61888   207.80894       0               -28.864
        795  6.62500000000   31.34520   207.72957       0               -28.732
        796  6.63333333333   31.07172   207.65094       0               -28.610
        797  6.64166666667   30.79843   207.57304       0               -28.480
        798  6.65000000000   30.52535   207.49585       0               -28.433
        799  6.65833333333   30.25246   207.41938       0               -28.320
        800  6.66666666667   29.97978   207.34360       0               -28.202
        801  6.67500000000   29.70730   207.26852       0               -28.303
        802  6.68333333333   29.43504   207.19411       0               -28.299
        803  6.69166666667   29.16299   207.12037       0               -28.259
        804  6.70000000000   28.89115   207.04729       0               -28.097
        805  6.70833333333   28.61952   206.97486       0               -28.050
        806  6.71666666667   28.34812   206.90307       0               -27.882
        807  6.72500000000   28.07694   206.83191       0               -27.937
        808  6.73333333333   27.80598   206.76138       0               -27.831
        809  6.74166666667   27.53524   206.69147       0               -27.724
        810  6.75000000000   27.26474   206.62216       0               -27.541
        811  6.75833333333   26.99446   206.55345       0               -27.518
        812  6.76666666667   26.72442   206.48534       0               -27.574
        813  6.77500000000   26.45461   206.41780       0               -27.536
        814  6.78333333333   26.18503   206.35084       0               -27.557
        815  6.79166666667   25.91570   206.28445       0               -27.503
        816  6.80000000000   25.64660   206.21862       0               -27.476
        817  6.80833333333   25.37775   206.15334       0               -27.417
        818  6.81666666667   25.10914   206.08861       0               -27.325
        819  6.82500000000   24.84078   206.02441       0               -27.226
        820  6.83333333333   24.57266   205.96075       0               -27.035
        821  6.84166666667   24.30479   205.89761       0               -26.920
        822  6.85000000000   24.03718   205.83499       0               -26.877
        823  6.85833333333   23.76982   205.77288       0               -26.797
        824  6.86666666667   23.50271   205.71128       0               -26.942
        825  6.87500000000   23.23586   205.65017       0               -27.121
        826  6.88333333333   22.96926   205.58955       0               -27.252
        827  6.89166666667   22.70293   205.52943       0               -27.320
        828  6.90000000000   22.43686   205.46978       0               -27.325
        829  6.90833333333   22.17105   205.41060       0               -27.322
        830  6.91666666667   21.90550   205.35189       0               -27.298
        831  6.92500000000   21.64022   205.29365       0               -27.205
        832  6.93333333333   21.37521   205.23586       0               -27.038
        833  6.94166666667   21.11046   205.17852       0               -26.866
        834  6.95000000000   20.84599   205.12163       0               -26.754
        835  6.95833333333   20.58178   205.06517       0               -26.704
        836  6.96666666667   20.31785   205.00915       0               -26.570
        837  6.97500000000   20.05419   204.95356       0               -26.528
        838  6.98333333333   19.79081   204.89840       0               -26.384
        839  6.99166666667   19.52770   204.84365       0               -26.270
        840  7.00000000000   19.26487   204.78931       0               -26.319
        841  7.00833333333   19.01407   204.68875       0               -26.356
        842  7.01666666667   18.75178   204.63485       0               -26.385
        843  7.02500000000   18.48984   204.58104       0               -26.285
        844  7.03333333333   18.22825   204.52732       0               -26.180
        845  7.04166666667   17.96702   204.47369       0               -26.031
        846  7.05000000000   17.70615   204.42014       0               -25.916
        847  7.05833333333   17.44563   204.36667       0               -25.788
        848  7.06666666667   17.18547   204.31328       0               -25.689
        849  7.07500000000   16.92567   204.25997       0               -25.559
        850  7.08333333333   16.66623   204.20673       0               -25.453
        851  7.09166666667   16.40715   204.15357       0               -25.279
        852  7.10000000000   16.14842   204.10048       0               -25.147
        853  7.10833333333   15.89006   204.04745       0               -24.983
        854  7.11666666667   15.63205   203.99450       0               -24.837
        855  7.12500000000   15.37441   203.94160       0               -24.649
        856  7.13333333333   15.11712   203.88877       0               -24.449
        857  7.14166666667   14.86019   203.83600       0               -24.205
        858  7.15000000000   14.60363   203.78329       0               -24.166
        859  7.15833333333   14.34742   203.73063       0               -24.130
        860  7.16666666667   14.09157   203.67803       0               -24.084
        861  7.17500000000   13.83609   203.62548       0               -24.046
        862  7.18333333333   13.58096   203.57298       0               -23.934
        863  7.19166666667   13.32620   203.52053       0               -23.787
        864  7.20000000000   13.07179   203.46813       0               -23.577
        865  7.20833333333   12.81775   203.41577       0               -23.443
        866  7.21666666667   12.56406   203.36345       0               -23.306
        867  7.22500000000   12.31074   203.31117       0               -23.051
        868  7.23333333333   12.05778   203.25894       0               -22.778
        869  7.24166666667   11.80517   203.20673       0               -22.767
        870  7.25000000000   11.55293   203.15457       0               -22.603
        871  7.25833333333   11.30105   203.10243       0               -22.373
        872  7.26666666667   11.04953   203.05033       0               -22.237
        873  7.27500000000   10.79836   202.99826       0               -22.067
        874  7.28333333333   10.54756   202.94621       0               -21.916
        875  7.29166666667   10.29712   202.89419       0               -21.763
        876  7.30000000000   10.04703   202.84220       0               -21.490
        877  7.30833333333    9.79730   202.79023       0               -21.328
        878  7.31666666667    9.54794   202.73827       0               -21.103
        879  7.32500000000    9.29893   202.68634       0               -20.884
        880  7.33333333333    9.05027   202.63442       0               -20.561
        881  7.34166666667    8.80198   202.58252       0               -20.153
        882  7.35000000000    8.55404   202.53063       0               -19.883
        883  7.35833333333    8.30646   202.47875       0               -19.720
        884  7.36666666667    8.05924   202.42689       0               -19.539
        885  7.37500000000    7.81237   202.37503       0               -19.371
        886  7.38333333333    7.56586   202.32318       0               -19.577
        887  7.39166666667    7.31970   202.27133       0               -19.467
        888  7.40000000000    7.07390   202.21949       0               -19.021
        889  7.40833333333    6.82845   202.16764       0               -18.746
        890  7.41666666667    6.58335   202.11580       0               -18.540
        891  7.42500000000    6.33861   202.06396       0               -18.050
        892  7.43333333333    6.09422   202.01211       0               -17.666
        893  7.44166666667    5.85018   201.96025       0               -17.426
        894  7.45000000000    5.60649   201.90839       0               -17.193
        895  7.45833333333    5.36316   201.85652       0               -16.958
        896  7.46666666667    5.12017   201.80465       0               -16.680
        897  7.47500000000    4.87753   201.75275       0               -16.668
       1559 12.99166666667    5.24362    94.85062       0                -1.590
       1560 13.00000000000    5.43810    94.70575       0                -1.709
       1561 13.00833333333    5.61504    94.52479       0                -1.812
       1562 13.01666666667    5.81569    94.37359       0                -1.631
       1563 13.02500000000    6.01613    94.22175       0                -1.869
       1564 13.03333333333    6.21635    94.06927       0                -2.294
       1565 13.04166666667    6.41635    93.91614       0                -2.462
       1566 13.05000000000    6.61612    93.76236       0                -2.645
       1567 13.05833333333    6.81566    93.60791       0                -2.757
       1568 13.06666666667    7.01497    93.45281       0                -2.953
       1569 13.07500000000    7.21403    93.29704       0                -2.726
       1570 13.08333333333    7.41285    93.14060      80                 0.000
       1571 13.09166666667    7.61142    92.98349       0                -2.811
       1572 13.10000000000    7.80973    92.82570       0                -3.118
       1573 13.10833333333    8.00779    92.66723       0                -3.120
       1574 13.11666666667    8.20558    92.50807       0                -3.173
       1575 13.12500000000    8.40310    92.34822       0                -3.258
       1576 13.13333333333    8.60034    92.18767       0                -3.360
       1577 13.14166666667    8.79731    92.02642       0                -3.595
       1578 13.15000000000    8.99400    91.86448       0                -3.541
       1579 13.15833333333    9.19039    91.70182       0                -3.521
       1580 13.16666666667    9.38649    91.53845       0                -3.647
       1581 13.17500000000    9.58230    91.37436       0                -3.706
       1582 13.18333333333    9.77779    91.20955       0                -3.387
       1583 13.19166666667    9.97298    91.04402       0                -3.230
       1584 13.20000000000   10.16786    90.87775       0                -3.274
       1585 13.20833333333   10.36242    90.71076       0                -3.571
       1586 13.21666666667   10.55665    90.54302       0                -3.755
       1587 13.22500000000   10.75055    90.37454       0                -3.727
       1588 13.23333333333   10.94412    90.20531       0                -3.685
       1589 13.24166666667   11.13734    90.03533       0                -3.681
       1590 13.25000000000   11.33022    89.86459       0                -3.671
       1591 13.25833333333   11.52275    89.69309       0                -3.759
       1592 13.26666666667   11.71492    89.52082       0                -3.807
       1593 13.27500000000   11.90673    89.34779       0                -3.837
       1594 13.28333333333   12.09818    89.17397       0                -3.890
       1595 13.29166666667   12.28925    88.99938       0                -4.061
       1596 13.30000000000   12.47994    88.82401       0                -4.153
       1597 13.30833333333   12.67025    88.64785       0                -4.324
       1598 13.31666666667   12.86017    88.47089       0                -4.442
       1599 13.32500000000   13.04969    88.29313       0                -4.534
       1600 13.33333333333   13.23881    88.11458       0                -4.689
       1601 13.34166666667   13.42753    87.93521       0                -4.779
       1602 13.35000000000   13.61583    87.75503       0                -4.807
       1603 13.35833333333   13.80372    87.57404       0                -4.831
       1604 13.36666666667   13.99118    87.39223       0                -4.907
       1605 13.37500000000   14.17821    87.20959       0                -4.964
       1606 13.38333333333   14.36481    87.02611       0                -4.970
       1607 13.39166666667   14.55097    86.84181       0                -4.965
       1608 13.40000000000   14.73667    86.65666       0                -5.034
       1609 13.40833333333   14.92193    86.47067       0                -5.078
       1610 13.41666666667   15.10672    86.28383       0                -5.192
       1611 13.42500000000   15.29106    86.09614       0                -5.261
       1612 13.43333333333   15.47491    85.90759       0                -5.331
       1613 13.44166666667   15.65830    85.71817       0                -5.369
       1614 13.45000000000   15.84119    85.52789       0                -5.315
       1615 13.45833333333   16.02360    85.33674       0                -5.356
       1616 13.46666666667   16.20552    85.14470       0                -5.316
       1617 13.47500000000   16.38693    84.95179       0                -5.379
       1618 13.48333333333   16.56783    84.75799       0                -5.375
       1619 13.49166666667   16.74822    84.56330       0                -5.498
       1620 13.50000000000   16.92808    84.36771       0                -5.510
       1621 13.50833333333   17.08137    84.15080       0                -5.504
       1622 13.51666666667   17.25961    83.95293       0                -5.539
       1623 13.52500000000   17.43713    83.75402       0                -5.621
       1624 13.53333333333   17.61393    83.55406       0                -5.637
       1625 13.54166666667   17.79000    83.35305       0                -5.702
       1626 13.55000000000   17.96532    83.15100       0                -5.727
       1627 13.55833333333   18.13989    82.94789       0                -5.751
       1628 13.56666666667   18.31370    82.74372       0                -5.812
       1629 13.57500000000   18.48674    82.53850       0                -5.833
       1630 13.58333333333   18.65901    82.33221       0                -5.873
       1631 13.59166666667   18.83048    82.12486       0                -5.929
       1632 13.60000000000   19.00116    81.91644       0                -5.953
       1633 13.60833333333   19.17104    81.70696       0                -6.016
       1634 13.61666666667   19.34010    81.49640       0                -6.037
       1635 13.62500000000   19.50833    81.28477       0                -6.063
       1636 13.63333333333   19.67574    81.07206       0                -6.127
       1637 13.64166666667   19.84230    80.85828       0                -6.203
       1638 13.65000000000   20.00801    80.64341       0                -6.256
       1639 13.65833333333   20.17286    80.42747       0                -6.281
       1640 13.66666666667   20.33684    80.21044       0                -6.294
       1641 13.67500000000   20.49995    79.99233       0                -6.328
       1642 13.68333333333   20.66216    79.77313       0                -6.319
       1643 13.69166666667   20.82348    79.55284       0                -6.346
       1644 13.70000000000   20.98389    79.33146       0                -6.373
       1645 13.70833333333   21.14339    79.10899       0                -6.374
       1646 13.71666666667   21.30196    78.88543       0                -6.428
       1647 13.72500000000   21.45960    78.66078       0                -6.433
       1648 13.73333333333   21.61630    78.43503       0                -6.418
       1649 13.74166666667   21.77204    78.20818       0                -6.407
       1650 13.75000000000   21.92682    77.98024       0                -6.477
       1651 13.75833333333   22.08063    77.75121       0                -6.561
       1652 13.76666666667   22.23346    77.52107       0                -6.573
       1653 13.77500000000   22.38530    77.28984       0                -6.632
       1654 13.78333333333   22.53614    77.05751       0                -6.687
       1655 13.79166666667   22.68597    76.82409       0                -6.684
       1656 13.80000000000   22.83478    76.58956       0                -6.720
       1657 13.80833333333   22.98256    76.35394       0                -6.795
       1658 13.81666666667   23.12931    76.11721       0                -6.871
       1659 13.82500000000   23.27501    75.87940       0                -6.899
       1660 13.83333333333   23.41965    75.64048       0                -6.937
       1661 13.84166666667   23.56323    75.40047       0                -6.940
       1662 13.85000000000   23.70574    75.15936       0                -6.984
       1663 13.85833333333   23.84716    74.91715       0                -6.989
       1664 13.86666666667   23.98749    74.67385       0                -7.018
       1665 13.87500000000   24.12671    74.42946       0                -7.072
       1666 13.88333333333   24.26482    74.18398       0                -7.084
       1667 13.89166666667   24.40181    73.93741       0                -7.132
       1668 13.90000000000   24.53767    73.68975       0                -7.160
       1669 13.90833333333   24.67239    73.44101       0                -7.176
       1670 13.91666666667   24.80596    73.19118       0                -7.161
       1671 13.92500000000   24.93837    72.94026       0                -7.207
       1672 13.93333333333   25.06961    72.68827       0                -7.201
       1673 13.94166666667   25.19968    72.43520       0                -7.244
       1674 13.95000000000   25.32856    72.18106       0                -7.236
       1675 13.95833333333   25.45624    71.92584       0                -7.251
       1676 13.96666666667   25.58272    71.66955       0                -7.255
       1677 13.97500000000   25.70798    71.41220       0                -7.273
       1678 13.98333333333   25.83201    71.15379       0                -7.293
       1679 13.99166666667   25.95482    70.89431       0                -7.271
       1680 14.00000000000   26.07638    70.63379       0                -7.281
       1681 14.00833333333   26.17198    70.37154       0                -7.323
       1682 14.01666666667   26.29039    70.10869       0                -7.347
       1683 14.02500000000   26.40737    69.84479       0                -7.298
       1684 14.03333333333   26.52290    69.57987       0                -7.299
       1685 14.04166666667   26.63697    69.31393       0                -7.299
       1686 14.05000000000   26.74958    69.04697       0                -7.272
       1687 14.05833333333   26.86071    68.77902       0                -7.283
       1688 14.06666666667   26.97035    68.51007       0                -7.293
       1689 14.07500000000   27.07850    68.24013       0                -7.287
       1690 14.08333333333   27.18514    67.96923       0                -7.315
       1691 14.09166666667   27.29027    67.69736       0                -7.294
       1692 14.10000000000   27.39388    67.42453       0                -7.264
       1693 14.10833333333   27.49594    67.15077       0                -7.268
       1694 14.11666666667   27.59647    66.87607       0                -7.258
       1695 14.12500000000   27.69544    66.60045       0                -7.303
       1696 14.13333333333   27.79284    66.32392       0                -7.321
       1697 14.14166666667   27.88868    66.04649       0                -7.320
       1698 14.15000000000   27.98293    65.76817       0                -7.344
       1699 14.15833333333   28.07560    65.48898       0                -7.351
       1700 14.16666666667   28.16666    65.20892       0                -7.341
       1701 14.17500000000   28.25612    64.92802       0                -7.309
       1702 14.18333333333   28.34397    64.64627       0                -7.281
       1703 14.19166666667   28.43019    64.36371       0                -7.287
       1704 14.20000000000   28.51477    64.08033       0                -7.313
       1705 14.20833333333   28.59772    63.79615       0                -7.301
       1706 14.21666666667   28.67902    63.51118       0                -7.366
       1707 14.22500000000   28.75866    63.22545       0                -7.370
       1708 14.23333333333   28.83664    62.93896       0                -7.424
       1709 14.24166666667   28.91294    62.65172       0                -7.451
       1710 14.25000000000   28.98757    62.36376       0                -7.497
       1711 14.25833333333   29.06051    62.07509       0                -7.532
       1712 14.26666666667   29.13175    61.78571       0                -7.549
       1713 14.27500000000   29.20130    61.49565       0                -7.590
       1714 14.28333333333   29.26914    61.20493       0                -7.588
       1715 14.29166666667   29.33526    60.91355       0                -7.576
       1716 14.30000000000   29.39966    60.62154       0                -7.614
       1717 14.30833333333   29.46234    60.32890       0                -7.679
       1718 14.31666666667   29.52328    60.03566       0                -7.687
       1719 14.32500000000   29.58248    59.74183       0                -7.703
       1720 14.33333333333   29.63994    59.44743       0                -7.691
       1721 14.34166666667   29.69564    59.15248       0                -7.708
       1722 14.35000000000   29.74959    58.85699       0                -7.640
       1723 14.35833333333   29.80177    58.56098       0                -7.603
       1724 14.36666666667   29.85219    58.26446       0                -7.579
       1725 14.37500000000   29.90083    57.96746       0                -7.545
       1726 14.38333333333   29.94770    57.66999       0                -7.550
       1727 14.39166666667   29.99278    57.37206       0                -7.567
       1728 14.40000000000   30.03608    57.07371       0                -7.583
       1729 14.40833333333   30.07758    56.77494       0                -7.568
       1730 14.41666666667   30.11729    56.47577       0                -7.564
       1731 14.42500000000   30.15520    56.17623       0                -7.573
       1732 14.43333333333   30.19130    55.87632       0                -7.541
       1733 14.44166666667   30.22559    55.57607       0                -7.513
       1734 14.45000000000   30.25808    55.27550       0                -7.494
       1735 14.45833333333   30.28875    54.97463       0                -7.446
       1736 14.46666666667   30.31760    54.67347       0                -7.403
       1737 14.47500000000   30.34462    54.37204       0                -7.382
       1738 14.48333333333   30.36983    54.07037       0                -7.340
       1739 14.49166666667   30.39321    53.76846       0                -7.339
       1740 14.50000000000   30.41476    53.46635       0                -7.387
       1741 14.50833333333   30.42068    53.18517       0                -7.381
       1742 14.51666666667   30.43802    52.88285       0                -7.441
       1743 14.52500000000   30.45343    52.58053       0                -7.531
       1744 14.53333333333   30.46691    52.27823       0                -7.578
       1745 14.54166666667   30.47848    51.97598       0                -7.588
       1746 14.55000000000   30.48812    51.67379       0                -7.581
       1747 14.55833333333   30.49583    51.37170       0                -7.653
       1748 14.56666666667   30.50162    51.06971       0                -7.688
       1749 14.57500000000   30.50548    50.76787       0                -7.674
       1750 14.58333333333   30.50742    50.46618       0                -7.750
       1751 14.59166666667   30.50744    50.16467       0                -7.817
       1752 14.60000000000   30.50554    49.86336       0                -7.879
       1753 14.60833333333   30.50171    49.56228       0                -7.936
       1754 14.61666666667   30.49597    49.26145       0                -7.872
       1755 14.62500000000   30.48831    48.96088       0                -7.851
       1756 14.63333333333   30.47873    48.66060       0                -7.862
       1757 14.64166666667   30.46724    48.36064       0                -7.743
       1758 14.65000000000   30.45383    48.06101       0                -7.617
       1759 14.65833333333   30.43852    47.76173       0                -7.471
       1760 14.66666666667   30.42131    47.46283       0                -7.454
       1761 14.67500000000   30.40219    47.16433       0                -7.389
       1762 14.68333333333   30.38117    46.86624       0                -7.390
       1763 14.69166666667   30.35825    46.56860       0                -7.361
       1764 14.70000000000   30.33344    46.27142       0                -7.300
       1765 14.70833333333   30.30674    45.97471       0                -7.260
       1766 14.71666666667   30.27816    45.67851       0                -7.111
       1767 14.72500000000   30.24770    45.38283       0                -7.063
       1768 14.73333333333   30.21536    45.08770       0                -6.994
       1769 14.74166666667   30.18114    44.79312       0                -6.987
       1770 14.75000000000   30.14506    44.49912       0                -7.023
       1771 14.75833333333   30.10712    44.20573       0                -6.997
       1772 14.76666666667   30.06732    43.91295       0                -7.087
       1773 14.77500000000   30.02567    43.62081       0                -7.089
       1774 14.78333333333   29.98217    43.32933       0                -7.137
       1775 14.79166666667   29.93683    43.03853       0                -7.224
       1776 14.80000000000   29.88965    42.74842       0                -7.209
       1777 14.80833333333   29.84065    42.45902       0                -7.058
       1778 14.81666666667   29.78982    42.17035       0                -7.082
       1779 14.82500000000   29.73717    41.88243       0                -7.143
       1780 14.83333333333   29.68271    41.59527       0                -7.113
       1781 14.84166666667   29.62645    41.30889       0                -7.078
       1782 14.85000000000   29.56840    41.02331       0                -6.885
       1783 14.85833333333   29.50855    40.73855       0                -6.796
       1784 14.86666666667   29.44691    40.45461       0                -7.081
       1785 14.87500000000   29.38350    40.17153       0                -7.264
       1786 14.88333333333   29.31833    39.88930       0                -7.282
       1787 14.89166666667   29.25138    39.60795       0                -7.225
       1788 14.90000000000   29.18269    39.32750       0                -7.045
       1789 14.90833333333   29.11225    39.04795       0                -6.911
       1790 14.91666666667   29.04007    38.76932       0                -6.754
       1791 14.92500000000   28.96616    38.49163       0                -6.660
       1792 14.93333333333   28.89052    38.21489       0                -6.756
       1793 14.94166666667   28.81317    37.93911       0                -6.818
       1794 14.95000000000   28.73411    37.66431       0                -6.763
       1795 14.95833333333   28.65336    37.39050       0                -6.636
       1796 14.96666666667   28.57091    37.11769       0                -6.559
       1797 14.97500000000   28.48679    36.84589       0                -6.519
       1798 14.98333333333   28.40099    36.57512       0                -6.260
       1799 14.99166666667   28.31352    36.30539       0                -6.439
       1800 15.00000000000   28.22440    36.03671       0                -6.479
       1801 15.00833333333   28.13769    35.79689       0                -6.536
       1802 15.01666666667   28.04496    35.53074       0                -6.574
       1803 15.02500000000   27.95063    35.26586       0                -6.609
       1804 15.03333333333   27.85472    35.00227       0                -6.525
       1805 15.04166666667   27.75723    34.73996       0                -6.523
       1806 15.05000000000   27.65819    34.47895       0                -6.636
       1807 15.05833333333   27.55759    34.21926       0                -6.877
       1808 15.06666666667   27.45544    33.96088       0                -6.889
       1809 15.07500000000   27.35177    33.70382       0                -6.860
       1810 15.08333333333   27.24658    33.44810       0                -6.719
       1811 15.09166666667   27.13987    33.19372       0                -6.688
       1812 15.10000000000   27.03167    32.94069       0                -6.627
       1813 15.10833333333   26.92198    32.68902       0                -6.934
       1814 15.11666666667   26.81081    32.43871       0                -6.846
       1815 15.12500000000   26.69818    32.18977       0                -6.715
       1816 15.13333333333   26.58409    31.94220       0                -6.479
       1817 15.14166666667   26.46855    31.69601       0                -6.394
       1818 15.15000000000   26.35158    31.45121       0                -6.378
       1819 15.15833333333   26.23319    31.20780       0                -6.268
       1820 15.16666666667   26.11339    30.96578       0                -6.021
       1821 15.17500000000   25.99219    30.72517       0                -5.798
       1822 15.18333333333   25.86959    30.48596       0                -5.911
       1823 15.19166666667   25.74562    30.24816       0                -5.693
       1824 15.20000000000   25.62028    30.01177       0                -5.565
       1825 15.20833333333   25.49358    29.77680       0                -5.724
       1826 15.21666666667   25.36554    29.54325       0                -5.693
       1827 15.22500000000   25.23616    29.31112       0                -5.798
       1828 15.23333333333   25.10546    29.08041       0                -5.678
       1829 15.24166666667   24.97344    28.85113       0                -5.655
       1830 15.25000000000   24.84012    28.62328       0                -5.750
       1831 15.25833333333   24.70551    28.39686       0                -5.507
       1832 15.26666666667   24.56962    28.17187       0                -5.508
       1833 15.27500000000   24.43246    27.94831       0                -5.493
       1834 15.28333333333   24.29404    27.72619       0                -5.466
       1835 15.29166666667   24.15437    27.50551       0                -5.465
       1836 15.30000000000   24.01346    27.28626       0                -5.490
       1837 15.30833333333   23.87133    27.06845       0                -5.579
       1838 15.31666666667   23.72797    26.85207       0                -5.361
       1839 15.32500000000   23.58342    26.63714       0                -5.440
       1840 15.33333333333   23.43767    26.42364       0                -5.304
       1841 15.34166666667   23.29073    26.21157       0                -4.965
       1842 15.35000000000   23.14262    26.00094       0                -4.985
       1843 15.35833333333   22.99335    25.79175       0                -4.869
       1844 15.36666666667   22.84292    25.58399       0                -4.833
       1845 15.37500000000   22.69135    25.37766       0                -4.815
       1846 15.38333333333   22.53865    25.17277       0                -4.946
       1847 15.39166666667   22.38483    24.96930       0                -4.876
       1848 15.40000000000   22.22989    24.76726       0                -4.793
       1849 15.40833333333   22.07386    24.56665       0                -4.791
       1850 15.41666666667   21.91673    24.36746       0                -4.700
       1851 15.42500000000   21.75852    24.16970       0                -4.590
       1852 15.43333333333   21.59924    23.97336       0                -4.442
       1853 15.44166666667   21.43890    23.77843       0                -4.271
       1854 15.45000000000   21.27751    23.58492       0                -4.102
       1855 15.45833333333   21.11508    23.39282       0                -3.920
       1856 15.46666666667   20.95162    23.20212       0                -3.831
       1857 15.47500000000   20.78714    23.01284       0                -3.753
       1858 15.48333333333   20.62165    22.82496       0                -3.387
       1859 15.49166666667   20.45515    22.63848       0                -3.236
       1860 15.50000000000   20.28767    22.45339       0                -2.789
       1861 15.50833333333   20.13589    22.28653       0                -2.591
       1862 15.51666666667   19.96634    22.10470       0                -2.559
       1863 15.52500000000   19.79595    21.92437       0                -2.546
       1864 15.53333333333   19.62471    21.74553       0                -2.494
       1865 15.54166666667   19.45265    21.56818       0                -2.368
       1866 15.55000000000   19.27976    21.39230       0                -2.230
       1867 15.55833333333   19.10607    21.21790       0                -2.356
       1868 15.56666666667   18.93157    21.04496       0                -2.416
       1869 15.57500000000   18.75628    20.87348       0                -2.367
       1870 15.58333333333   18.58020    20.70346       0                -2.059
       1871 15.59166666667   18.40335    20.53489       0                -1.957
       1872 15.60000000000   18.22573    20.36777       0                -1.960
       1873 15.60833333333   18.04735    20.20208       0                -1.913
       1874 15.61666666667   17.86821    20.03782       0                -1.930
       1875 15.62500000000   17.68834    19.87500       0                -1.905
       1876 15.63333333333   17.50773    19.71359       0                -2.051
       1877 15.64166666667   17.32640    19.55359       0                -2.043
       1878 15.65000000000   17.14434    19.39501       0                -1.713
       1879 15.65833333333   16.96158    19.23782       0                -2.075
       1880 15.66666666667   16.77811    19.08203       0                -2.011
       1881 15.67500000000   16.59395    18.92764       0                -1.724
       1882 15.68333333333   16.40911    18.77462       0                -1.390
       1883 15.69166666667   16.22358    18.62298       0                -1.413
       1884 15.70000000000   16.03738    18.47271       0                -1.401
       1885 15.70833333333   15.85052    18.32381       0                -1.500
       1886 15.71666666667   15.66300    18.17626       0                -1.267
       1887 15.72500000000   15.47484    18.03007       0                -1.067
       1888 15.73333333333   15.28603    17.88522       0                -0.634
       1889 15.74166666667   15.09659    17.74171       0                -0.622
       1890 15.75000000000   14.90652    17.59953       0                -1.169
       1891 15.75833333333   14.71583    17.45868       0                -1.517
       1892 15.76666666667   14.52453    17.31914       0                -1.791
       1893 15.77500000000   14.33262    17.18092       0                -1.831
       1894 15.78333333333   14.14012    17.04401       0                -1.574
       1895 15.79166666667   13.94702    16.90840       0                -1.802
       1896 15.80000000000   13.75334    16.77408       0                -0.312
       1897 15.80833333333   13.55908    16.64105       0                 0.144
       1898 15.81666666667   13.36425    16.50930       0                -0.162
       1899 15.82500000000   13.16886    16.37883       0                -0.173
       1900 15.83333333333   12.97290    16.24962       0                 0.054
       1901 15.84166666667   12.77640    16.12168       0                -0.133
       1902 15.85000000000   12.57935    15.99499       0                 0.441
       1903 15.85833333333   12.38176    15.86955       0                 0.927
       1904 15.86666666667   12.18364    15.74536       0                 0.439
       1905 15.87500000000   11.98500    15.62240       0                 0.593
       1906 15.88333333333   11.78584    15.50067       0                 0.856
       1907 15.89166666667   11.58616    15.38017       0                 0.925
       1908 15.90000000000   11.38598    15.26089       0                 0.957
       1909 15.90833333333   11.18529    15.14282       0                 0.666
       1910 15.91666666667   10.98412    15.02595       0                 1.191
       1911 15.92500000000   10.78245    14.91029       0                 0.981
       1912 15.93333333333   10.58030    14.79582       0                 1.167
       1913 15.94166666667   10.37768    14.68253       0                 1.051
       1914 15.95000000000   10.17459    14.57043       0                 1.395
       1915 15.95833333333    9.97103    14.45951       0                 1.437
       1916 15.96666666667    9.76701    14.34975       0                 1.583
       1917 15.97500000000    9.56254    14.24116       0                 1.407
       1918 15.98333333333    9.35763    14.13372       0                 1.842
       1919 15.99166666667    9.15227    14.02744       0                 2.429
       1920 16.00000000000    8.94648    13.92230       0                 3.298
       1921 16.00833333333    8.75875    13.81854       0                 2.158
       1922 16.01666666667    8.55214    13.71611       0                 1.831
       1923 16.02500000000    8.34524    13.61481       0                 2.276
       1924 16.03333333333    8.13805    13.51463       0                 2.701
       1925 16.04166666667    7.93057    13.41556       0                 2.661
       1926 16.05000000000    7.72280    13.31760       0                 2.283
       1927 16.05833333333    7.51476    13.22074       0                 2.257
       1928 16.06666666667    7.30644    13.12497       0                 2.690
       1929 16.07500000000    7.09784    13.03029       0                 3.616
       1930 16.08333333333    6.88898    12.93670       0                 3.505
       1931 16.09166666667    6.67985    12.84418       0                 3.332
       1932 16.10000000000    6.47045    12.75273       0                 2.992
       1933 16.10833333333    6.26080    12.66235       0                 3.092
       1934 16.11666666667    6.05090    12.57302       0                 3.502
       1935 16.12500000000    5.84074    12.48475       0                 3.427
       1936 16.13333333333    5.63033    12.39753       0                 3.332
       1937 16.14166666667    5.41968    12.31135       0                 3.642
       1938 16.15000000000    5.20879    12.22620       0                 3.622
       1939 16.15833333333    4.99766    12.14209       0                 3.583
