# Created on 2018-12-12 16:17:54 
# Sources: d:\gpsother\tec-suite\in\2015\abcd0770.15d.Z, d:\gpsother\tec-suite\in\2015\brdc0770.15n.Z
# Satellite: G02
# Interval: 30.0
# Sampling interval: 0.0 (not used).
# Site: abcd
# Position (L, B, H): 253.601641965, 52.1962622634, 578.574894483
# Position (X, Y, Z): -1106129.71, -3758704.03, 5016675.77
# datetime format: %Y-%m-%dT%H:%M:%S
# Columns: tsn, hour, el, az, validity, tec.l1l2
# (I11,1X,F14.11,1X,F10.5,1X,F11.5,1X,I7,1X,F21.3)
        544  4.53333333333    4.84085   198.66646    4096                 2.862
        545  4.54166666667    5.04268   198.67450    4096                 2.700
        546  4.55000000000    5.24474   198.68286    4096                 2.417
        547  4.55833333333    5.44703   198.69153    4096                 2.202
        548  4.56666666667    5.64953   198.70051    4096                 1.987
        549  4.57500000000    5.85226   198.70981    4096                 1.747
        550  4.58333333333    6.05521   198.71942    4096                 1.506
        551  4.59166666667    6.25837   198.72934    4096                 1.181
        552  4.60000000000    6.46176   198.73957    4096                 0.833
        553  4.60833333333    6.66537   198.75010    4096                 0.416
        554  4.61666666667    6.86919   198.76094    4096                 0.050
        555  4.62500000000    7.07323   198.77208    4096                -0.247
        556  4.63333333333    7.27750   198.78352    4096                -0.613
        557  4.64166666667    7.48197   198.79525    4096                -0.828
        558  4.65000000000    7.68667   198.80729    4096                -0.987
        559  4.65833333333    7.89158   198.81962    4096                -1.145
        560  4.66666666667    8.09671   198.83224    4096                -1.335
        561  4.67500000000    8.30206   198.84515    4096                -1.449
        562  4.68333333333    8.50762   198.85835    4096                -1.707
        563  4.69166666667    8.71339   198.87184    4096                -1.978
        564  4.70000000000    8.91938   198.88562    4096                -2.278
        565  4.70833333333    9.12559   198.89968    4096                -2.622
        566  4.71666666667    9.33200   198.91402    4096                -3.031
        567  4.72500000000    9.53863   198.92865    4096                -3.573
        568  4.73333333333    9.74548   198.94355    4096                -3.910
        569  4.74166666667    9.95253   198.95873    4096                -4.216
        570  4.75000000000   10.15980   198.97418    4096                -4.492
        571  4.75833333333   10.36728   198.98991    4096                -4.776
        572  4.76666666667   10.57497   199.00591    4096                -5.140
        573  4.77500000000   10.78287   199.02217    4096                -5.411
        574  4.78333333333   10.99098   199.03871    4096                -5.685
        575  4.79166666667   11.19930   199.05551    4096                -6.019
        576  4.80000000000   11.40783   199.07258    4096                -6.263
        577  4.80833333333   11.61657   199.08991    4096                -6.519
        578  4.81666666667   11.82552   199.10750    4096                -6.741
        579  4.82500000000   12.03467   199.12535    4096                -6.976
        580  4.83333333333   12.24404   199.14345    4096                -7.113
        581  4.84166666667   12.45361   199.16182    4096                -7.189
        582  4.85000000000   12.66339   199.18043    4096                -7.331
        583  4.85833333333   12.87337   199.19930    4096                -7.493
        584  4.86666666667   13.08356   199.21841    4096                -7.657
        585  4.87500000000   13.29396   199.23778    4096                -7.681
        586  4.88333333333   13.50456   199.25739    4096                -7.790
        587  4.89166666667   13.71536   199.27725    4096                -7.884
        588  4.90000000000   13.92637   199.29735    4096                -7.906
        589  4.90833333333   14.13759   199.31769    4096                -7.976
        590  4.91666666667   14.34900   199.33826    4096                -8.120
        591  4.92500000000   14.56063   199.35908    4096                -8.381
        592  4.93333333333   14.77245   199.38013    4096                -8.705
        593  4.94166666667   14.98447   199.40142    4096                -8.923
        594  4.95000000000   15.19670   199.42293    4096                -9.054
        595  4.95833333333   15.40913   199.44468    4096                -9.216
        596  4.96666666667   15.62176   199.46665    4096                -9.322
        597  4.97500000000   15.83459   199.48886    4096                -9.455
        598  4.98333333333   16.04762   199.51128    4096                -9.662
        599  4.99166666667   16.26085   199.53393    4096                -9.845
        600  5.00000000000   16.47428   199.55680    4096                -9.961
        601  5.00833333333   16.68791   199.57988    4096               -10.196
        602  5.01666666667   16.90174   199.60319    4096               -10.476
        603  5.02500000000   17.11577   199.62671    4096               -10.611
        604  5.03333333333   17.32999   199.65044    4096               -10.819
        605  5.04166666667   17.54441   199.67438    4096               -11.001
        606  5.05000000000   17.75903   199.69854    4096               -11.143
        607  5.05833333333   17.97384   199.72290    4096               -11.368
        608  5.06666666667   18.18885   199.74746    4096               -11.596
        609  5.07500000000   18.40405   199.77223    4096               -11.748
        610  5.08333333333   18.61945   199.79720    4096               -11.842
        611  5.09166666667   18.83505   199.82237    4096               -11.954
        612  5.10000000000   19.05083   199.84774    4096               -12.005
        613  5.10833333333   19.26682   199.87331    4096               -12.064
        614  5.11666666667   19.48299   199.89906    4096               -12.133
        615  5.12500000000   19.69936   199.92501    4096               -12.143
        616  5.13333333333   19.91592   199.95115    4096               -12.089
        617  5.14166666667   20.13267   199.97748    4096               -11.987
        618  5.15000000000   20.34961   200.00400    4096               -11.868
        619  5.15833333333   20.56675   200.03069    4096               -11.804
        620  5.16666666667   20.78407   200.05757    4096               -11.914
        621  5.17500000000   21.00159   200.08463    4096               -12.013
        622  5.18333333333   21.21929   200.11187    4096               -12.124
        623  5.19166666667   21.43718   200.13928    4096               -12.306
        624  5.20000000000   21.65526   200.16687    4096               -12.542
        625  5.20833333333   21.87353   200.19463    4096               -12.723
        626  5.21666666667   22.09199   200.22256    4096               -12.898
        627  5.22500000000   22.31064   200.25065    4096               -13.038
        628  5.23333333333   22.52947   200.27891    4096               -13.176
        629  5.24166666667   22.74848   200.30734    4096               -13.335
        630  5.25000000000   22.96769   200.33592    4096               -13.501
        631  5.25833333333   23.18707   200.36467    4096               -13.610
        632  5.26666666667   23.40665   200.39357    4096               -13.639
        633  5.27500000000   23.62640   200.42262    4096               -13.649
        634  5.28333333333   23.84634   200.45183    4096               -13.629
        635  5.29166666667   24.06647   200.48119    4096               -13.587
        636  5.30000000000   24.28677   200.51069    4096               -13.580
        637  5.30833333333   24.50726   200.54034    4096               -13.545
        638  5.31666666667   24.72793   200.57014    4096               -13.551
        639  5.32500000000   24.94878   200.60008    4096               -13.562
        640  5.33333333333   25.16981   200.63015    4096               -13.537
        641  5.34166666667   25.39103   200.66036    4096               -13.453
        642  5.35000000000   25.61242   200.69071    4096               -13.297
        643  5.35833333333   25.83399   200.72119    4096               -13.162
        644  5.36666666667   26.05573   200.75179    4096               -13.050
        645  5.37500000000   26.27766   200.78253    4096               -12.957
        646  5.38333333333   26.49976   200.81339    4096               -12.802
        647  5.39166666667   26.72204   200.84437    4096               -12.685
        648  5.40000000000   26.94450   200.87547    4096               -12.455
        649  5.40833333333   27.16713   200.90669    4096               -12.374
        650  5.41666666667   27.38993   200.93802    4096               -12.355
        651  5.42500000000   27.61291   200.96946    4096               -12.275
        652  5.43333333333   27.83607   201.00102    4096               -12.520
        653  5.44166666667   28.05940   201.03268    4096               -12.705
        654  5.45000000000   28.28290   201.06445    4096               -12.859
        655  5.45833333333   28.50657   201.09632    4096               -13.069
        656  5.46666666667   28.73041   201.12829    4096               -13.217
        657  5.47500000000   28.95442   201.16035    4096               -13.154
        658  5.48333333333   29.17861   201.19251    4096               -13.211
        659  5.49166666667   29.40296   201.22476    4096               -13.424
        660  5.50000000000   29.62749   201.25710    4096               -13.526
        661  5.50833333333   29.85218   201.28953    4096               -13.604
        662  5.51666666667   30.07703   201.32204    4096               -13.386
        663  5.52500000000   30.30206   201.35463    4096               -13.237
        664  5.53333333333   30.52725   201.38729    4096               -13.110
        665  5.54166666667   30.75261   201.42003    4096               -13.368
        666  5.55000000000   30.97813   201.45285    4096               -13.363
        667  5.55833333333   31.20382   201.48573    4096               -13.249
        668  5.56666666667   31.42967   201.51867    4096               -13.291
        669  5.57500000000   31.65568   201.55168    4096               -13.278
        670  5.58333333333   31.88186   201.58475    4096               -13.423
        671  5.59166666667   32.10820   201.61788    4096               -13.620
        672  5.60000000000   32.33469   201.65105    4096               -13.838
        673  5.60833333333   32.56135   201.68428    4096               -14.186
        674  5.61666666667   32.78817   201.71756    4096               -14.375
        675  5.62500000000   33.01515   201.75088    4096               -14.510
        676  5.63333333333   33.24228   201.78424    4096               -14.517
        677  5.64166666667   33.46957   201.81763    4096               -14.456
        678  5.65000000000   33.69702   201.85106    4096               -14.584
        679  5.65833333333   33.92462   201.88452    4096               -14.745
        680  5.66666666667   34.15238   201.91801    4096               -14.764
        681  5.67500000000   34.38030   201.95152    4096               -14.619
        682  5.68333333333   34.60836   201.98505    4096               -14.857
        683  5.69166666667   34.83658   202.01860    4096               -15.010
        684  5.70000000000   35.06495   202.05216    4096               -14.965
        685  5.70833333333   35.29347   202.08572    4096               -14.759
        686  5.71666666667   35.52215   202.11930    4096               -14.699
        687  5.72500000000   35.75097   202.15287    4096               -14.680
        688  5.73333333333   35.97994   202.18644    4096               -14.550
        689  5.74166666667   36.20906   202.22001    4096               -14.468
        690  5.75000000000   36.43832   202.25356    4096               -14.583
        691  5.75833333333   36.66773   202.28710    4096               -14.860
        692  5.76666666667   36.89729   202.32063    4096               -14.865
        693  5.77500000000   37.12699   202.35413    4096               -14.889
        694  5.78333333333   37.35684   202.38760    4096               -14.747
        695  5.79166666667   37.58682   202.42104    4096               -14.937
        696  5.80000000000   37.81695   202.45445    4096               -15.132
        697  5.80833333333   38.04722   202.48781    4096               -15.066
        698  5.81666666667   38.27763   202.52114    4096               -15.112
        699  5.82500000000   38.50818   202.55441    4096               -14.924
        700  5.83333333333   38.73887   202.58763    4096               -14.921
        701  5.84166666667   38.96969   202.62079    4096               -14.808
        702  5.85000000000   39.20066   202.65389    4096               -14.717
        703  5.85833333333   39.43175   202.68693    4096               -14.631
        704  5.86666666667   39.66298   202.71989    4096               -14.653
        705  5.87500000000   39.89435   202.75277    4096               -14.529
        706  5.88333333333   40.12584   202.78557    4096               -14.389
        707  5.89166666667   40.35747   202.81828    4096               -14.298
        708  5.90000000000   40.58923   202.85090    4096               -14.185
        709  5.90833333333   40.82111   202.88342    4096               -14.118
        710  5.91666666667   41.05313   202.91584    4096               -14.173
        711  5.92500000000   41.28527   202.94815    4096               -14.137
        712  5.93333333333   41.51754   202.98035    4096               -14.002
        713  5.94166666667   41.74993   203.01242    4096               -13.975
        714  5.95000000000   41.98245   203.04437    4096               -14.128
        715  5.95833333333   42.21509   203.07619    4096               -14.606
        716  5.96666666667   42.44786   203.10787    4096               -14.837
        717  5.97500000000   42.68074   203.13940    4096               -14.970
        718  5.98333333333   42.91374   203.17079    4096               -15.027
        719  5.99166666667   43.14687   203.20202    4096               -15.244
        720  6.00000000000   43.37992   203.23287    4096               -15.345
        721  6.00833333333   43.61346   203.26398    4096               -15.405
        722  6.01666666667   43.84693   203.29470    4096               -15.365
        723  6.02500000000   44.08052   203.32524    4096               -15.382
        724  6.03333333333   44.31422   203.35559    4096               -15.407
        725  6.04166666667   44.54803   203.38574    4096               -15.568
        726  6.05000000000   44.78195   203.41568    4096               -15.606
        727  6.05833333333   45.01598   203.44542    4096               -15.563
        728  6.06666666667   45.25011   203.47494    4096               -15.710
        729  6.07500000000   45.48436   203.50423    4096               -15.771
        730  6.08333333333   45.71871   203.53328    4096               -15.764
        731  6.09166666667   45.95316   203.56210    4096               -15.830
        732  6.10000000000   46.18771   203.59066    4096               -15.823
        733  6.10833333333   46.42237   203.61897    4096               -15.895
        734  6.11666666667   46.65713   203.64701    4096               -15.875
        735  6.12500000000   46.89199   203.67477    4096               -15.784
        736  6.13333333333   47.12694   203.70225    4096               -15.735
        737  6.14166666667   47.36199   203.72944    4096               -15.804
        738  6.15000000000   47.59713   203.75632    4096               -15.790
        739  6.15833333333   47.83237   203.78289    4096               -15.847
        740  6.16666666667   48.06770   203.80915    4096               -15.902
        741  6.17500000000   48.30312   203.83507    4096               -15.929
        742  6.18333333333   48.53863   203.86065    4096               -16.000
        743  6.19166666667   48.77422   203.88588    4096               -16.024
        744  6.20000000000   49.00991   203.91075    4096               -16.067
        745  6.20833333333   49.24567   203.93524    4096               -16.122
        746  6.21666666667   49.48152   203.95936    4096               -16.060
        747  6.22500000000   49.71745   203.98308    4096               -16.062
        748  6.23333333333   49.95347   204.00639    4096               -16.083
        749  6.24166666667   50.18955   204.02929    4096               -16.136
        750  6.25000000000   50.42572   204.05176    4096               -16.118
        751  6.25833333333   50.66196   204.07379    4096               -16.121
        752  6.26666666667   50.89827   204.09537    4096               -16.122
        753  6.27500000000   51.13466   204.11648    4096               -16.067
        754  6.28333333333   51.37112   204.13712    4096               -16.134
        755  6.29166666667   51.60764   204.15726    4096               -16.156
        756  6.30000000000   51.84423   204.17689    4096               -16.091
        757  6.30833333333   52.08089   204.19601    4096               -16.105
        758  6.31666666667   52.31760   204.21459    4096               -16.205
        759  6.32500000000   52.55438   204.23263    4096               -16.271
        760  6.33333333333   52.79122   204.25010    4096               -16.305
        761  6.34166666667   53.02812   204.26700    4096               -16.396
        762  6.35000000000   53.26507   204.28330    4096               -16.422
        763  6.35833333333   53.50208   204.29899    4096               -16.492
        764  6.36666666667   53.73913   204.31405    4096               -16.527
        765  6.37500000000   53.97624   204.32847    4096               -16.538
        766  6.38333333333   54.21340   204.34223    4096               -16.567
        767  6.39166666667   54.45060   204.35531    4096               -16.664
        768  6.40000000000   54.68784   204.36770    4096               -16.749
        769  6.40833333333   54.92513   204.37936    4096               -16.772
        770  6.41666666667   55.16246   204.39030    4096               -16.809
        771  6.42500000000   55.39982   204.40048    4096               -16.826
        772  6.43333333333   55.63722   204.40988    4096               -16.846
        773  6.44166666667   55.87465   204.41849    4096               -16.889
        774  6.45000000000   56.11211   204.42628    4096               -16.912
        775  6.45833333333   56.34960   204.43324    4096               -16.903
        776  6.46666666667   56.58712   204.43933    4096               -16.998
        777  6.47500000000   56.82466   204.44453    4096               -17.055
        778  6.48333333333   57.06222   204.44883    4096               -17.115
        779  6.49166666667   57.29980   204.45220    4096               -17.088
        780  6.50000000000   57.53740   204.45461    4096               -17.084
        781  6.50833333333   57.77501   204.45603    4096               -17.093
        782  6.51666666667   58.01263   204.45645    4096               -17.184
        783  6.52500000000   58.25026   204.45582    4096               -17.197
        784  6.53333333333   58.48790   204.45413    4096               -17.211
        785  6.54166666667   58.72554   204.45135    4096               -17.255
        786  6.55000000000   58.96318   204.44744    4096               -17.245
        787  6.55833333333   59.20082   204.44238    4096               -17.257
        788  6.56666666667   59.43846   204.43613    4096               -17.271
        789  6.57500000000   59.67608   204.42866    4096               -17.293
        790  6.58333333333   59.91370   204.41993    4096               -17.337
        791  6.59166666667   60.15130   204.40992    4096               -17.394
        792  6.60000000000   60.38888   204.39858    4096               -17.430
        793  6.60833333333   60.62644   204.38589    4096               -17.439
        794  6.61666666667   60.86398   204.37179    4096               -17.505
        795  6.62500000000   61.10149   204.35626    4096               -17.528
        796  6.63333333333   61.33897   204.33925    4096               -17.500
        797  6.64166666667   61.57642   204.32072    4096               -17.540
        798  6.65000000000   61.81383   204.30063    4096               -17.586
        799  6.65833333333   62.05120   204.27893    4096               -17.629
        800  6.66666666667   62.28852   204.25557    4096               -17.668
        801  6.67500000000   62.52579   204.23052    4096               -17.702
        802  6.68333333333   62.76302   204.20372    4096               -17.711
        803  6.69166666667   63.00018   204.17512    4096               -17.747
        804  6.70000000000   63.23729   204.14466    4096               -17.789
        805  6.70833333333   63.47433   204.11230    4096               -17.823
        806  6.71666666667   63.71130   204.07797    4096               -17.828
        807  6.72500000000   63.94819   204.04163    4096               -17.801
        808  6.73333333333   64.18501   204.00320    4096               -17.788
        809  6.74166666667   64.42175   203.96263    4096               -17.820
        810  6.75000000000   64.65840   203.91985    4096               -17.861
        811  6.75833333333   64.89495   203.87480    4096               -17.882
        812  6.76666666667   65.13141   203.82741    4096               -17.892
        813  6.77500000000   65.36777   203.77760    4096               -17.919
        814  6.78333333333   65.60402   203.72530    4096               -17.882
        815  6.79166666667   65.84015   203.67044    4096               -17.936
        816  6.80000000000   66.07617   203.61293    4096               -18.001
        817  6.80833333333   66.31205   203.55270    4096               -18.044
        818  6.81666666667   66.54781   203.48964    4096               -18.042
        819  6.82500000000   66.78343   203.42369    4096               -18.045
        820  6.83333333333   67.01891   203.35474    4096               -18.054
        821  6.84166666667   67.25424   203.28269    4096               -18.048
        822  6.85000000000   67.48941   203.20745    4096               -18.109
        823  6.85833333333   67.72441   203.12892    4096               -18.122
        824  6.86666666667   67.95924   203.04698    4096               -18.120
        825  6.87500000000   68.19390   202.96152    4096               -18.092
        826  6.88333333333   68.42836   202.87242    4096               -18.082
        827  6.89166666667   68.66263   202.77957    4096               -18.035
        828  6.90000000000   68.89670   202.68283    4096               -18.013
        829  6.90833333333   69.13056   202.58207    4096               -18.023
        830  6.91666666667   69.36419   202.47716    4096               -18.060
        831  6.92500000000   69.59759   202.36795    4096               -18.034
        832  6.93333333333   69.83075   202.25429    4096               -18.010
        833  6.94166666667   70.06366   202.13602    4096               -17.980
        834  6.95000000000   70.29631   202.01298    4096               -17.978
        835  6.95833333333   70.52868   201.88500    4096               -17.965
        836  6.96666666667   70.76077   201.75190    4096               -17.983
        837  6.97500000000   70.99257   201.61349    4096               -18.004
        838  6.98333333333   71.22406   201.46959    4096               -18.005
        839  6.99166666667   71.45522   201.31998    4096               -17.994
        840  7.00000000000   71.68605   201.16445    4096               -17.992
        841  7.00833333333   71.91653   201.00278    4096               -18.014
        842  7.01666666667   72.14665   200.83474    4096               -17.997
        843  7.02500000000   72.37639   200.66008    4096               -17.981
        844  7.03333333333   72.60573   200.47855    4096               -17.957
        845  7.04166666667   72.83466   200.28987    4096               -17.972
        846  7.05000000000   73.06315   200.09377    4096               -17.974
        847  7.05833333333   73.29120   199.88996    4096               -18.016
        848  7.06666666667   73.51878   199.67811    4096               -18.063
        849  7.07500000000   73.74587   199.45791    4096               -18.114
        850  7.08333333333   73.97245   199.22901    4096               -18.181
        851  7.09166666667   74.19850   198.99107    4096               -18.239
        852  7.10000000000   74.42399   198.74369    4096               -18.232
        853  7.10833333333   74.64889   198.48648    4096               -18.230
        854  7.11666666667   74.87319   198.21904    4096               -18.204
        855  7.12500000000   75.09685   197.94091    4096               -18.175
        856  7.13333333333   75.31984   197.65165    4096               -18.191
        857  7.14166666667   75.54214   197.35076    4096               -18.163
        858  7.15000000000   75.76371   197.03773    4096               -18.162
        859  7.15833333333   75.98451   196.71203    4096               -18.153
        860  7.16666666667   76.20451   196.37309    4096               -18.115
        861  7.17500000000   76.42367   196.02032    4096               -18.091
        862  7.18333333333   76.64194   195.65308    4096               -18.092
        863  7.19166666667   76.85930   195.27071    4096               -18.040
        864  7.20000000000   77.07568   194.87252    4096               -17.984
        865  7.20833333333   77.29104   194.45777    4096               -17.959
        866  7.21666666667   77.50532   194.02568    4096               -17.969
        867  7.22500000000   77.71848   193.57544    4096               -17.950
        868  7.23333333333   77.93046   193.10619    4096               -17.940
        869  7.24166666667   78.14118   192.61700    4096               -17.946
        870  7.25000000000   78.35059   192.10694    4096               -17.938
        871  7.25833333333   78.55861   191.57499    4096               -17.957
        872  7.26666666667   78.76516   191.02009    4096               -17.958
        873  7.27500000000   78.97018   190.44113    4096               -17.950
        874  7.28333333333   79.17356   189.83693    4096               -17.941
        875  7.29166666667   79.37523   189.20627    4096               -17.945
        876  7.30000000000   79.57507   188.54785    4096               -17.948
        877  7.30833333333   79.77299   187.86031    4096               -17.936
        878  7.31666666667   79.96888   187.14225    4096               -17.931
        879  7.32500000000   80.16262   186.39218    4096               -17.931
        880  7.33333333333   80.35407   185.60857    4096               -17.927
        881  7.34166666667   80.54311   184.78981    4096               -17.916
        882  7.35000000000   80.72958   183.93424    4096               -17.910
        883  7.35833333333   80.91334   183.04016    4096               -17.886
        884  7.36666666667   81.09422   182.10581    4096               -17.869
        885  7.37500000000   81.27205   181.12937    4096               -17.833
        886  7.38333333333   81.44663   180.10904    4096               -17.825
        887  7.39166666667   81.61777   179.04295    4096               -17.794
        888  7.40000000000   81.78526   177.92925    4096               -17.747
        889  7.40833333333   81.94888   176.76612    4096               -17.705
        890  7.41666666667   82.10839   175.55177    4096               -17.664
        891  7.42500000000   82.26354   174.28446    4096               -17.620
        892  7.43333333333   82.41407   172.96258    4096               -17.586
        893  7.44166666667   82.55970   171.58465    4096               -17.543
        894  7.45000000000   82.70015   170.14935    4096               -17.513
        895  7.45833333333   82.83511   168.65562    4096               -17.491
        896  7.46666666667   82.96429   167.10267    4096               -17.468
        897  7.47500000000   83.08736   165.49002    4096               -17.466
        898  7.48333333333   83.20399   163.81762    4096               -17.430
        899  7.49166666667   83.31387   162.08586    4096               -17.364
        900  7.50000000000   83.41664   160.29565    4096               -17.338
        901  7.50833333333   83.51200   158.44845    4096               -17.257
        902  7.51666666667   83.59961   156.54636    4096               -17.128
        903  7.52500000000   83.67916   154.59213    4096               -17.154
        904  7.53333333333   83.75036   152.58920    4096               -17.137
        905  7.54166666667   83.81291   150.54169    4096               -17.090
        906  7.55000000000   83.86658   148.45439    4096               -17.022
        907  7.55833333333   83.91112   146.33277    4096               -16.954
        908  7.56666666667   83.94636   144.18285    4096               -16.952
        909  7.57500000000   83.97213   142.01118    4096               -16.858
        910  7.58333333333   83.98833   139.82469    4096               -16.816
        911  7.59166666667   83.99488   137.63061    4096               -16.762
        912  7.60000000000   83.99178   135.43632    4096               -16.670
        913  7.60833333333   83.97904   133.24919    4096               -16.635
        914  7.61666666667   83.95674   131.07647    4096               -16.544
        915  7.62500000000   83.92498   128.92513    4096               -16.388
        916  7.63333333333   83.88394   126.80176    4096               -16.432
        917  7.64166666667   83.83381   124.71245    4096               -16.377
        918  7.65000000000   83.77481   122.66270    4096               -16.322
        919  7.65833333333   83.70722   120.65737    4096               -16.215
        920  7.66666666667   83.63131   118.70068    4096               -16.172
        921  7.67500000000   83.54738   116.79610    4096               -16.205
        922  7.68333333333   83.45577   114.94647    4096               -16.155
        923  7.69166666667   83.35679   113.15393    4096               -16.022
        924  7.70000000000   83.25079   111.42001    4096               -16.018
        925  7.70833333333   83.13810   109.74568    4096               -15.904
        926  7.71666666667   83.01906   108.13137    4096               -15.811
        927  7.72500000000   82.89399   106.57707    4096               -15.878
        928  7.73333333333   82.76322   105.08234    4096               -15.957
        929  7.74166666667   82.62706   103.64642    4096               -16.091
        930  7.75000000000   82.48582   102.26826    4096               -16.222
        931  7.75833333333   82.33980   100.94659    4096               -16.319
        932  7.76666666667   82.18926    99.67992    4096               -16.147
        933  7.77500000000   82.03448    98.46666    4096               -15.666
        934  7.78333333333   81.87570    97.30507    4096               -15.224
        935  7.79166666667   81.71318    96.19339    4096               -15.055
        936  7.80000000000   81.54713    95.12978    4096               -15.314
        937  7.80833333333   81.37777    94.11239    4096               -15.329
        938  7.81666666667   81.20530    93.13938    4096               -15.422
        939  7.82500000000   81.02992    92.20890    4096               -15.788
        940  7.83333333333   80.85179    91.31916    4096               -15.940
        941  7.84166666667   80.67108    90.46839    4096               -15.982
        942  7.85000000000   80.48796    89.65488    4096               -15.885
        943  7.85833333333   80.30257    88.87696    4096               -15.846
        944  7.86666666667   80.11504    88.13302    4096               -15.911
        945  7.87500000000   79.92551    87.42153    4096               -16.026
        946  7.88333333333   79.73409    86.74099    4096               -16.153
        947  7.89166666667   79.54090    86.08998    4096               -16.485
        948  7.90000000000   79.34604    85.46715    4096               -16.259
        949  7.90833333333   79.14961    84.87120    4096               -15.973
        950  7.91666666667   78.95171    84.30089    4096               -16.501
        951  7.92500000000   78.75242    83.75503    4096               -16.428
        952  7.93333333333   78.55183    83.23252    4096               -16.313
        953  7.94166666667   78.35000    82.73229    4096               -16.137
        954  7.95000000000   78.14701    82.25332    4096               -15.974
        955  7.95833333333   77.94294    81.79465    4096               -15.926
        956  7.96666666667   77.73783    81.35536    4096               -15.786
        957  7.97500000000   77.53175    80.93461    4096               -15.746
        958  7.98333333333   77.32476    80.53155    4096               -15.649
        959  7.99166666667   77.11690    80.14541    4096               -15.625
        960  8.00000000000   76.90855    79.77656    4096               -15.714
        961  8.00833333333   76.69880    79.42098    4096               -15.898
        962  8.01666666667   76.48864    79.08131    4096               -15.929
        963  8.02500000000   76.27780    78.75583    4096               -16.411
        964  8.03333333333   76.06632    78.44393    4096               -16.379
        965  8.04166666667   75.85423    78.14505    4096               -16.434
        966  8.05000000000   75.64156    77.85863    4096               -16.404
        967  8.05833333333   75.42836    77.58418    4096               -16.450
        968  8.06666666667   75.21465    77.32120    4096               -16.193
        969  8.07500000000   75.00046    77.06923    4096               -16.057
        970  8.08333333333   74.78582    76.82783    4096               -16.116
        971  8.09166666667   74.57075    76.59657    4096               -16.217
        972  8.10000000000   74.35528    76.37508    4096               -16.190
        973  8.10833333333   74.13943    76.16295    4096               -16.317
        974  8.11666666667   73.92323    75.95984    4096               -15.846
        975  8.12500000000   73.70669    75.76541    4096               -16.272
        976  8.13333333333   73.48984    75.57931    4096               -16.304
        977  8.14166666667   73.27270    75.40126    4096               -16.206
        978  8.15000000000   73.05528    75.23093    4096               -16.109
        979  8.15833333333   72.83759    75.06807    4096               -16.170
        980  8.16666666667   72.61967    74.91238    4096               -15.997
        981  8.17500000000   72.40152    74.76363    4096               -16.012
        982  8.18333333333   72.18316    74.62156    4096               -16.051
        983  8.19166666667   71.96459    74.48593    4096               -16.207
        984  8.20000000000   71.74585    74.35653    4096               -16.115
        985  8.20833333333   71.52693    74.23314    4096               -15.938
        986  8.21666666667   71.30785    74.11555    4096               -16.118
        987  8.22500000000   71.08863    74.00357    4096               -15.914
        988  8.23333333333   70.86927    73.89702    4096               -16.086
        989  8.24166666667   70.64979    73.79570    4096               -16.012
        990  8.25000000000   70.43019    73.69946    4096               -15.886
        991  8.25833333333   70.21048    73.60812    4096               -15.863
        992  8.26666666667   69.99069    73.52154    4096               -15.744
        993  8.27500000000   69.77080    73.43955    4096               -15.751
        994  8.28333333333   69.55084    73.36201    4096               -15.550
        995  8.29166666667   69.33081    73.28879    4096               -15.659
        996  8.30000000000   69.11071    73.21975    4096               -15.708
        997  8.30833333333   68.89057    73.15477    4096               -15.612
        998  8.31666666667   68.67037    73.09372    4096               -15.383
        999  8.32500000000   68.45014    73.03648    4096               -15.165
       1000  8.33333333333   68.22988    72.98294    4096               -15.211
       1001  8.34166666667   68.00959    72.93299    4096               -15.320
       1002  8.35000000000   67.78929    72.88653    4096               -15.346
       1003  8.35833333333   67.56897    72.84346    4096               -15.036
       1004  8.36666666667   67.34864    72.80367    4096               -14.891
       1005  8.37500000000   67.12831    72.76708    4096               -15.005
       1006  8.38333333333   66.90798    72.73360    4096               -15.131
       1007  8.39166666667   66.68767    72.70313    4096               -15.043
       1008  8.40000000000   66.46737    72.67561    4096               -14.929
       1009  8.40833333333   66.24708    72.65093    4096               -14.635
       1010  8.41666666667   66.02683    72.62904    4096               -14.778
       1011  8.42500000000   65.80659    72.60985    4096               -14.445
       1012  8.43333333333   65.58640    72.59330    4096               -14.150
       1013  8.44166666667   65.36624    72.57931    4096               -13.988
       1014  8.45000000000   65.14611    72.56781    4096               -13.856
       1015  8.45833333333   64.92604    72.55874    4096               -14.226
       1016  8.46666666667   64.70601    72.55205    4096               -14.056
       1017  8.47500000000   64.48604    72.54766    4096               -14.028
       1018  8.48333333333   64.26612    72.54552    4096               -13.964
       1019  8.49166666667   64.04626    72.54558    4096               -14.130
       1020  8.50000000000   63.82646    72.54778    4096               -14.198
       1021  8.50833333333   63.60673    72.55206    4096               -13.948
       1022  8.51666666667   63.38706    72.55838    4096               -13.826
       1023  8.52500000000   63.16747    72.56669    4096               -13.669
       1024  8.53333333333   62.94796    72.57693    4096               -13.522
       1025  8.54166666667   62.72852    72.58907    4096               -13.782
       1026  8.55000000000   62.50916    72.60306    4096               -13.325
       1027  8.55833333333   62.28988    72.61885    4096               -12.785
       1028  8.56666666667   62.07069    72.63640    4096               -12.603
       1029  8.57500000000   61.85158    72.65568    4096               -12.454
       1030  8.58333333333   61.63257    72.67664    4096               -13.350
       1031  8.59166666667   61.41365    72.69924    4096               -13.405
       1032  8.60000000000   61.19482    72.72345    4096               -13.370
       1033  8.60833333333   60.97609    72.74924    4096               -13.777
       1034  8.61666666667   60.75746    72.77656    4096               -14.036
       1035  8.62500000000   60.53893    72.80538    4096               -14.284
       1036  8.63333333333   60.32051    72.83567    4096               -14.184
       1037  8.64166666667   60.10219    72.86741    4096               -14.117
       1038  8.65000000000   59.88397    72.90055    4096               -14.310
       1039  8.65833333333   59.66586    72.93507    4096               -14.398
       1040  8.66666666667   59.44787    72.97093    4096               -14.169
       1041  8.67500000000   59.22998    73.00812    4096               -14.269
       1042  8.68333333333   59.01221    73.04660    4096               -14.192
       1043  8.69166666667   58.79456    73.08634    4096               -14.317
       1044  8.70000000000   58.57702    73.12733    4096               -14.713
       1045  8.70833333333   58.35960    73.16953    4096               -15.017
       1046  8.71666666667   58.14229    73.21292    4096               -15.187
       1047  8.72500000000   57.92511    73.25747    4096               -14.839
       1048  8.73333333333   57.70806    73.30317    4096               -14.185
       1049  8.74166666667   57.49112    73.34998    4096               -13.220
       1050  8.75000000000   57.27431    73.39790    4096               -13.392
       1051  8.75833333333   57.05763    73.44689    4096               -13.827
       1052  8.76666666667   56.84108    73.49694    4096               -14.295
       1053  8.77500000000   56.62465    73.54802    4096               -14.340
       1054  8.78333333333   56.40835    73.60011    4096               -14.578
       1055  8.79166666667   56.19219    73.65320    4096               -14.510
       1056  8.80000000000   55.97615    73.70727    4096               -14.531
       1057  8.80833333333   55.76025    73.76230    4096               -14.406
       1058  8.81666666667   55.54448    73.81827    4096               -14.648
       1059  8.82500000000   55.32885    73.87516    4096               -14.180
       1060  8.83333333333   55.11335    73.93295    4096               -14.123
       1061  8.84166666667   54.89799    73.99164    4096               -14.371
       1062  8.85000000000   54.68277    74.05119    4096               -14.312
       1063  8.85833333333   54.46769    74.11161    4096               -14.427
       1064  8.86666666667   54.25274    74.17286    4096               -14.532
       1065  8.87500000000   54.03794    74.23495    4096               -14.772
       1066  8.88333333333   53.82327    74.29784    4096               -15.131
       1067  8.89166666667   53.60875    74.36154    4096               -14.799
       1068  8.90000000000   53.39437    74.42601    4096               -14.262
       1069  8.90833333333   53.18013    74.49126    4096               -14.624
       1070  8.91666666667   52.96604    74.55726    4096               -14.705
       1071  8.92500000000   52.75209    74.62400    4096               -15.277
       1072  8.93333333333   52.53829    74.69148    4096               -15.076
       1073  8.94166666667   52.32463    74.75967    4096               -14.619
       1074  8.95000000000   52.11112    74.82857    4096               -13.656
       1075  8.95833333333   51.89775    74.89817    4096               -14.661
       1076  8.96666666667   51.68453    74.96844    4096               -15.109
       1077  8.97500000000   51.47146    75.03939    4096               -15.011
       1078  8.98333333333   51.25854    75.11099    4096               -14.257
       1079  8.99166666667   51.04577    75.18324    4096               -14.610
       1080  9.00000000000   50.83314    75.25613    4096               -14.747
       1081  9.00833333333   50.62067    75.32965    4096               -14.783
       1082  9.01666666667   50.40834    75.40379    4096               -15.064
       1083  9.02500000000   50.19617    75.47853    4096               -14.912
       1084  9.03333333333   49.98414    75.55387    4096               -14.346
       1085  9.04166666667   49.77227    75.62979    4096               -13.884
       1086  9.05000000000   49.56055    75.70630    4096               -15.007
       1087  9.05833333333   49.34898    75.78337    4096               -14.359
       1088  9.06666666667   49.13757    75.86100    4096               -14.310
       1089  9.07500000000   48.92630    75.93919    4096               -14.760
       1090  9.08333333333   48.71519    76.01791    4096               -14.663
       1091  9.09166666667   48.50423    76.09717    4096               -14.648
       1092  9.10000000000   48.29343    76.17696    4096               -14.465
       1093  9.10833333333   48.08278    76.25726    4096               -13.893
       1094  9.11666666667   47.87228    76.33807    4096               -14.082
       1095  9.12500000000   47.66194    76.41938    4096               -14.235
       1096  9.13333333333   47.45175    76.50119    4096               -14.034
       1097  9.14166666667   47.24172    76.58348    4096               -14.128
       1098  9.15000000000   47.03184    76.66625    4096               -14.267
       1099  9.15833333333   46.82212    76.74949    4096               -14.302
       1100  9.16666666667   46.61255    76.83320    4096               -14.294
       1101  9.17500000000   46.40313    76.91736    4096               -14.313
       1102  9.18333333333   46.19388    77.00197    4096               -14.429
       1103  9.19166666667   45.98477    77.08703    4096               -14.503
       1104  9.20000000000   45.77583    77.17252    4096               -14.596
       1105  9.20833333333   45.56704    77.25844    4096               -14.678
       1106  9.21666666667   45.35840    77.34479    4096               -14.751
       1107  9.22500000000   45.14992    77.43155    4096               -14.851
       1108  9.23333333333   44.94160    77.51873    4096               -14.758
       1109  9.24166666667   44.73343    77.60631    4096               -14.629
       1110  9.25000000000   44.52542    77.69429    4096               -14.601
       1111  9.25833333333   44.31756    77.78266    4096               -14.646
       1112  9.26666666667   44.10987    77.87142    4096               -14.569
       1113  9.27500000000   43.90232    77.96056    4096               -14.461
       1114  9.28333333333   43.69494    78.05008    4096               -14.700
       1115  9.29166666667   43.48771    78.13997    4096               -14.717
       1116  9.30000000000   43.28063    78.23022    4096               -14.729
       1117  9.30833333333   43.07372    78.32084    4096               -14.604
       1118  9.31666666667   42.86695    78.41181    4096               -14.621
       1119  9.32500000000   42.66035    78.50313    4096               -14.262
       1120  9.33333333333   42.45390    78.59480    4096               -14.268
       1121  9.34166666667   42.24761    78.68680    4096               -14.466
       1122  9.35000000000   42.04147    78.77914    4096               -14.472
       1123  9.35833333333   41.83549    78.87181    4096               -14.409
       1124  9.36666666667   41.62966    78.96480    4096               -14.079
       1125  9.37500000000   41.42399    79.05812    4096               -14.208
       1126  9.38333333333   41.21848    79.15175    4096               -14.485
       1127  9.39166666667   41.01312    79.24570    4096               -14.444
       1128  9.40000000000   40.80792    79.33995    4096               -14.353
       1129  9.40833333333   40.60287    79.43450    4096               -14.547
       1130  9.41666666667   40.39798    79.52935    4096               -14.421
       1131  9.42500000000   40.19324    79.62450    4096               -14.496
       1132  9.43333333333   39.98866    79.71994    4096               -14.152
       1133  9.44166666667   39.78423    79.81566    4096               -14.422
       1134  9.45000000000   39.57996    79.91166    4096               -14.229
       1135  9.45833333333   39.37584    80.00795    4096               -14.237
       1136  9.46666666667   39.17188    80.10450    4096               -14.416
       1137  9.47500000000   38.96807    80.20133    4096               -14.311
       1138  9.48333333333   38.76441    80.29842    4096               -14.237
       1139  9.49166666667   38.56091    80.39578    4096               -14.115
       1140  9.50000000000   38.35756    80.49339    4096               -14.311
       1141  9.50833333333   38.15437    80.59126    4096               -14.258
       1142  9.51666666667   37.95133    80.68938    4096               -14.194
       1143  9.52500000000   37.74844    80.78775    4096               -13.823
       1144  9.53333333333   37.54571    80.88636    4096               -14.088
       1145  9.54166666667   37.34312    80.98521    4096               -14.112
       1146  9.55000000000   37.14069    81.08430    4096               -14.052
       1147  9.55833333333   36.93842    81.18362    4096               -13.999
       1148  9.56666666667   36.73629    81.28318    4096               -13.958
       1149  9.57500000000   36.53432    81.38296    4096               -13.862
       1150  9.58333333333   36.33250    81.48296    4096               -13.814
       1151  9.59166666667   36.13083    81.58319    4096               -13.694
       1152  9.60000000000   35.92931    81.68363    4096               -13.701
       1153  9.60833333333   35.72794    81.78429    4096               -13.784
       1154  9.61666666667   35.52672    81.88516    4096               -13.765
       1155  9.62500000000   35.32565    81.98624    4096               -13.734
       1156  9.63333333333   35.12473    82.08752    4096               -13.664
       1157  9.64166666667   34.92396    82.18900    4096               -13.649
       1158  9.65000000000   34.72335    82.29069    4096               -13.616
       1159  9.65833333333   34.52288    82.39257    4096               -13.571
       1160  9.66666666667   34.32256    82.49464    4096               -13.512
       1161  9.67500000000   34.12238    82.59690    4096               -13.557
       1162  9.68333333333   33.92236    82.69936    4096               -13.560
       1163  9.69166666667   33.72248    82.80199    4096               -13.767
       1164  9.70000000000   33.52276    82.90481    4096               -13.885
       1165  9.70833333333   33.32317    83.00781    4096               -13.728
       1166  9.71666666667   33.12374    83.11098    4096               -13.769
       1167  9.72500000000   32.92445    83.21433    4096               -13.697
       1168  9.73333333333   32.72531    83.31785    4096               -13.549
       1169  9.74166666667   32.52632    83.42154    4096               -13.606
       1170  9.75000000000   32.32747    83.52539    4096               -13.599
       1171  9.75833333333   32.12877    83.62941    4096               -13.552
       1172  9.76666666667   31.93021    83.73359    4096               -13.567
       1173  9.77500000000   31.73180    83.83793    4096               -13.577
       1174  9.78333333333   31.53353    83.94242    4096               -13.591
       1175  9.79166666667   31.33541    84.04707    4096               -13.619
       1176  9.80000000000   31.13743    84.15187    4096               -13.650
       1177  9.80833333333   30.93959    84.25682    4096               -13.694
       1178  9.81666666667   30.74190    84.36191    4096               -13.741
       1179  9.82500000000   30.54435    84.46715    4096               -13.870
       1180  9.83333333333   30.34694    84.57253    4096               -13.904
       1181  9.84166666667   30.14967    84.67804    4096               -13.946
       1182  9.85000000000   29.95255    84.78370    4096               -13.974
       1183  9.85833333333   29.75556    84.88949    4096               -14.026
       1184  9.86666666667   29.55872    84.99541    4096               -13.982
       1185  9.87500000000   29.36202    85.10147    4096               -14.054
       1186  9.88333333333   29.16546    85.20765    4096               -13.937
       1187  9.89166666667   28.96904    85.31396    4096               -13.875
       1188  9.90000000000   28.77276    85.42039    4096               -13.871
       1189  9.90833333333   28.57662    85.52694    4096               -13.846
       1190  9.91666666667   28.38061    85.63361    4096               -13.643
       1191  9.92500000000   28.18475    85.74040    4096               -13.772
       1192  9.93333333333   27.98902    85.84731    4096               -13.627
       1193  9.94166666667   27.79343    85.95433    4096               -13.729
       1194  9.95000000000   27.59798    86.06146    4096               -13.602
       1195  9.95833333333   27.40266    86.16870    4096               -13.538
       1196  9.96666666667   27.20748    86.27604    4096               -13.465
       1197  9.97500000000   27.01244    86.38349    4096               -13.277
       1198  9.98333333333   26.81753    86.49105    4096               -12.822
       1199  9.99166666667   26.62276    86.59870    4096               -13.118
       1200 10.00000000000   26.42884    86.70599    4096               -13.206
       1201 10.00833333333   26.23362    86.81431    4096               -12.562
       1202 10.01666666667   26.03925    86.92226    4096               -13.174
       1203 10.02500000000   25.84502    87.03030    4096               -13.122
       1204 10.03333333333   25.65092    87.13843    4096               -13.124
       1205 10.04166666667   25.45695    87.24665    4096               -12.872
       1206 10.05000000000   25.26311    87.35496    4096               -13.186
       1207 10.05833333333   25.06941    87.46335    4096               -12.978
       1208 10.06666666667   24.87583    87.57183    4096               -12.903
       1209 10.07500000000   24.68239    87.68039    4096               -12.906
       1210 10.08333333333   24.48908    87.78904    4096               -12.807
       1211 10.09166666667   24.29590    87.89776    4096               -12.666
       1212 10.10000000000   24.10285    88.00655    4096               -12.432
       1213 10.10833333333   23.90993    88.11542    4096               -12.647
       1214 10.11666666667   23.71714    88.22437    4096               -12.678
       1215 10.12500000000   23.52448    88.33339    4096               -12.544
       1216 10.13333333333   23.33194    88.44247    4096               -12.425
       1217 10.14166666667   23.13954    88.55163    4096               -12.474
       1218 10.15000000000   22.94726    88.66085    4096               -12.438
       1219 10.15833333333   22.75511    88.77013    4096               -12.019
       1220 10.16666666667   22.56308    88.87948    4096               -12.492
       1221 10.17500000000   22.37118    88.98889    4096               -12.286
       1222 10.18333333333   22.17941    89.09836    4096               -12.563
       1223 10.19166666667   21.98776    89.20789    4096               -12.074
       1224 10.20000000000   21.79624    89.31747    4096               -12.134
       1225 10.20833333333   21.60484    89.42711    4096               -12.007
       1226 10.21666666667   21.41357    89.53680    4096               -11.845
       1227 10.22500000000   21.22242    89.64654    4096               -11.803
       1228 10.23333333333   21.03139    89.75633    4096               -11.661
       1229 10.24166666667   20.84049    89.86617    4096               -12.030
       1230 10.25000000000   20.64970    89.97606    4096               -12.023
       1231 10.25833333333   20.45904    90.08599    4096               -12.300
       1232 10.26666666667   20.26851    90.19596    4096               -11.955
       1233 10.27500000000   20.07809    90.30598    4096               -12.239
       1234 10.28333333333   19.88779    90.41604    4096               -12.262
       1235 10.29166666667   19.69762    90.52613    4096               -11.213
       1236 10.30000000000   19.50756    90.63626    4096               -11.145
       1237 10.30833333333   19.31762    90.74643    4096               -11.013
       1238 10.31666666667   19.12780    90.85663    4096               -11.462
       1239 10.32500000000   18.93810    90.96687    4096               -11.022
       1240 10.33333333333   18.74852    91.07713    4096               -11.860
       1241 10.34166666667   18.55906    91.18742    4096               -11.905
       1242 10.35000000000   18.36971    91.29775    4096               -11.462
       1243 10.35833333333   18.18048    91.40810    4096               -11.460
       1244 10.36666666667   17.99137    91.51847    4096               -11.198
       1245 10.37500000000   17.80237    91.62887    4096               -11.302
       1246 10.38333333333   17.61349    91.73929    4096               -11.218
       1247 10.39166666667   17.42472    91.84973    4096               -11.067
       1248 10.40000000000   17.23607    91.96018    4096               -11.147
       1249 10.40833333333   17.04753    92.07066    4096               -11.537
       1250 10.41666666667   16.85911    92.18115    4096               -11.416
       1251 10.42500000000   16.67080    92.29166    4096               -11.266
       1252 10.43333333333   16.48260    92.40218    4096               -11.159
       1253 10.44166666667   16.29451    92.51271    4096               -11.602
       1254 10.45000000000   16.10654    92.62326    4096               -11.834
       1255 10.45833333333   15.91868    92.73381    4096               -11.839
       1256 10.46666666667   15.73093    92.84437    4096               -11.821
       1257 10.47500000000   15.54329    92.95493    4096               -11.863
       1258 10.48333333333   15.35576    93.06550    4096               -11.426
       1259 10.49166666667   15.16834    93.17608    4096               -11.942
       1260 10.50000000000   14.98103    93.28665    4096               -11.819
       1261 10.50833333333   14.79383    93.39723    4096               -12.033
       1262 10.51666666667   14.60673    93.50780    4096               -11.722
       1263 10.52500000000   14.41975    93.61838    4096               -11.719
       1264 10.53333333333   14.23287    93.72895    4096               -11.281
       1265 10.54166666667   14.04610    93.83951    4096               -11.246
       1266 10.55000000000   13.85944    93.95007    4096               -11.436
       1267 10.55833333333   13.67289    94.06062    4096               -11.614
       1268 10.56666666667   13.48644    94.17116    4096               -11.760
       1269 10.57500000000   13.30009    94.28169    4096               -11.866
       1270 10.58333333333   13.11385    94.39221    4096               -12.181
       1271 10.59166666667   12.92772    94.50272    4096               -12.535
       1272 10.60000000000   12.74169    94.61321    4096               -12.736
       1273 10.60833333333   12.55576    94.72369    4096               -12.836
       1274 10.61666666667   12.36994    94.83415    4096               -12.377
       1275 10.62500000000   12.18422    94.94459    4096               -12.373
       1276 10.63333333333   11.99861    95.05501    4096               -13.031
       1277 10.64166666667   11.81309    95.16542    4096               -12.986
       1278 10.65000000000   11.62768    95.27579    4096               -12.676
       1279 10.65833333333   11.44237    95.38615    4096               -12.778
       1280 10.66666666667   11.25716    95.49648    4096               -13.335
       1281 10.67500000000   11.07205    95.60678    4096               -13.440
       1282 10.68333333333   10.88704    95.71706    4096               -13.500
       1283 10.69166666667   10.70214    95.82731    4096               -13.557
       1284 10.70000000000   10.51733    95.93752    4096               -13.462
       1285 10.70833333333   10.33262    96.04771    4096               -13.601
       1286 10.71666666667   10.14801    96.15786    4096               -14.059
       1287 10.72500000000    9.96349    96.26798    4096               -14.262
       1288 10.73333333333    9.77908    96.37807    4096               -13.767
       1289 10.74166666667    9.59476    96.48811    4096               -13.791
       1290 10.75000000000    9.41054    96.59812    4096               -13.728
       1291 10.75833333333    9.22641    96.70809    4096               -13.988
       1292 10.76666666667    9.04238    96.81802    4096               -14.120
       1293 10.77500000000    8.85845    96.92791    4096               -14.090
       1294 10.78333333333    8.67461    97.03776    4096               -13.964
       1295 10.79166666667    8.49087    97.14756    4096               -13.558
       1296 10.80000000000    8.30722    97.25731    4096               -13.558
       1297 10.80833333333    8.12367    97.36702    4096               -13.588
       1298 10.81666666667    7.94021    97.47668    4096               -13.528
       1299 10.82500000000    7.75685    97.58630    4096               -13.346
       1300 10.83333333333    7.57357    97.69586    4096               -13.450
       1301 10.84166666667    7.39039    97.80537    4096               -13.620
       1302 10.85000000000    7.20730    97.91482    4096               -13.606
       1303 10.85833333333    7.02431    98.02423    4096               -13.458
       1304 10.86666666667    6.84140    98.13357    4096               -13.485
       1305 10.87500000000    6.65859    98.24286    4096               -13.459
       1306 10.88333333333    6.47587    98.35209    4096               -13.442
       1307 10.89166666667    6.29323    98.46127    4096               -13.380
       1308 10.90000000000    6.11069    98.57038    4096               -13.369
       1309 10.90833333333    5.92824    98.67943    4096               -13.432
       1310 10.91666666667    5.74587    98.78842    4096               -13.356
       1311 10.92500000000    5.56360    98.89734    4096               -13.105
       1312 10.93333333333    5.38141    99.00620    4096               -12.865
       2438 20.31666666667    4.73198   342.89645    4096                -1.436
       2439 20.32500000000    4.78206   342.72283    4096                -1.578
       2440 20.33333333333    4.83127   342.54887    4096                -1.654
       2441 20.34166666667    4.87961   342.37458    4096                -1.587
       2442 20.35000000000    4.92708   342.19995    4096                -1.507
       2443 20.35833333333    4.97368   342.02499    4096                -1.616
       2444 20.36666666667    5.01940   341.84970    4096                -1.829
       2445 20.37500000000    5.06425   341.67410    4096                -1.776
       2446 20.38333333333    5.10822   341.49817    4096                -1.863
       2447 20.39166666667    5.15130   341.32193    4096                -1.786
       2448 20.40000000000    5.19351   341.14539    4096                -1.692
       2449 20.40833333333    5.23483   340.96854    4096                -1.709
       2450 20.41666666667    5.27526   340.79138    4096                -1.637
       2451 20.42500000000    5.31480   340.61394    4096                -1.591
       2452 20.43333333333    5.35344   340.43620    4096                -1.813
       2453 20.44166666667    5.39120   340.25817    4096                -1.560
       2454 20.45000000000    5.42806   340.07986    4096                -1.913
       2455 20.45833333333    5.46402   339.90127    4096                -2.130
       2456 20.46666666667    5.49908   339.72240    4096                -2.247
       2457 20.47500000000    5.53325   339.54327    4096                -2.590
       2458 20.48333333333    5.56651   339.36387    4096                -2.513
       2459 20.49166666667    5.59886   339.18421    4096                -2.854
       2460 20.50000000000    5.63031   339.00430    4096                -2.748
       2461 20.50833333333    5.66085   338.82413    4096                -2.589
       2462 20.51666666667    5.69049   338.64371    4096                -2.556
       2463 20.52500000000    5.71921   338.46306    4096                -2.503
       2464 20.53333333333    5.74702   338.28216    4096                -2.660
       2465 20.54166666667    5.77392   338.10104    4096                -2.956
       2466 20.55000000000    5.79991   337.91968    4096                -3.099
       2467 20.55833333333    5.82497   337.73810    4096                -3.234
       2468 20.56666666667    5.84912   337.55630    4096                -3.352
       2469 20.57500000000    5.87236   337.37429    4096                -3.504
       2470 20.58333333333    5.89467   337.19207    4096                -3.331
       2471 20.59166666667    5.91606   337.00965    4096                -3.391
       2472 20.60000000000    5.93654   336.82702    4096                -3.482
       2473 20.60833333333    5.95609   336.64421    4096                -3.399
       2474 20.61666666667    5.97471   336.46120    4096                -3.100
       2475 20.62500000000    5.99242   336.27801    4096                -2.953
       2476 20.63333333333    6.00919   336.09463    4096                -3.147
       2477 20.64166666667    6.02505   335.91109    4096                -3.074
       2478 20.65000000000    6.03997   335.72737    4096                -3.028
       2479 20.65833333333    6.05397   335.54349    4096                -3.057
       2480 20.66666666667    6.06704   335.35945    4096                -3.125
       2481 20.67500000000    6.07918   335.17525    4096                -3.112
       2482 20.68333333333    6.09040   334.99090    4096                -3.005
       2483 20.69166666667    6.10068   334.80641    4096                -2.834
       2484 20.70000000000    6.11004   334.62178    4096                -2.847
       2485 20.70833333333    6.11846   334.43701    4096                -2.946
       2486 20.71666666667    6.12596   334.25211    4096                -2.977
       2487 20.72500000000    6.13252   334.06709    4096                -2.903
       2488 20.73333333333    6.13815   333.88195    4096                -2.838
       2489 20.74166666667    6.14286   333.69669    4096                -2.873
       2490 20.75000000000    6.14663   333.51132    4096                -2.777
       2491 20.75833333333    6.14947   333.32585    4096                -2.975
       2492 20.76666666667    6.15138   333.14028    4096                -2.971
       2493 20.77500000000    6.15236   332.95461    4096                -3.080
       2494 20.78333333333    6.15241   332.76885    4096                -2.934
       2495 20.79166666667    6.15153   332.58301    4096                -2.932
       2496 20.80000000000    6.14972   332.39709    4096                -2.894
       2497 20.80833333333    6.14697   332.21109    4096                -2.685
       2498 20.81666666667    6.14330   332.02503    4096                -2.769
       2499 20.82500000000    6.13870   331.83889    4096                -2.731
       2500 20.83333333333    6.13317   331.65270    4096                -2.827
       2501 20.84166666667    6.12671   331.46646    4096                -2.864
       2502 20.85000000000    6.11933   331.28016    4096                -2.694
       2503 20.85833333333    6.11102   331.09382    4096                -2.645
       2504 20.86666666667    6.10178   330.90744    4096                -2.477
       2505 20.87500000000    6.09161   330.72102    4096                -2.494
       2506 20.88333333333    6.08052   330.53458    4096                -2.491
       2507 20.89166666667    6.06851   330.34811    4096                -2.434
       2508 20.90000000000    6.05557   330.16162    4096                -2.414
       2509 20.90833333333    6.04171   329.97511    4096                -2.243
       2510 20.91666666667    6.02693   329.78859    4096                -2.104
       2511 20.92500000000    6.01123   329.60207    4096                -1.961
       2512 20.93333333333    5.99461   329.41555    4096                -1.903
       2513 20.94166666667    5.97708   329.22903    4096                -1.848
       2514 20.95000000000    5.95862   329.04252    4096                -1.813
       2515 20.95833333333    5.93925   328.85602    4096                -1.721
       2516 20.96666666667    5.91897   328.66954    4096                -1.904
       2517 20.97500000000    5.89777   328.48309    4096                -1.886
       2518 20.98333333333    5.87566   328.29666    4096                -1.860
       2519 20.99166666667    5.85264   328.11026    4096                -1.701
       2520 21.00000000000    5.82871   327.92390    4096                -1.657
       2521 21.00833333333    5.80387   327.73759    4096                -1.524
       2522 21.01666666667    5.77813   327.55132    4096                -1.463
       2523 21.02500000000    5.75149   327.36510    4096                -1.487
       2524 21.03333333333    5.72394   327.17894    4096                -1.470
       2525 21.04166666667    5.69549   326.99283    4096                -1.390
       2526 21.05000000000    5.66615   326.80679    4096                -1.306
       2527 21.05833333333    5.63590   326.62082    4096                -1.367
       2528 21.06666666667    5.60477   326.43493    4096                -1.347
       2529 21.07500000000    5.57273   326.24911    4096                -1.201
       2530 21.08333333333    5.53981   326.06337    4096                -1.153
       2531 21.09166666667    5.50600   325.87772    4096                -1.267
       2532 21.10000000000    5.47130   325.69216    4096                -1.340
       2533 21.10833333333    5.43572   325.50670    4096                -1.282
       2534 21.11666666667    5.39925   325.32133    4096                -1.392
       2535 21.12500000000    5.36191   325.13607    4096                -1.473
       2536 21.13333333333    5.32368   324.95092    4096                -1.311
       2537 21.14166666667    5.28458   324.76588    4096                -1.234
       2538 21.15000000000    5.24461   324.58095    4096                -1.205
       2539 21.15833333333    5.20377   324.39614    4096                -1.105
       2540 21.16666666667    5.16205   324.21146    4096                -1.183
       2541 21.17500000000    5.11947   324.02691    4096                -1.048
       2542 21.18333333333    5.07603   323.84248    4096                -0.912
       2543 21.19166666667    5.03172   323.65820    4096                -0.992
       2544 21.20000000000    4.98656   323.47405    4096                -1.023
       2545 21.20833333333    4.94054   323.29005    4096                -0.921
       2546 21.21666666667    4.89367   323.10619    4096                -0.832
