# Created on 2018-12-12 16:17:49 
# Sources: d:\gpsother\tec-suite\in\2015\abcd0770.15d.Z, d:\gpsother\tec-suite\in\2015\brdc0770.15g.Z
# Satellite: R06 (k = -4.0)
# Interval: 30.0
# Sampling interval: 0.0 (not used).
# Site: abcd
# Position (L, B, H): 253.601641965, 52.1962622634, 578.574894483
# Position (X, Y, Z): -1106129.71, -3758704.03, 5016675.77
# datetime format: %Y-%m-%dT%H:%M:%S
# Columns: tsn, hour, el, az, validity, tec.l1l2
# (I11,1X,F14.11,1X,F10.5,1X,F11.5,1X,I7,1X,F21.3)
          0  0.00000000000   34.47730   298.14226       0               -25.125
          1  0.00833333333   34.45676   297.82360       0               -25.428
          2  0.01666666667   34.43429   297.50514       0               -25.324
          3  0.02500000000   34.40991   297.18689       0               -25.348
          4  0.03333333333   34.38362   296.86889       0               -25.365
          5  0.04166666667   34.35542   296.55116       0               -25.283
          6  0.05000000000   34.32531   296.23372       0               -25.191
          7  0.05833333333   34.29329   295.91658       0               -25.012
          8  0.06666666667   34.25938   295.59979       0               -24.754
          9  0.07500000000   34.22357   295.28335       0               -24.514
         10  0.08333333333   34.18586   294.96730       0               -24.470
         11  0.09166666667   34.14626   294.65164       0               -24.151
         12  0.10000000000   34.10478   294.33642       0               -24.342
         13  0.10833333333   34.06142   294.02164       0               -24.162
         14  0.11666666667   34.01618   293.70733       0               -24.195
         15  0.12500000000   33.96908   293.39351       0               -23.942
         16  0.13333333333   33.92010   293.08021       0               -23.692
         17  0.14166666667   33.86927   292.76744       0               -23.510
         18  0.15000000000   33.81658   292.45522       0               -23.105
         19  0.15833333333   33.76204   292.14359       0               -22.585
         20  0.16666666667   33.70566   291.83254       0               -22.423
         21  0.17500000000   33.64744   291.52212       0               -22.463
         22  0.18333333333   33.58739   291.21234       0               -22.071
         23  0.19166666667   33.52551   290.90321       0               -22.152
         24  0.20000000000   33.46182   290.59477       0               -22.214
         25  0.20833333333   33.39632   290.28702       0               -21.637
         26  0.21666666667   33.32901   289.97998       0               -21.176
         27  0.22500000000   33.25990   289.67369       0               -20.911
         28  0.23333333333   33.18901   289.36815       0               -20.732
         29  0.24166666667   33.11634   289.06338       0               -20.410
         30  0.25000000000   33.04189   288.75940       0               -20.415
         31  0.25833333333   32.96567   288.45624       0               -20.006
         32  0.26666666667   32.88770   288.15390       0               -19.492
         33  0.27500000000   32.80798   287.85241       0               -18.682
         34  0.28333333333   32.72651   287.55178       0               -18.492
         35  0.29166666667   32.64332   287.25202       0               -18.515
         36  0.30000000000   32.55840   286.95317       0               -18.321
         37  0.30833333333   32.47177   286.65522       0               -18.675
         38  0.31666666667   32.38343   286.35821       0               -18.804
         39  0.32500000000   32.29339   286.06213       0               -19.036
         40  0.33333333333   32.20167   285.76702       0               -19.150
         41  0.34166666667   32.10827   285.47288       0               -19.166
         42  0.35000000000   32.01320   285.17973       0               -18.985
         43  0.35833333333   31.91647   284.88758       0               -19.188
         44  0.36666666667   31.81809   284.59644       0               -19.165
         45  0.37500000000   31.71808   284.30634       0               -18.700
         46  0.38333333333   31.61644   284.01728       0               -18.643
         47  0.39166666667   31.51318   283.72928       0               -18.557
         48  0.40000000000   31.40831   283.44235       0               -18.381
         49  0.40833333333   31.30185   283.15651       0               -18.657
         50  0.41666666667   31.19380   282.87175       0               -18.556
         51  0.42500000000   31.08417   282.58811       0               -18.321
         52  0.43333333333   30.97298   282.30558       0               -18.306
         53  0.44166666667   30.86024   282.02418       0               -18.287
         54  0.45000000000   30.74595   281.74392       0               -18.410
         55  0.45833333333   30.63014   281.46481       0               -18.710
         56  0.46666666667   30.51280   281.18686       0               -18.921
         57  0.47500000000   30.39396   280.91009       0               -19.314
         58  0.48333333333   30.27362   280.63449       0               -19.490
         59  0.49166666667   30.15179   280.36008       0               -19.509
         60  0.50000000000   30.02849   280.08687       0               -19.596
         61  0.50833333333   29.92826   279.81085       0               -19.546
         62  0.51666666667   29.80191   279.54025       0               -19.624
         63  0.52500000000   29.67429   279.27084       0               -19.717
         64  0.53333333333   29.54540   279.00262       0               -19.420
         65  0.54166666667   29.41525   278.73559       0               -19.003
         66  0.55000000000   29.28386   278.46977       0               -19.063
         67  0.55833333333   29.15124   278.20516       0               -19.233
         68  0.56666666667   29.01740   277.94175       0               -19.370
         69  0.57500000000   28.88234   277.67955       0               -19.452
         70  0.58333333333   28.74608   277.41856       0               -19.475
         71  0.59166666667   28.60862   277.15880       0               -19.598
         72  0.60000000000   28.46999   276.90024       0               -19.917
         73  0.60833333333   28.33018   276.64291       0               -20.020
         74  0.61666666667   28.18921   276.38680       0               -20.070
         75  0.62500000000   28.04709   276.13192       0               -19.952
         76  0.63333333333   27.90383   275.87826       0               -20.291
         77  0.64166666667   27.75944   275.62582       0               -20.393
         78  0.65000000000   27.61393   275.37462       0               -20.383
         79  0.65833333333   27.46731   275.12464       0               -20.190
         80  0.66666666667   27.31959   274.87589       0               -20.101
         81  0.67500000000   27.17079   274.62837       0               -20.016
         82  0.68333333333   27.02090   274.38208       0               -19.982
         83  0.69166666667   26.86995   274.13702       0               -19.944
         84  0.70000000000   26.71794   273.89319       0               -19.977
         85  0.70833333333   26.56489   273.65059       0               -20.011
         86  0.71666666667   26.41079   273.40922       0               -20.001
         87  0.72500000000   26.25568   273.16908       0               -20.159
         88  0.73333333333   26.09954   272.93017       0               -20.177
         89  0.74166666667   25.94240   272.69249       0               -20.450
         90  0.75000000000   25.78427   272.45603       0               -20.549
         91  0.75833333333   25.62515   272.22080       0               -20.585
         92  0.76666666667   25.46506   271.98680       0               -20.840
         93  0.77500000000   25.30400   271.75401       0               -20.690
         94  0.78333333333   25.14199   271.52246       0               -20.537
         95  0.79166666667   24.97903   271.29212       0               -20.580
         96  0.80000000000   24.81515   271.06300       0               -20.520
         97  0.80833333333   24.65033   270.83509       0               -20.414
         98  0.81666666667   24.48461   270.60840       0               -20.720
         99  0.82500000000   24.31798   270.38293       0               -20.924
        100  0.83333333333   24.15046   270.15866       0               -20.847
        101  0.84166666667   23.98206   269.93560       0               -20.665
        102  0.85000000000   23.81279   269.71375       0               -20.435
        103  0.85833333333   23.64265   269.49310       0               -20.347
        104  0.86666666667   23.47166   269.27365       0               -20.247
        105  0.87500000000   23.29983   269.05540       0               -20.150
        106  0.88333333333   23.12716   268.83835       0               -20.176
        107  0.89166666667   22.95368   268.62248       0               -20.344
        108  0.90000000000   22.77938   268.40781       0               -20.344
        109  0.90833333333   22.60427   268.19432       0               -20.516
        110  0.91666666667   22.42838   267.98201       0               -20.570
        111  0.92500000000   22.25170   267.77088       0               -20.434
        112  0.93333333333   22.07425   267.56093       0               -20.382
        113  0.94166666667   21.89603   267.35215       0               -20.273
        114  0.95000000000   21.71706   267.14454       0               -20.185
        115  0.95833333333   21.53735   266.93810       0               -20.105
        116  0.96666666667   21.35690   266.73281       0               -19.951
        117  0.97500000000   21.17572   266.52869       0               -19.733
        118  0.98333333333   20.99383   266.32572       0               -19.402
        119  0.99166666667   20.81124   266.12389       0               -19.340
        120  1.00000000000   20.62795   265.92322       0               -19.176
        121  1.00833333333   20.46902   265.70025       0               -18.806
        122  1.01666666667   20.28432   265.50187       0               -18.743
        123  1.02500000000   20.09911   265.30447       0               -18.640
        124  1.03333333333   19.91340   265.10804       0               -18.526
        125  1.04166666667   19.72721   264.91256       0               -18.277
        126  1.05000000000   19.54053   264.71805       0               -18.236
        127  1.05833333333   19.35337   264.52448       0               -18.239
        128  1.06666666667   19.16574   264.33186       0               -18.119
        129  1.07500000000   18.97764   264.14017       0               -17.916
        130  1.08333333333   18.78909   263.94943       0               -17.775
        131  1.09166666667   18.60009   263.75961       0               -17.523
        132  1.10000000000   18.41064   263.57071       0               -17.352
        133  1.10833333333   18.22075   263.38273       0               -17.129
        134  1.11666666667   18.03043   263.19566       0               -16.823
        135  1.12500000000   17.83969   263.00951       0               -16.620
        136  1.13333333333   17.64853   262.82425       0               -16.203
        137  1.14166666667   17.45695   262.63989       0               -16.036
        138  1.15000000000   17.26497   262.45642       0               -15.778
        139  1.15833333333   17.07259   262.27383       0               -15.439
        140  1.16666666667   16.87981   262.09213       0               -15.094
        141  1.17500000000   16.68665   261.91130       0               -14.833
        142  1.18333333333   16.49310   261.73134       0               -14.709
        143  1.19166666667   16.29918   261.55225       0               -14.548
        144  1.20000000000   16.10489   261.37401       0               -14.171
        145  1.20833333333   15.91024   261.19663       0               -13.791
        146  1.21666666667   15.71523   261.02010       0               -13.478
        147  1.22500000000   15.51987   260.84440       0               -13.214
        148  1.23333333333   15.32416   260.66955       0               -12.923
        149  1.24166666667   15.12811   260.49553       0               -12.520
        150  1.25000000000   14.93173   260.32234       0               -12.233
        151  1.25833333333   14.73502   260.14997       0               -11.905
        152  1.26666666667   14.53798   259.97841       0               -11.566
        153  1.27500000000   14.34063   259.80767       0               -11.277
        154  1.28333333333   14.14297   259.63774       0               -11.024
        155  1.29166666667   13.94501   259.46861       0               -10.895
        156  1.30000000000   13.74674   259.30027       0               -10.741
        157  1.30833333333   13.54818   259.13272       0               -10.501
        158  1.31666666667   13.34933   258.96597       0               -10.215
        159  1.32500000000   13.15019   258.79999       0                -9.847
        160  1.33333333333   12.95078   258.63479       0                -9.443
        161  1.34166666667   12.75110   258.47036       0                -9.247
        162  1.35000000000   12.55115   258.30670       0                -9.001
        163  1.35833333333   12.35093   258.14379       0                -8.621
        164  1.36666666667   12.15046   257.98165       0                -8.257
        165  1.37500000000   11.94974   257.82026       0                -7.837
        166  1.38333333333   11.74877   257.65961       0                -7.601
        167  1.39166666667   11.54756   257.49970       0                -7.451
        168  1.40000000000   11.34611   257.34053       0                -7.199
        169  1.40833333333   11.14444   257.18210       0                -7.012
        170  1.41666666667   10.94253   257.02439       0                -6.876
        171  1.42500000000   10.74041   256.86740       0                -6.691
        172  1.43333333333   10.53807   256.71113       0                -6.420
        173  1.44166666667   10.33552   256.55558       0                -6.158
        174  1.45000000000   10.13276   256.40073       0                -5.994
        175  1.45833333333    9.92980   256.24658       0                -5.722
        176  1.46666666667    9.72664   256.09314       0                -5.462
        177  1.47500000000    9.52329   255.94039       0                -5.447
        178  1.48333333333    9.31976   255.78833       0                -5.292
        179  1.49166666667    9.11604   255.63695       0                -5.087
        180  1.50000000000    8.91214   255.48625       0                -4.909
        181  1.50833333333    8.73105   255.30394       0                -4.654
        182  1.51666666667    8.52684   255.15441       0                -4.497
        183  1.52500000000    8.32262   255.00532       0                -4.250
        184  1.53333333333    8.11839   254.85668       0                -3.942
        185  1.54166666667    7.91414   254.70848       0                -3.770
        186  1.55000000000    7.70990   254.56071       0                -3.578
        187  1.55833333333    7.50564   254.41338       0                -3.470
        188  1.56666666667    7.30139   254.26647       0                -3.452
        189  1.57500000000    7.09714   254.11999       0                -3.447
        190  1.58333333333    6.89290   253.97393       0                -3.369
        191  1.59166666667    6.68866   253.82828       0                -3.067
        192  1.60000000000    6.48443   253.68304       0                -2.763
        193  1.60833333333    6.28021   253.53821       0                -2.465
        194  1.61666666667    6.07602   253.39378       0                -2.355
        195  1.62500000000    5.87183   253.24975       0                -2.207
        196  1.63333333333    5.66767   253.10611       0                -1.968
        197  1.64166666667    5.46354   252.96286       0                -1.682
        198  1.65000000000    5.25943   252.82000       0                -1.528
        199  1.65833333333    5.05534   252.67752       0                -1.409
        843  7.02500000000    5.27584   147.93358       0                 0.751
        844  7.03333333333    5.50793   147.85409       0                 0.566
        845  7.04166666667    5.74031   147.77447       0                 0.185
        846  7.05000000000    5.97299   147.69471       0                -0.572
        847  7.05833333333    6.20596   147.61483       0                -0.800
        848  7.06666666667    6.43923   147.53480       0                -0.962
        849  7.07500000000    6.67279   147.45464       0                -1.013
        850  7.08333333333    6.90665   147.37433       0                -1.077
        851  7.09166666667    7.14081   147.29387       0                -1.372
        852  7.10000000000    7.37525   147.21327       0                -1.649
        853  7.10833333333    7.61000   147.13251       0                -1.806
        854  7.11666666667    7.84503   147.05160       0                -2.007
        855  7.12500000000    8.08036   146.97053       0                -2.046
        856  7.13333333333    8.31599   146.88930       0                -1.921
        857  7.14166666667    8.55190   146.80790       0                -2.053
        858  7.15000000000    8.78811   146.72634       0                -2.208
        859  7.15833333333    9.02462   146.64461       0                -2.308
        860  7.16666666667    9.26141   146.56270       0                -2.431
        861  7.17500000000    9.49850   146.48062       0                -2.687
        862  7.18333333333    9.73587   146.39835       0                -2.863
        863  7.19166666667    9.97354   146.31590       0                -2.964
        864  7.20000000000   10.21150   146.23326       0                -3.102
        865  7.20833333333   10.44975   146.15044       0                -3.247
        866  7.21666666667   10.68829   146.06742       0                -3.306
        867  7.22500000000   10.92711   145.98420       0                -3.373
        868  7.23333333333   11.16623   145.90078       0                -3.360
        869  7.24166666667   11.40563   145.81716       0                -3.370
        870  7.25000000000   11.64532   145.73333       0                -3.484
        871  7.25833333333   11.88530   145.64929       0                -3.616
        872  7.26666666667   12.12556   145.56503       0                -3.701
        873  7.27500000000   12.36610   145.48056       0                -3.685
        874  7.28333333333   12.60693   145.39586       0                -3.798
        875  7.29166666667   12.84805   145.31094       0                -3.972
        876  7.30000000000   13.08944   145.22579       0                -4.079
        877  7.30833333333   13.33112   145.14041       0                -4.117
        878  7.31666666667   13.57308   145.05479       0                -4.120
        879  7.32500000000   13.81532   144.96893       0                -4.307
        880  7.33333333333   14.05784   144.88282       0                -4.329
        881  7.34166666667   14.30064   144.79647       0                -4.343
        882  7.35000000000   14.54371   144.70986       0                -4.300
        883  7.35833333333   14.78706   144.62300       0                -4.260
        884  7.36666666667   15.03069   144.53587       0                -4.324
        885  7.37500000000   15.27459   144.44849       0                -4.200
        886  7.38333333333   15.51876   144.36083       0                -4.185
        887  7.39166666667   15.76321   144.27290       0                -4.270
        888  7.40000000000   16.00793   144.18470       0                -4.248
        889  7.40833333333   16.25292   144.09621       0                -4.221
        890  7.41666666667   16.49818   144.00744       0                -4.154
        891  7.42500000000   16.74370   143.91837       0                -4.110
        892  7.43333333333   16.98949   143.82902       0                -4.088
        893  7.44166666667   17.23555   143.73936       0                -4.081
        894  7.45000000000   17.48188   143.64940       0                -4.024
        895  7.45833333333   17.72846   143.55913       0                -3.951
        896  7.46666666667   17.97531   143.46855       0                -3.937
        897  7.47500000000   18.22242   143.37766       0                -4.088
        898  7.48333333333   18.46978   143.28644       0                -4.149
        899  7.49166666667   18.71741   143.19489       0                -4.255
        900  7.50000000000   18.96529   143.10301       0                -4.426
        901  7.50833333333   19.19763   142.96737       0                -4.369
        902  7.51666666667   19.44572   142.87427       0                -4.613
        903  7.52500000000   19.69395   142.78053       0                -4.653
        904  7.53333333333   19.94234   142.68614       0                -4.839
        905  7.54166666667   20.19086   142.59109       0                -4.940
        906  7.55000000000   20.43952   142.49538       0                -4.915
        907  7.55833333333   20.68833   142.39901       0                -5.009
        908  7.56666666667   20.93726   142.30195       0                -5.029
        909  7.57500000000   21.18633   142.20420       0                -5.052
        910  7.58333333333   21.43552   142.10577       0                -5.003
        911  7.59166666667   21.68485   142.00663       0                -5.160
        912  7.60000000000   21.93429   141.90678       0                -5.223
        913  7.60833333333   22.18385   141.80622       0                -5.244
        914  7.61666666667   22.43353   141.70493       0                -5.315
        915  7.62500000000   22.68333   141.60291       0                -5.386
        916  7.63333333333   22.93323   141.50014       0                -5.432
        917  7.64166666667   23.18324   141.39662       0                -5.501
        918  7.65000000000   23.43336   141.29235       0                -5.453
        919  7.65833333333   23.68357   141.18730       0                -5.522
        920  7.66666666667   23.93388   141.08148       0                -5.516
        921  7.67500000000   24.18429   140.97487       0                -5.465
        922  7.68333333333   24.43478   140.86747       0                -5.508
        923  7.69166666667   24.68536   140.75926       0                -5.517
        924  7.70000000000   24.93602   140.65024       0                -5.519
        925  7.70833333333   25.18676   140.54039       0                -5.540
        926  7.71666666667   25.43758   140.42971       0                -5.553
        927  7.72500000000   25.68847   140.31818       0                -5.559
        928  7.73333333333   25.93942   140.20581       0                -5.548
        929  7.74166666667   26.19044   140.09256       0                -5.581
        930  7.75000000000   26.44152   139.97845       0                -5.598
        931  7.75833333333   26.69266   139.86345       0                -5.670
        932  7.76666666667   26.94384   139.74755       0                -5.680
        933  7.77500000000   27.19508   139.63075       0                -5.704
        934  7.78333333333   27.44635   139.51302       0                -5.771
        935  7.79166666667   27.69767   139.39438       0                -5.796
        936  7.80000000000   27.94902   139.27479       0                -5.786
        937  7.80833333333   28.20040   139.15425       0                -5.548
        938  7.81666666667   28.45181   139.03274       0                -5.400
        939  7.82500000000   28.70324   138.91026       0                -5.241
        940  7.83333333333   28.95468   138.78680       0                -5.088
        941  7.84166666667   29.20614   138.66233       0                -4.930
        942  7.85000000000   29.45761   138.53686       0                -4.773
        943  7.85833333333   29.70908   138.41036       0                -4.584
        944  7.86666666667   29.96054   138.28282       0                -4.380
        945  7.87500000000   30.21200   138.15423       0                -4.599
        946  7.88333333333   30.46345   138.02458       0                -4.483
        947  7.89166666667   30.71489   137.89386       0                -4.267
        948  7.90000000000   30.96630   137.76204       0                -4.210
        949  7.90833333333   31.21768   137.62912       0                -3.634
        950  7.91666666667   31.46903   137.49508       0                -3.638
        951  7.92500000000   31.72035   137.35991       0                -3.738
        952  7.93333333333   31.97162   137.22359       0                -3.713
        953  7.94166666667   32.22285   137.08612       0                -3.851
        954  7.95000000000   32.47402   136.94746       0                -3.939
        955  7.95833333333   32.72513   136.80761       0                -4.266
        956  7.96666666667   32.97618   136.66656       0                -4.048
        957  7.97500000000   33.22716   136.52428       0                -4.143
        958  7.98333333333   33.47806   136.38077       0                -4.137
        959  7.99166666667   33.72888   136.23600       0                -4.352
        960  8.00000000000   33.97962   136.08996       0                -4.021
        961  8.00833333333   34.21088   135.89686       0                -4.317
        962  8.01666666667   34.46100   135.74739       0                -4.421
        963  8.02500000000   34.71089   135.59629       0                -3.693
        964  8.03333333333   34.96053   135.44353       0                -4.502
        965  8.04166666667   35.20991   135.28911       0                -4.634
        966  8.05000000000   35.45903   135.13299       0                -4.500
        967  8.05833333333   35.70787   134.97517       0                -4.459
        968  8.06666666667   35.95642   134.81561       0                -4.395
        969  8.07500000000   36.20468   134.65429       0                -4.417
        970  8.08333333333   36.45263   134.49121       0                -4.314
        971  8.09166666667   36.70027   134.32633       0                -4.354
        972  8.10000000000   36.94758   134.15963       0                -4.345
        973  8.10833333333   37.19455   133.99109       0                -4.376
        974  8.11666666667   37.44117   133.82069       0                -4.380
        975  8.12500000000   37.68744   133.64841       0                -4.421
        976  8.13333333333   37.93334   133.47422       0                -4.421
        977  8.14166666667   38.17885   133.29810       0                -4.642
        978  8.15000000000   38.42398   133.12003       0                -4.684
        979  8.15833333333   38.66870   132.93998       0                -4.798
        980  8.16666666667   38.91301   132.75793       0                -5.033
        981  8.17500000000   39.15689   132.57385       0                -4.931
        982  8.18333333333   39.40033   132.38773       0                -4.963
        983  8.19166666667   39.64333   132.19953       0                -5.019
        984  8.20000000000   39.88586   132.00923       0                -4.968
        985  8.20833333333   40.12792   131.81680       0                -4.893
        986  8.21666666667   40.36949   131.62222       0                -4.957
        987  8.22500000000   40.61056   131.42546       0                -4.901
        988  8.23333333333   40.85111   131.22650       0                -4.966
        989  8.24166666667   41.09115   131.02531       0                -5.025
        990  8.25000000000   41.33064   130.82186       0                -5.089
        991  8.25833333333   41.56958   130.61613       0                -5.367
        992  8.26666666667   41.80796   130.40808       0                -5.414
        993  8.27500000000   42.04575   130.19769       0                -5.389
        994  8.28333333333   42.28295   129.98493       0                -5.459
        995  8.29166666667   42.51955   129.76978       0                -5.496
        996  8.30000000000   42.75552   129.55219       0                -5.481
        997  8.30833333333   42.99085   129.33216       0                -5.022
        998  8.31666666667   43.22553   129.10963       0                -5.023
        999  8.32500000000   43.45955   128.88459       0                -5.171
       1000  8.33333333333   43.69288   128.65701       0                -5.236
       1001  8.34166666667   43.92552   128.42685       0                -5.470
       1002  8.35000000000   44.15744   128.19408       0                -5.658
       1003  8.35833333333   44.38864   127.95868       0                -5.706
       1004  8.36666666667   44.61909   127.72061       0                -5.442
       1005  8.37500000000   44.84878   127.47985       0                -4.518
       1006  8.38333333333   45.07769   127.23635       0                -4.258
       1007  8.39166666667   45.30580   126.99009       0                -4.097
       1008  8.40000000000   45.53310   126.74104       0                -3.986
       1009  8.40833333333   45.75958   126.48916       0                -3.776
       1010  8.41666666667   45.98520   126.23442       0                -3.742
       1011  8.42500000000   46.20997   125.97679       0                -3.837
       1012  8.43333333333   46.43385   125.71624       0                -3.995
       1013  8.44166666667   46.65682   125.45273       0                -4.204
       1014  8.45000000000   46.87888   125.18623       0                -4.103
       1015  8.45833333333   47.10000   124.91671       0                -4.177
       1016  8.46666666667   47.32017   124.64413       0                -4.362
       1017  8.47500000000   47.53935   124.36846       0                -4.185
       1018  8.48333333333   47.75754   124.08967       0                -4.401
       1019  8.49166666667   47.97471   123.80772       0                -4.431
       1020  8.50000000000   48.19085   123.52259       0                -4.236
       1021  8.50833333333   48.37880   123.20006       0                -4.326
       1022  8.51666666667   48.59217   122.90762       0                -4.312
       1023  8.52500000000   48.80425   122.61167       0                -4.697
       1024  8.53333333333   49.01502   122.31218       0                -4.650
       1025  8.54166666667   49.22446   122.00912       0                -4.004
       1026  8.55000000000   49.43252   121.70246       0                -4.041
       1027  8.55833333333   49.63920   121.39216       0                -4.486
       1028  8.56666666667   49.84447   121.07821       0                -4.339
       1029  8.57500000000   50.04829   120.76058       0                -4.261
       1030  8.58333333333   50.25064   120.43922       0                -4.072
       1031  8.59166666667   50.45149   120.11413       0                -4.157
       1032  8.60000000000   50.65082   119.78527       0                -4.384
       1033  8.60833333333   50.84859   119.45261       0                -4.091
       1034  8.61666666667   51.04479   119.11613       0                -3.811
       1035  8.62500000000   51.23937   118.77581       0                -3.772
       1036  8.63333333333   51.43232   118.43162       0                -3.665
       1037  8.64166666667   51.62360   118.08354       0                -3.205
       1038  8.65000000000   51.81318   117.73154       0                -2.917
       1039  8.65833333333   52.00104   117.37562       0                -3.149
       1040  8.66666666667   52.18715   117.01574       0                -3.127
       1041  8.67500000000   52.37147   116.65189       0                -3.632
       1042  8.68333333333   52.55398   116.28406       0                -2.987
       1043  8.69166666667   52.73464   115.91222       0                -3.542
       1044  8.70000000000   52.91343   115.53636       0                -3.239
       1045  8.70833333333   53.09031   115.15647       0                -3.063
       1046  8.71666666667   53.26525   114.77254       0                -3.017
       1047  8.72500000000   53.43823   114.38455       0                -2.608
       1048  8.73333333333   53.60921   113.99251       0                -2.662
       1049  8.74166666667   53.77816   113.59639       0                -2.733
       1050  8.75000000000   53.94504   113.19620       0                -2.965
       1051  8.75833333333   54.10984   112.79193       0                -3.143
       1052  8.76666666667   54.27251   112.38358       0                -3.357
       1053  8.77500000000   54.43302   111.97115       0                -3.521
       1054  8.78333333333   54.59135   111.55465       0                -3.880
       1055  8.79166666667   54.74745   111.13408       0                -4.035
       1056  8.80000000000   54.90131   110.70944       0                -3.265
       1057  8.80833333333   55.05287   110.28074       0                -3.551
       1058  8.81666666667   55.20213   109.84800       0                -3.982
       1059  8.82500000000   55.34903   109.41123       0                -3.295
       1060  8.83333333333   55.49356   108.97045       0                -3.598
       1061  8.84166666667   55.63567   108.52566       0                -3.857
       1062  8.85000000000   55.77533   108.07691       0                -4.335
       1063  8.85833333333   55.91253   107.62420       0                -4.629
       1064  8.86666666667   56.04721   107.16757       0                -4.726
       1065  8.87500000000   56.17936   106.70705       0                -4.552
       1066  8.88333333333   56.30893   106.24266       0                -4.545
       1067  8.89166666667   56.43590   105.77444       0                -4.586
       1068  8.90000000000   56.56024   105.30244       0                -4.722
       1069  8.90833333333   56.68192   104.82669       0                -4.850
       1070  8.91666666667   56.80090   104.34723       0                -5.057
       1071  8.92500000000   56.91716   103.86412       0                -5.097
       1072  8.93333333333   57.03067   103.37740       0                -3.960
       1073  8.94166666667   57.14139   102.88712       0                -4.419
       1074  8.95000000000   57.24930   102.39335       0                -4.819
       1075  8.95833333333   57.35437   101.89614       0                -5.205
       1076  8.96666666667   57.45657   101.39556       0                -4.944
       1077  8.97500000000   57.55587   100.89167       0                -5.028
       1078  8.98333333333   57.65225   100.38453       0                -5.161
       1079  8.99166666667   57.74568    99.87423       0                -5.140
       1080  9.00000000000   57.83613    99.36084       0                -5.161
       1081  9.00833333333   57.89671    98.85488       0                -5.228
       1082  9.01666666667   57.98045    98.33569       0                -5.289
       1083  9.02500000000   58.06096    97.81376       0                -5.019
       1084  9.03333333333   58.13822    97.28920       0                -4.258
       1085  9.04166666667   58.21221    96.76211       0                -4.126
       1086  9.05000000000   58.28290    96.23259       0                -4.175
       1087  9.05833333333   58.35027    95.70077       0                -4.746
       1088  9.06666666667   58.41431    95.16674       0                -5.144
       1089  9.07500000000   58.47500    94.63064       0                -5.266
       1090  9.08333333333   58.53231    94.09257       0                -5.386
       1091  9.09166666667   58.58624    93.55265       0                -5.495
       1092  9.10000000000   58.63676    93.01102       0                -5.510
       1093  9.10833333333   58.68387    92.46780       0                -5.487
       1094  9.11666666667   58.72755    91.92311       0                -5.295
       1095  9.12500000000   58.76778    91.37709       0                -5.213
       1096  9.13333333333   58.80457    90.82987       0                -5.336
       1097  9.14166666667   58.83789    90.28158       0                -5.359
       1098  9.15000000000   58.86775    89.73235       0                -5.439
       1099  9.15833333333   58.89413    89.18233       0                -5.474
       1100  9.16666666667   58.91703    88.63164       0                -5.540
       1101  9.17500000000   58.93644    88.08044       0                -5.716
       1102  9.18333333333   58.95236    87.52885       0                -5.849
       1103  9.19166666667   58.96480    86.97702       0                -5.905
       1104  9.20000000000   58.97374    86.42508       0                -6.024
       1105  9.20833333333   58.97919    85.87318       0                -6.003
       1106  9.21666666667   58.98115    85.32145       0                -6.144
       1107  9.22500000000   58.97963    84.77005       0                -6.123
       1108  9.23333333333   58.97462    84.21910       0                -6.214
       1109  9.24166666667   58.96614    83.66874       0                -6.291
       1110  9.25000000000   58.95419    83.11911       0                -6.358
       1111  9.25833333333   58.93878    82.57036       0                -6.417
       1112  9.26666666667   58.91992    82.02261       0                -6.487
       1113  9.27500000000   58.89762    81.47600       0                -6.460
       1114  9.28333333333   58.87189    80.93067       0                -6.505
       1115  9.29166666667   58.84275    80.38674       0                -6.490
       1116  9.30000000000   58.81020    79.84435       0                -6.399
       1117  9.30833333333   58.77426    79.30362       0                -6.338
       1118  9.31666666667   58.73495    78.76468       0                -6.215
       1119  9.32500000000   58.69229    78.22765       0                -6.250
       1120  9.33333333333   58.64629    77.69265       0                -6.465
       1121  9.34166666667   58.59698    77.15980       0                -6.455
       1122  9.35000000000   58.54437    76.62922       0                -6.465
       1123  9.35833333333   58.48848    76.10102       0                -6.415
       1124  9.36666666667   58.42934    75.57532       0                -6.238
       1125  9.37500000000   58.36697    75.05220       0                -6.262
       1126  9.38333333333   58.30140    74.53179       0                -6.163
       1127  9.39166666667   58.23264    74.01419       0                -6.281
       1128  9.40000000000   58.16072    73.49948       0                -5.971
       1129  9.40833333333   58.08568    72.98777       0                -5.911
       1130  9.41666666667   58.00752    72.47914       0                -6.006
       1131  9.42500000000   57.92629    71.97369       0                -5.795
       1132  9.43333333333   57.84202    71.47149       0                -5.727
       1133  9.44166666667   57.75472    70.97263       0                -5.744
       1134  9.45000000000   57.66443    70.47719       0                -5.418
       1135  9.45833333333   57.57118    69.98524       0                -5.497
       1136  9.46666666667   57.47500    69.49686       0                -5.367
       1137  9.47500000000   57.37591    69.01209       0                -5.411
       1138  9.48333333333   57.27396    68.53103       0                -5.569
       1139  9.49166666667   57.16916    68.05371       0                -5.511
       1140  9.50000000000   57.06156    67.58020       0                -5.620
       1141  9.50833333333   56.94756    67.15638       0                -5.733
       1142  9.51666666667   56.83410    66.69127       0                -5.804
       1143  9.52500000000   56.71792    66.23043       0                -5.982
       1144  9.53333333333   56.59906    65.77391       0                -6.026
       1145  9.54166666667   56.47755    65.32173       0                -6.025
       1146  9.55000000000   56.35342    64.87395       0                -6.115
       1147  9.55833333333   56.22672    64.43059       0                -6.146
       1148  9.56666666667   56.09749    63.99168       0                -6.243
       1149  9.57500000000   55.96576    63.55726       0                -6.322
       1150  9.58333333333   55.83156    63.12733       0                -6.378
       1151  9.59166666667   55.69494    62.70192       0                -6.273
       1152  9.60000000000   55.55593    62.28105       0                -6.041
       1153  9.60833333333   55.41457    61.86473       0                -6.564
       1154  9.61666666667   55.27090    61.45297       0                -6.462
       1155  9.62500000000   55.12495    61.04579       0                -6.613
       1156  9.63333333333   54.97675    60.64318       0                -6.535
       1157  9.64166666667   54.82636    60.24515       0                -6.439
       1158  9.65000000000   54.67379    59.85169       0                -6.324
       1159  9.65833333333   54.51910    59.46282       0                -6.111
       1160  9.66666666667   54.36231    59.07852       0                -6.154
       1161  9.67500000000   54.20345    58.69878       0                -6.170
       1162  9.68333333333   54.04257    58.32360       0                -6.067
       1163  9.69166666667   53.87970    57.95298       0                -5.637
       1164  9.70000000000   53.71488    57.58688       0                -5.886
       1165  9.70833333333   53.54813    57.22531       0                -5.801
       1166  9.71666666667   53.37949    56.86824       0                -5.798
       1167  9.72500000000   53.20899    56.51566       0                -5.516
       1168  9.73333333333   53.03668    56.16755       0                -5.382
       1169  9.74166666667   52.86257    55.82388       0                -5.461
       1170  9.75000000000   52.68671    55.48464       0                -5.464
       1171  9.75833333333   52.50913    55.14980       0                -5.416
       1172  9.76666666667   52.32984    54.81934       0                -5.543
       1173  9.77500000000   52.14890    54.49322       0                -5.715
       1174  9.78333333333   51.96633    54.17143       0                -5.775
       1175  9.79166666667   51.78215    53.85394       0                -5.795
       1176  9.80000000000   51.59640    53.54071       0                -5.764
       1177  9.80833333333   51.40912    53.23171       0                -5.667
       1178  9.81666666667   51.22031    52.92692       0                -6.022
       1179  9.82500000000   51.03003    52.62631       0                -6.091
       1180  9.83333333333   50.83829    52.32983       0                -6.046
       1181  9.84166666667   50.64512    52.03746       0                -6.071
       1182  9.85000000000   50.45055    51.74917       0                -5.908
       1183  9.85833333333   50.25460    51.46491       0                -5.671
       1184  9.86666666667   50.05731    51.18466       0                -5.875
       1185  9.87500000000   49.85870    50.90838       0                -5.847
       1186  9.88333333333   49.65879    50.63604       0                -5.931
       1187  9.89166666667   49.45761    50.36759       0                -5.674
       1188  9.90000000000   49.25519    50.10300       0                -5.707
       1189  9.90833333333   49.05154    49.84224       0                -6.014
       1190  9.91666666667   48.84670    49.58527       0                -5.778
       1191  9.92500000000   48.64069    49.33205       0                -5.458
       1192  9.93333333333   48.43352    49.08255       0                -5.357
       1193  9.94166666667   48.22523    48.83672       0                -5.441
       1194  9.95000000000   48.01583    48.59453       0                -5.316
       1195  9.95833333333   47.80535    48.35595       0                -5.097
       1196  9.96666666667   47.59381    48.12093       0                -5.041
       1197  9.97500000000   47.38123    47.88944       0                -5.063
       1198  9.98333333333   47.16763    47.66144       0                -5.097
       1199  9.99166666667   46.95303    47.43689       0                -4.733
       1200 10.00000000000   46.73745    47.21576       0                -4.860
       1201 10.00833333333   46.53842    47.02416       0                -4.901
       1202 10.01666666667   46.32088    46.81039       0                -5.103
       1203 10.02500000000   46.10255    46.60009       0                -5.060
       1204 10.03333333333   45.88344    46.39322       0                -5.177
       1205 10.04166666667   45.66357    46.18975       0                -4.777
       1206 10.05000000000   45.44296    45.98962       0                -4.798
       1207 10.05833333333   45.22163    45.79281       0                -4.734
       1208 10.06666666667   44.99960    45.59927       0                -4.847
       1209 10.07500000000   44.77688    45.40897       0                -5.215
       1210 10.08333333333   44.55350    45.22186       0                -5.150
       1211 10.09166666667   44.32946    45.03791       0                -5.211
       1212 10.10000000000   44.10479    44.85708       0                -5.171
       1213 10.10833333333   43.87950    44.67933       0                -5.117
       1214 10.11666666667   43.65360    44.50463       0                -5.341
       1215 10.12500000000   43.42712    44.33293       0                -5.169
       1216 10.13333333333   43.20007    44.16421       0                -5.725
       1217 10.14166666667   42.97246    43.99843       0                -5.406
       1218 10.15000000000   42.74431    43.83555       0                -5.540
       1219 10.15833333333   42.51562    43.67553       0                -5.517
       1220 10.16666666667   42.28642    43.51834       0                -5.486
       1221 10.17500000000   42.05672    43.36396       0                -5.460
       1222 10.18333333333   41.82654    43.21233       0                -5.498
       1223 10.19166666667   41.59587    43.06344       0                -5.049
       1224 10.20000000000   41.36475    42.91724       0                -5.087
       1225 10.20833333333   41.13317    42.77370       0                -4.944
       1226 10.21666666667   40.90115    42.63280       0                -4.860
       1227 10.22500000000   40.66871    42.49449       0                -4.902
       1228 10.23333333333   40.43585    42.35876       0                -5.107
       1229 10.24166666667   40.20259    42.22556       0                -5.059
       1230 10.25000000000   39.96894    42.09486       0                -4.941
       1231 10.25833333333   39.73490    41.96664       0                -5.101
       1232 10.26666666667   39.50050    41.84087       0                -5.209
       1233 10.27500000000   39.26573    41.71751       0                -5.266
       1234 10.28333333333   39.03061    41.59654       0                -5.207
       1235 10.29166666667   38.79515    41.47793       0                -5.188
       1236 10.30000000000   38.55936    41.36165       0                -5.086
       1237 10.30833333333   38.32325    41.24767       0                -4.993
       1238 10.31666666667   38.08682    41.13597       0                -5.062
       1239 10.32500000000   37.85009    41.02651       0                -4.909
       1240 10.33333333333   37.61307    40.91927       0                -4.956
       1241 10.34166666667   37.37576    40.81423       0                -4.907
       1242 10.35000000000   37.13818    40.71136       0                -4.935
       1243 10.35833333333   36.90032    40.61063       0                -4.988
       1244 10.36666666667   36.66221    40.51202       0                -5.038
       1245 10.37500000000   36.42384    40.41550       0                -5.049
       1246 10.38333333333   36.18522    40.32105       0                -5.019
       1247 10.39166666667   35.94637    40.22864       0                -4.917
       1248 10.40000000000   35.70729    40.13825       0                -4.781
       1249 10.40833333333   35.46799    40.04986       0                -4.842
       1250 10.41666666667   35.22847    39.96344       0                -4.758
       1251 10.42500000000   34.98874    39.87898       0                -4.830
       1252 10.43333333333   34.74881    39.79644       0                -4.590
       1253 10.44166666667   34.50868    39.71581       0                -4.460
       1254 10.45000000000   34.26837    39.63706       0                -4.556
       1255 10.45833333333   34.02788    39.56018       0                -4.182
       1256 10.46666666667   33.78720    39.48514       0                -4.021
       1257 10.47500000000   33.54637    39.41192       0                -4.385
       1258 10.48333333333   33.30536    39.34051       0                -4.283
       1259 10.49166666667   33.06420    39.27087       0                -4.405
       1260 10.50000000000   32.82289    39.20299       0                -4.449
       1261 10.50833333333   32.60296    39.13944       0                -4.322
       1262 10.51666666667   32.36151    39.07559       0                -4.397
       1263 10.52500000000   32.12007    39.01344       0                -4.265
       1264 10.53333333333   31.87864    38.95300       0                -4.303
       1265 10.54166666667   31.63723    38.89423       0                -4.258
       1266 10.55000000000   31.39584    38.83711       0                -4.145
       1267 10.55833333333   31.15448    38.78164       0                -4.153
       1268 10.56666666667   30.91314    38.72778       0                -4.082
       1269 10.57500000000   30.67184    38.67553       0                -4.206
       1270 10.58333333333   30.43058    38.62486       0                -4.079
       1271 10.59166666667   30.18936    38.57577       0                -4.052
       1272 10.60000000000   29.94818    38.52822       0                -4.112
       1273 10.60833333333   29.70705    38.48221       0                -4.080
       1274 10.61666666667   29.46597    38.43772       0                -4.004
       1275 10.62500000000   29.22494    38.39473       0                -4.081
       1276 10.63333333333   28.98397    38.35323       0                -4.129
       1277 10.64166666667   28.74306    38.31320       0                -4.056
       1278 10.65000000000   28.50221    38.27463       0                -4.076
       1279 10.65833333333   28.26142    38.23750       0                -4.245
       1280 10.66666666667   28.02070    38.20179       0                -4.279
       1281 10.67500000000   27.78006    38.16751       0                -4.091
       1282 10.68333333333   27.53948    38.13462       0                -3.938
       1283 10.69166666667   27.29898    38.10311       0                -3.960
       1284 10.70000000000   27.05856    38.07298       0                -3.767
       1285 10.70833333333   26.81822    38.04420       0                -3.578
       1286 10.71666666667   26.57797    38.01677       0                -3.608
       1287 10.72500000000   26.33779    37.99067       0                -3.759
       1288 10.73333333333   26.09771    37.96590       0                -3.713
       1289 10.74166666667   25.85771    37.94242       0                -3.553
       1290 10.75000000000   25.61781    37.92025       0                -3.615
       1291 10.75833333333   25.37800    37.89935       0                -3.530
       1292 10.76666666667   25.13829    37.87973       0                -3.654
       1293 10.77500000000   24.89867    37.86136       0                -3.558
       1294 10.78333333333   24.65916    37.84425       0                -3.578
       1295 10.79166666667   24.41974    37.82836       0                -3.499
       1296 10.80000000000   24.18044    37.81371       0                -3.583
       1297 10.80833333333   23.94123    37.80027       0                -3.588
       1298 10.81666666667   23.70214    37.78803       0                -3.375
       1299 10.82500000000   23.46315    37.77698       0                -3.393
       1300 10.83333333333   23.22428    37.76712       0                -3.437
       1301 10.84166666667   22.98552    37.75843       0                -3.272
       1302 10.85000000000   22.74688    37.75090       0                -3.158
       1303 10.85833333333   22.50835    37.74452       0                -3.089
       1304 10.86666666667   22.26994    37.73929       0                -3.031
       1305 10.87500000000   22.03165    37.73519       0                -2.649
       1306 10.88333333333   21.79348    37.73222       0                -2.695
       1307 10.89166666667   21.55544    37.73036       0                -2.306
       1308 10.90000000000   21.31753    37.72960       0                -2.634
       1309 10.90833333333   21.07974    37.72994       0                -2.630
       1310 10.91666666667   20.84207    37.73138       0                -2.706
       1311 10.92500000000   20.60454    37.73389       0                -2.226
       1312 10.93333333333   20.36714    37.73747       0                -2.607
       1313 10.94166666667   20.12988    37.74212       0                -2.533
       1314 10.95000000000   19.89275    37.74782       0                -2.528
       1315 10.95833333333   19.65576    37.75456       0                -2.190
       1316 10.96666666667   19.41890    37.76235       0                -2.066
       1317 10.97500000000   19.18219    37.77117       0                -2.106
       1318 10.98333333333   18.94562    37.78101       0                -1.770
       1319 10.99166666667   18.70919    37.79187       0                -1.651
       1320 11.00000000000   18.47290    37.80374       0                -1.494
       1321 11.00833333333   18.25093    37.80375       0                -1.829
       1322 11.01666666667   18.01516    37.81800       0                -1.697
       1323 11.02500000000   17.77964    37.83314       0                -1.699
       1324 11.03333333333   17.54436    37.84917       0                -1.755
       1325 11.04166666667   17.30932    37.86609       0                -1.808
       1326 11.05000000000   17.07452    37.88389       0                -1.737
       1327 11.05833333333   16.83996    37.90256       0                -1.876
       1328 11.06666666667   16.60564    37.92211       0                -1.605
       1329 11.07500000000   16.37156    37.94251       0                -1.674
       1330 11.08333333333   16.13771    37.96378       0                -1.565
       1331 11.09166666667   15.90411    37.98589       0                -1.204
       1332 11.10000000000   15.67074    38.00886       0                -1.171
       1333 11.10833333333   15.43762    38.03267       0                -0.956
       1334 11.11666666667   15.20473    38.05731       0                -1.219
       1335 11.12500000000   14.97208    38.08279       0                -1.057
       1336 11.13333333333   14.73966    38.10910       0                -1.011
       1337 11.14166666667   14.50749    38.13623       0                -0.469
       1338 11.15000000000   14.27555    38.16418       0                 0.076
       1339 11.15833333333   14.04385    38.19294       0                 0.417
       1340 11.16666666667   13.81239    38.22252       0                 0.767
       1341 11.17500000000   13.58117    38.25290       0                 0.324
       1342 11.18333333333   13.35018    38.28408       0                -0.603
       1343 11.19166666667   13.11944    38.31605       0                -1.291
       1344 11.20000000000   12.88893    38.34883       0                -1.599
       1345 11.20833333333   12.65865    38.38239       0                -1.810
       1346 11.21666666667   12.42862    38.41673       0                -2.085
       1347 11.22500000000   12.19882    38.45186       0                -1.994
       1348 11.23333333333   11.96926    38.48777       0                -1.599
       1349 11.24166666667   11.73994    38.52445       0                 0.412
       1350 11.25000000000   11.51086    38.56190       0                -0.252
       1351 11.25833333333   11.28202    38.60012       0                -0.399
       1352 11.26666666667   11.05341    38.63910       0                 0.352
       1353 11.27500000000   10.82504    38.67884       0                 0.531
       1354 11.28333333333   10.59692    38.71935       0                 0.676
       1355 11.29166666667   10.36903    38.76060       0                 2.763
       1356 11.30000000000   10.14138    38.80261       0                 0.636
       1357 11.30833333333    9.91397    38.84536       0                -0.006
       1358 11.31666666667    9.68680    38.88886       0                -1.023
       1359 11.32500000000    9.45987    38.93310       0                -1.281
       1360 11.33333333333    9.23318    38.97809       0                -1.167
       1361 11.34166666667    9.00673    39.02381       0                -0.703
       1362 11.35000000000    8.78052    39.07026       0                -0.512
       1363 11.35833333333    8.55456    39.11744       0                 0.036
       1364 11.36666666667    8.32884    39.16535       0                 0.298
       1365 11.37500000000    8.10336    39.21399       0                 0.759
       1366 11.38333333333    7.87812    39.26336       0                 1.310
       1367 11.39166666667    7.65313    39.31344       0                 2.093
       1368 11.40000000000    7.42839    39.36424       0                 1.789
       1369 11.40833333333    7.20388    39.41576       0                 2.038
       1370 11.41666666667    6.97963    39.46800       0                 3.172
       1371 11.42500000000    6.75562    39.52094       0                 0.899
       1372 11.43333333333    6.53185    39.57460       0                 0.937
       1373 11.44166666667    6.30834    39.62897       0                 0.834
       1374 11.45000000000    6.08507    39.68404       0                 0.871
       1375 11.45833333333    5.86206    39.73981       0                 0.568
       1376 11.46666666667    5.63929    39.79629       0                 0.878
       1377 11.47500000000    5.41677    39.85347       0                 1.106
       1378 11.48333333333    5.19451    39.91135       0                 1.622
       1379 11.49166666667    4.97250    39.96992       0                 2.608
       2465 20.54166666667    5.30910   329.01522       0                -8.502
       2466 20.55000000000    5.53477   329.02711       0                -8.487
       2467 20.55833333333    5.76056   329.03813       0                -8.299
       2468 20.56666666667    5.98647   329.04829       0                -8.307
       2469 20.57500000000    6.21251   329.05759       0                -8.261
       2470 20.58333333333    6.43867   329.06602       0                -8.250
       2471 20.59166666667    6.66494   329.07358       0                -8.507
       2472 20.60000000000    6.89133   329.08026       0                -8.477
       2473 20.60833333333    7.11783   329.08606       0                -8.444
       2474 20.61666666667    7.34445   329.09097       0                -8.704
       2475 20.62500000000    7.57118   329.09500       0                -8.650
       2476 20.63333333333    7.79803   329.09813       0                -8.725
       2477 20.64166666667    8.02498   329.10037       0                -8.748
       2478 20.65000000000    8.25204   329.10170       0                -8.809
       2479 20.65833333333    8.47921   329.10213       0                -8.609
       2480 20.66666666667    8.70648   329.10165       0                -8.819
       2481 20.67500000000    8.93386   329.10026       0                -8.737
       2482 20.68333333333    9.16134   329.09794       0                -8.916
       2483 20.69166666667    9.38892   329.09470       0                -8.805
       2484 20.70000000000    9.61660   329.09053       0                -8.938
       2485 20.70833333333    9.84438   329.08542       0                -8.925
       2486 20.71666666667   10.07226   329.07938       0                -8.976
       2487 20.72500000000   10.30023   329.07239       0                -8.967
       2488 20.73333333333   10.52830   329.06445       0                -9.079
       2489 20.74166666667   10.75646   329.05556       0                -9.307
       2490 20.75000000000   10.98471   329.04570       0                -9.355
       2491 20.75833333333   11.21305   329.03488       0                -9.528
       2492 20.76666666667   11.44149   329.02309       0                -9.554
       2493 20.77500000000   11.67001   329.01032       0                -9.604
       2494 20.78333333333   11.89861   328.99657       0                -9.659
       2495 20.79166666667   12.12730   328.98183       0                -9.595
       2496 20.80000000000   12.35608   328.96609       0                -9.745
       2497 20.80833333333   12.58494   328.94935       0                -9.644
       2498 20.81666666667   12.81387   328.93160       0                -9.947
       2499 20.82500000000   13.04289   328.91284       0               -10.071
       2500 20.83333333333   13.27199   328.89306       0               -10.386
       2501 20.84166666667   13.50116   328.87225       0               -10.526
       2502 20.85000000000   13.73040   328.85041       0               -10.642
       2503 20.85833333333   13.95973   328.82753       0               -10.807
       2504 20.86666666667   14.18912   328.80360       0               -10.873
       2505 20.87500000000   14.41858   328.77861       0               -11.038
       2506 20.88333333333   14.64811   328.75257       0               -11.145
       2507 20.89166666667   14.87771   328.72545       0               -11.223
       2508 20.90000000000   15.10738   328.69726       0               -11.294
       2509 20.90833333333   15.33711   328.66799       0               -11.338
       2510 20.91666666667   15.56691   328.63762       0               -11.286
       2511 20.92500000000   15.79676   328.60616       0               -11.309
       2512 20.93333333333   16.02668   328.57359       0               -11.435
       2513 20.94166666667   16.25665   328.53990       0               -11.459
       2514 20.95000000000   16.48668   328.50509       0               -11.526
       2515 20.95833333333   16.71676   328.46915       0               -11.695
       2516 20.96666666667   16.94690   328.43207       0               -11.983
       2517 20.97500000000   17.17709   328.39384       0               -12.146
       2518 20.98333333333   17.40732   328.35446       0               -12.362
       2519 20.99166666667   17.63761   328.31390       0               -12.484
       2520 21.00000000000   17.86794   328.27218       0               -12.554
       2521 21.00833333333   18.08057   328.22305       0               -12.660
       2522 21.01666666667   18.31079   328.17840       0               -12.840
       2523 21.02500000000   18.54092   328.13250       0               -12.984
       2524 21.03333333333   18.77096   328.08536       0               -13.089
       2525 21.04166666667   19.00092   328.03696       0               -13.181
       2526 21.05000000000   19.23078   327.98728       0               -13.326
       2527 21.05833333333   19.46053   327.93632       0               -13.376
       2528 21.06666666667   19.69019   327.88408       0               -13.474
       2529 21.07500000000   19.91974   327.83053       0               -13.576
       2530 21.08333333333   20.14918   327.77567       0               -13.705
       2531 21.09166666667   20.37850   327.71950       0               -13.828
       2532 21.10000000000   20.60771   327.66199       0               -13.947
       2533 21.10833333333   20.83679   327.60314       0               -14.021
       2534 21.11666666667   21.06575   327.54293       0               -14.151
       2535 21.12500000000   21.29457   327.48137       0               -14.284
       2536 21.13333333333   21.52326   327.41842       0               -14.374
       2537 21.14166666667   21.75180   327.35410       0               -14.456
       2538 21.15000000000   21.98020   327.28837       0               -14.565
       2539 21.15833333333   22.20846   327.22124       0               -14.678
       2540 21.16666666667   22.43656   327.15268       0               -14.806
       2541 21.17500000000   22.66449   327.08269       0               -14.917
       2542 21.18333333333   22.89227   327.01126       0               -15.011
       2543 21.19166666667   23.11988   326.93838       0               -15.082
       2544 21.20000000000   23.34731   326.86402       0               -15.226
       2545 21.20833333333   23.57457   326.78818       0               -15.307
       2546 21.21666666667   23.80164   326.71085       0               -15.381
       2547 21.22500000000   24.02853   326.63201       0               -15.485
       2548 21.23333333333   24.25522   326.55166       0               -15.514
       2549 21.24166666667   24.48171   326.46977       0               -15.596
       2550 21.25000000000   24.70800   326.38634       0               -15.649
       2551 21.25833333333   24.93408   326.30134       0               -15.759
       2552 21.26666666667   25.15994   326.21478       0               -15.869
       2553 21.27500000000   25.38559   326.12663       0               -15.906
       2554 21.28333333333   25.61100   326.03687       0               -15.998
       2555 21.29166666667   25.83619   325.94551       0               -16.120
       2556 21.30000000000   26.06113   325.85252       0               -16.224
       2557 21.30833333333   26.28583   325.75788       0               -16.300
       2558 21.31666666667   26.51029   325.66159       0               -16.381
       2559 21.32500000000   26.73448   325.56362       0               -16.457
       2560 21.33333333333   26.95841   325.46397       0               -16.568
       2561 21.34166666667   27.18207   325.36262       0               -16.665
       2562 21.35000000000   27.40545   325.25955       0               -16.766
       2563 21.35833333333   27.62855   325.15475       0               -16.857
       2564 21.36666666667   27.85136   325.04820       0               -16.969
       2565 21.37500000000   28.07388   324.93988       0               -17.009
       2566 21.38333333333   28.29609   324.82979       0               -17.088
       2567 21.39166666667   28.51798   324.71791       0               -17.165
       2568 21.40000000000   28.73956   324.60421       0               -17.270
       2569 21.40833333333   28.96081   324.48868       0               -17.339
       2570 21.41666666667   29.18173   324.37131       0               -17.418
       2571 21.42500000000   29.40231   324.25208       0               -17.511
       2572 21.43333333333   29.62253   324.13097       0               -17.575
       2573 21.44166666667   29.84240   324.00796       0               -17.642
       2574 21.45000000000   30.06190   323.88304       0               -17.736
       2575 21.45833333333   30.28103   323.75620       0               -17.857
       2576 21.46666666667   30.49977   323.62740       0               -17.915
       2577 21.47500000000   30.71812   323.49665       0               -17.991
       2578 21.48333333333   30.93607   323.36390       0               -18.070
       2579 21.49166666667   31.15361   323.22916       0               -18.101
       2580 21.50000000000   31.37073   323.09240       0               -18.168
       2581 21.50833333333   31.56706   322.96502       0               -18.231
       2582 21.51666666667   31.78292   322.82386       0               -18.293
       2583 21.52500000000   31.99819   322.68071       0               -18.366
       2584 21.53333333333   32.21287   322.53555       0               -18.446
       2585 21.54166666667   32.42694   322.38837       0               -18.527
       2586 21.55000000000   32.64038   322.23914       0               -18.569
       2587 21.55833333333   32.85320   322.08785       0               -18.599
       2588 21.56666666667   33.06538   321.93449       0               -18.650
       2589 21.57500000000   33.27690   321.77903       0               -18.695
       2590 21.58333333333   33.48776   321.62146       0               -18.768
       2591 21.59166666667   33.69795   321.46176       0               -18.864
       2592 21.60000000000   33.90745   321.29991       0               -18.941
       2593 21.60833333333   34.11625   321.13590       0               -19.012
       2594 21.61666666667   34.32434   320.96970       0               -19.082
       2595 21.62500000000   34.53171   320.80130       0               -19.115
       2596 21.63333333333   34.73834   320.63069       0               -19.146
       2597 21.64166666667   34.94422   320.45784       0               -19.192
       2598 21.65000000000   35.14934   320.28273       0               -19.226
       2599 21.65833333333   35.35369   320.10536       0               -19.271
       2600 21.66666666667   35.55725   319.92569       0               -19.319
       2601 21.67500000000   35.76001   319.74372       0               -19.396
       2602 21.68333333333   35.96195   319.55942       0               -19.427
       2603 21.69166666667   36.16307   319.37278       0               -19.493
       2604 21.70000000000   36.36334   319.18377       0               -19.539
       2605 21.70833333333   36.56276   318.99239       0               -19.586
       2606 21.71666666667   36.76130   318.79861       0               -19.649
       2607 21.72500000000   36.95896   318.60242       0               -19.728
       2608 21.73333333333   37.15572   318.40380       0               -19.787
       2609 21.74166666667   37.35156   318.20273       0               -19.845
       2610 21.75000000000   37.54648   317.99919       0               -19.920
       2611 21.75833333333   37.74044   317.79316       0               -19.980
       2612 21.76666666667   37.93345   317.58464       0               -20.057
       2613 21.77500000000   38.12547   317.37360       0               -20.132
       2614 21.78333333333   38.31650   317.16002       0               -20.209
       2615 21.79166666667   38.50652   316.94389       0               -20.271
       2616 21.80000000000   38.69552   316.72520       0               -20.343
       2617 21.80833333333   38.88347   316.50392       0               -20.394
       2618 21.81666666667   39.07035   316.28003       0               -20.429
       2619 21.82500000000   39.25616   316.05353       0               -20.470
       2620 21.83333333333   39.44088   315.82440       0               -20.532
       2621 21.84166666667   39.62448   315.59262       0               -20.587
       2622 21.85000000000   39.80695   315.35818       0               -20.635
       2623 21.85833333333   39.98827   315.12106       0               -20.683
       2624 21.86666666667   40.16842   314.88125       0               -20.741
       2625 21.87500000000   40.34738   314.63873       0               -20.787
       2626 21.88333333333   40.52514   314.39349       0               -20.852
       2627 21.89166666667   40.70167   314.14551       0               -20.876
       2628 21.90000000000   40.87697   313.89479       0               -20.924
       2629 21.90833333333   41.05099   313.64131       0               -20.968
       2630 21.91666666667   41.22374   313.38505       0               -21.012
       2631 21.92500000000   41.39518   313.12601       0               -21.065
       2632 21.93333333333   41.56530   312.86418       0               -21.107
       2633 21.94166666667   41.73407   312.59954       0               -21.143
       2634 21.95000000000   41.90148   312.33208       0               -21.192
       2635 21.95833333333   42.06751   312.06180       0               -21.239
       2636 21.96666666667   42.23213   311.78868       0               -21.263
       2637 21.97500000000   42.39532   311.51271       0               -21.310
       2638 21.98333333333   42.55707   311.23389       0               -21.325
       2639 21.99166666667   42.71734   310.95222       0               -21.364
       2640 22.00000000000   42.87613   310.66768       0               -21.416
       2641 22.00833333333   43.02367   310.41109       0               -21.434
       2642 22.01666666667   43.17899   310.12090       0               -21.479
       2643 22.02500000000   43.33269   309.82804       0               -21.499
       2644 22.03333333333   43.48476   309.53251       0               -21.525
       2645 22.04166666667   43.63516   309.23431       0               -21.568
       2646 22.05000000000   43.78388   308.93345       0               -21.603
       2647 22.05833333333   43.93091   308.62991       0               -21.632
       2648 22.06666666667   44.07621   308.32370       0               -21.675
       2649 22.07500000000   44.21976   308.01483       0               -21.675
       2650 22.08333333333   44.36156   307.70330       0               -21.662
       2651 22.09166666667   44.50157   307.38911       0               -21.673
       2652 22.10000000000   44.63977   307.07227       0               -21.665
       2653 22.10833333333   44.77615   306.75278       0               -21.663
       2654 22.11666666667   44.91068   306.43064       0               -21.680
       2655 22.12500000000   45.04334   306.10588       0               -21.700
       2656 22.13333333333   45.17410   305.77849       0               -21.712
       2657 22.14166666667   45.30296   305.44849       0               -21.714
       2658 22.15000000000   45.42989   305.11588       0               -21.706
       2659 22.15833333333   45.55486   304.78069       0               -21.715
       2660 22.16666666667   45.67786   304.44292       0               -21.732
       2661 22.17500000000   45.79885   304.10258       0               -21.740
       2662 22.18333333333   45.91784   303.75970       0               -21.779
       2663 22.19166666667   46.03478   303.41428       0               -21.771
       2664 22.20000000000   46.14966   303.06636       0               -21.775
       2665 22.20833333333   46.26246   302.71593       0               -21.796
       2666 22.21666666667   46.37316   302.36304       0               -21.805
       2667 22.22500000000   46.48174   302.00769       0               -21.781
       2668 22.23333333333   46.58817   301.64991       0               -21.775
       2669 22.24166666667   46.69244   301.28972       0               -21.758
       2670 22.25000000000   46.79452   300.92716       0               -21.736
       2671 22.25833333333   46.89440   300.56223       0               -21.723
       2672 22.26666666667   46.99205   300.19499       0               -21.704
       2673 22.27500000000   47.08745   299.82544       0               -21.673
       2674 22.28333333333   47.18059   299.45363       0               -21.676
       2675 22.29166666667   47.27144   299.07958       0               -21.668
       2676 22.30000000000   47.35999   298.70332       0               -21.642
       2677 22.30833333333   47.44622   298.32490       0               -21.651
       2678 22.31666666667   47.53010   297.94435       0               -21.643
       2679 22.32500000000   47.61161   297.56170       0               -21.623
       2680 22.33333333333   47.69075   297.17699       0               -21.648
       2681 22.34166666667   47.76748   296.79026       0               -21.697
       2682 22.35000000000   47.84180   296.40155       0               -21.725
       2683 22.35833333333   47.91369   296.01091       0               -21.711
       2684 22.36666666667   47.98312   295.61837       0               -21.650
       2685 22.37500000000   48.05008   295.22399       0               -21.559
       2686 22.38333333333   48.11456   294.82780       0               -21.451
       2687 22.39166666667   48.17653   294.42986       0               -21.338
       2688 22.40000000000   48.23598   294.03021       0               -21.260
       2689 22.40833333333   48.29290   293.62891       0               -21.183
       2690 22.41666666667   48.34728   293.22599       0               -21.135
       2691 22.42500000000   48.39908   292.82152       0               -21.092
       2692 22.43333333333   48.44831   292.41555       0               -21.041
       2693 22.44166666667   48.49495   292.00813       0               -20.994
       2694 22.45000000000   48.53898   291.59931       0               -20.976
       2695 22.45833333333   48.58040   291.18916       0               -20.941
       2696 22.46666666667   48.61918   290.77773       0               -20.934
       2697 22.47500000000   48.65532   290.36507       0               -20.888
       2698 22.48333333333   48.68881   289.95125       0               -20.848
       2699 22.49166666667   48.71964   289.53633       0               -20.821
       2700 22.50000000000   48.74779   289.12036       0               -20.771
       2701 22.50833333333   48.78570   288.73371       0               -20.717
       2702 22.51666666667   48.80822   288.31609       0               -20.691
       2703 22.52500000000   48.82813   287.89781       0               -20.634
       2704 22.53333333333   48.84542   287.47893       0               -20.593
       2705 22.54166666667   48.86008   287.05952       0               -20.554
       2706 22.55000000000   48.87212   286.63962       0               -20.505
       2707 22.55833333333   48.88153   286.21929       0               -20.476
       2708 22.56666666667   48.88830   285.79861       0               -20.448
       2709 22.57500000000   48.89243   285.37762       0               -20.422
       2710 22.58333333333   48.89392   284.95639       0               -20.384
       2711 22.59166666667   48.89277   284.53498       0               -20.363
       2712 22.60000000000   48.88897   284.11344       0               -20.333
       2713 22.60833333333   48.88253   283.69185       0               -20.295
       2714 22.61666666667   48.87344   283.27026       0               -20.238
       2715 22.62500000000   48.86171   282.84872       0               -20.191
       2716 22.63333333333   48.84733   282.42731       0               -20.151
       2717 22.64166666667   48.83031   282.00608       0               -20.116
       2718 22.65000000000   48.81064   281.58509       0               -20.076
       2719 22.65833333333   48.78834   281.16441       0               -20.040
       2720 22.66666666667   48.76340   280.74408       0               -19.975
       2721 22.67500000000   48.73583   280.32418       0               -19.927
       2722 22.68333333333   48.70563   279.90476       0               -19.900
       2723 22.69166666667   48.67281   279.48588       0               -19.852
       2724 22.70000000000   48.63737   279.06760       0               -19.813
       2725 22.70833333333   48.59932   278.64998       0               -19.783
       2726 22.71666666667   48.55865   278.23307       0               -19.726
       2727 22.72500000000   48.51539   277.81693       0               -19.689
       2728 22.73333333333   48.46954   277.40162       0               -19.632
       2729 22.74166666667   48.42110   276.98720       0               -19.579
       2730 22.75000000000   48.37008   276.57371       0               -19.510
       2731 22.75833333333   48.31650   276.16122       0               -19.452
       2732 22.76666666667   48.26036   275.74978       0               -19.434
       2733 22.77500000000   48.20167   275.33944       0               -19.387
       2734 22.78333333333   48.14044   274.93025       0               -19.366
       2735 22.79166666667   48.07668   274.52226       0               -19.350
       2736 22.80000000000   48.01041   274.11553       0               -19.313
       2737 22.80833333333   47.94163   273.71011       0               -19.312
       2738 22.81666666667   47.87036   273.30603       0               -19.284
       2739 22.82500000000   47.79661   272.90336       0               -19.268
       2740 22.83333333333   47.72039   272.50214       0               -19.246
       2741 22.84166666667   47.64172   272.10241       0               -19.249
       2742 22.85000000000   47.56061   271.70421       0               -19.229
       2743 22.85833333333   47.47707   271.30761       0               -19.227
       2744 22.86666666667   47.39112   270.91262       0               -19.218
       2745 22.87500000000   47.30278   270.51930       0               -19.189
       2746 22.88333333333   47.21206   270.12769       0               -19.167
       2747 22.89166666667   47.11897   269.73783       0               -19.137
       2748 22.90000000000   47.02353   269.34975       0               -19.089
       2749 22.90833333333   46.92576   268.96350       0               -19.014
       2750 22.91666666667   46.82568   268.57910       0               -18.947
       2751 22.92500000000   46.72330   268.19660       0               -18.893
       2752 22.93333333333   46.61863   267.81602       0               -18.828
       2753 22.94166666667   46.51171   267.43741       0               -18.760
       2754 22.95000000000   46.40254   267.06079       0               -18.709
       2755 22.95833333333   46.29114   266.68619       0               -18.639
       2756 22.96666666667   46.17753   266.31364       0               -18.581
       2757 22.97500000000   46.06174   265.94318       0               -18.523
       2758 22.98333333333   45.94377   265.57482       0               -18.446
       2759 22.99166666667   45.82365   265.20860       0               -18.381
       2760 23.00000000000   45.70140   264.84453       0               -18.308
       2761 23.00833333333   45.60392   264.47963       0               -18.219
       2762 23.01666666667   45.47732   264.12012       0               -18.098
       2763 23.02500000000   45.34883   263.76279       0               -17.978
       2764 23.03333333333   45.21847   263.40768       0               -17.837
       2765 23.04166666667   45.08625   263.05480       0               -17.735
       2766 23.05000000000   44.95219   262.70415       0               -17.619
       2767 23.05833333333   44.81631   262.35575       0               -17.520
       2768 23.06666666667   44.67864   262.00960       0               -17.430
       2769 23.07500000000   44.53918   261.66572       0               -17.332
       2770 23.08333333333   44.39796   261.32412       0               -17.239
       2771 23.09166666667   44.25500   260.98481       0               -17.162
       2772 23.10000000000   44.11031   260.64778       0               -17.040
       2773 23.10833333333   43.96391   260.31305       0               -16.922
       2774 23.11666666667   43.81583   259.98062       0               -16.802
       2775 23.12500000000   43.66607   259.65050       0               -16.681
       2776 23.13333333333   43.51467   259.32269       0               -16.572
       2777 23.14166666667   43.36164   258.99720       0               -16.460
       2778 23.15000000000   43.20699   258.67402       0               -16.326
       2779 23.15833333333   43.05075   258.35316       0               -16.228
       2780 23.16666666667   42.89294   258.03463       0               -16.140
       2781 23.17500000000   42.73357   257.71841       0               -16.006
       2782 23.18333333333   42.57266   257.40452       0               -15.891
       2783 23.19166666667   42.41024   257.09294       0               -15.778
       2784 23.20000000000   42.24631   256.78368       0               -15.675
       2785 23.20833333333   42.08091   256.47675       0               -15.564
       2786 23.21666666667   41.91404   256.17212       0               -15.464
       2787 23.22500000000   41.74572   255.86981       0               -15.328
       2788 23.23333333333   41.57598   255.56981       0               -15.186
       2789 23.24166666667   41.40484   255.27211       0               -15.029
       2790 23.25000000000   41.23230   254.97671       0               -14.882
       2791 23.25833333333   41.05839   254.68360       0               -14.741
       2792 23.26666666667   40.88313   254.39279       0               -14.621
       2793 23.27500000000   40.70653   254.10425       0               -14.497
       2794 23.28333333333   40.52862   253.81800       0               -14.369
       2795 23.29166666667   40.34941   253.53402       0               -14.233
       2796 23.30000000000   40.16892   253.25230       0               -14.102
       2797 23.30833333333   39.98716   252.97283       0               -13.950
       2798 23.31666666667   39.80416   252.69562       0               -13.802
       2799 23.32500000000   39.61993   252.42064       0               -13.652
       2800 23.33333333333   39.43449   252.14790       0               -13.480
       2801 23.34166666667   39.24786   251.87737       0               -13.337
       2802 23.35000000000   39.06005   251.60907       0               -13.175
       2803 23.35833333333   38.87108   251.34296       0               -13.023
       2804 23.36666666667   38.68097   251.07905       0               -12.877
       2805 23.37500000000   38.48974   250.81732       0               -12.715
       2806 23.38333333333   38.29740   250.55777       0               -12.560
       2807 23.39166666667   38.10397   250.30038       0               -12.429
       2808 23.40000000000   37.90946   250.04514       0               -12.337
       2809 23.40833333333   37.71389   249.79204       0               -12.209
       2810 23.41666666667   37.51729   249.54107       0               -12.024
       2811 23.42500000000   37.31965   249.29223       0               -11.866
       2812 23.43333333333   37.12101   249.04548       0               -11.719
       2813 23.44166666667   36.92138   248.80084       0               -11.600
       2814 23.45000000000   36.72077   248.55827       0               -11.452
       2815 23.45833333333   36.51920   248.31778       0               -11.319
       2816 23.46666666667   36.31668   248.07935       0               -11.148
       2817 23.47500000000   36.11323   247.84296       0               -10.992
       2818 23.48333333333   35.90887   247.60861       0               -10.809
       2819 23.49166666667   35.70361   247.37627       0               -10.641
       2820 23.50000000000   35.49747   247.14595       0               -10.483
       2821 23.50833333333   35.31622   246.88748       0               -10.348
       2822 23.51666666667   35.10829   246.66118       0               -10.199
       2823 23.52500000000   34.89968   246.43664       0               -10.014
       2824 23.53333333333   34.69042   246.21384       0                -9.834
       2825 23.54166666667   34.48052   245.99279       0                -9.652
       2826 23.55000000000   34.26997   245.77345       0                -9.494
       2827 23.55833333333   34.05880   245.55582       0                -9.375
       2828 23.56666666667   33.84701   245.33988       0                -9.245
       2829 23.57500000000   33.63462   245.12562       0                -9.068
       2830 23.58333333333   33.42164   244.91302       0                -8.931
       2831 23.59166666667   33.20808   244.70207       0                -8.761
       2832 23.60000000000   32.99394   244.49276       0                -8.618
       2833 23.60833333333   32.77924   244.28507       0                -8.460
       2834 23.61666666667   32.56400   244.07899       0                -8.300
       2835 23.62500000000   32.34821   243.87451       0                -8.118
       2836 23.63333333333   32.13189   243.67160       0                -7.942
       2837 23.64166666667   31.91505   243.47026       0                -7.716
       2838 23.65000000000   31.69770   243.27048       0                -7.498
       2839 23.65833333333   31.47986   243.07224       0                -7.269
       2840 23.66666666667   31.26152   242.87552       0                -7.042
       2841 23.67500000000   31.04270   242.68032       0                -6.810
       2842 23.68333333333   30.82341   242.48662       0                -6.588
       2843 23.69166666667   30.60366   242.29440       0                -6.340
       2844 23.70000000000   30.38346   242.10366       0                -6.108
       2845 23.70833333333   30.16281   241.91439       0                -5.904
       2846 23.71666666667   29.94174   241.72656       0                -5.671
       2847 23.72500000000   29.72023   241.54017       0                -5.474
       2848 23.73333333333   29.49832   241.35520       0                -5.266
       2849 23.74166666667   29.27599   241.17164       0                -5.056
       2850 23.75000000000   29.05327   240.98948       0                -4.835
       2851 23.75833333333   28.83016   240.80870       0                -4.625
       2852 23.76666666667   28.60667   240.62930       0                -4.429
       2853 23.77500000000   28.38281   240.45126       0                -4.223
       2854 23.78333333333   28.15859   240.27457       0                -3.994
       2855 23.79166666667   27.93401   240.09922       0                -3.778
       2856 23.80000000000   27.70908   239.92519       0                -3.564
       2857 23.80833333333   27.48382   239.75248       0                -3.362
       2858 23.81666666667   27.25823   239.58106       0                -3.158
       2859 23.82500000000   27.03231   239.41094       0                -2.987
       2860 23.83333333333   26.80608   239.24209       0                -2.824
       2861 23.84166666667   26.57955   239.07452       0                -2.686
       2862 23.85000000000   26.35272   238.90819       0                -2.592
       2863 23.85833333333   26.12560   238.74311       0                -2.463
       2864 23.86666666667   25.89819   238.57927       0                -2.263
       2865 23.87500000000   25.67051   238.41665       0                -2.050
       2866 23.88333333333   25.44256   238.25523       0                -1.803
       2867 23.89166666667   25.21436   238.09502       0                -1.594
       2868 23.90000000000   24.98590   237.93600       0                -1.403
       2869 23.90833333333   24.75719   237.77815       0                -1.292
       2870 23.91666666667   24.52825   237.62148       0                -1.300
       2871 23.92500000000   24.29907   237.46596       0                -1.130
       2872 23.93333333333   24.06967   237.31158       0                -0.960
       2873 23.94166666667   23.84005   237.15835       0                -0.790
       2874 23.95000000000   23.61022   237.00624       0                -0.597
       2875 23.95833333333   23.38019   236.85525       0                -0.349
       2876 23.96666666667   23.14996   236.70536       0                -0.131
       2877 23.97500000000   22.91955   236.55657       0                 0.091
       2878 23.98333333333   22.68894   236.40887       0                 0.283
       2879 23.99166666667   22.45816   236.26224       0                 0.501
