# Created on 2018-12-12 16:18:02 
# Sources: d:\gpsother\tec-suite\in\2015\abcd0770.15d.Z, d:\gpsother\tec-suite\in\2015\brdc0770.15n.Z
# Satellite: G22
# Interval: 30.0
# Sampling interval: 0.0 (not used).
# Site: abcd
# Position (L, B, H): 253.601641965, 52.1962622634, 578.574894483
# Position (X, Y, Z): -1106129.71, -3758704.03, 5016675.77
# datetime format: %Y-%m-%dT%H:%M:%S
# Columns: tsn, hour, el, az, validity, tec.l1l2
# (I11,1X,F14.11,1X,F10.5,1X,F11.5,1X,I7,1X,F21.3)
       1394 11.61666666667    4.94457   238.08751    4096                 0.164
       1395 11.62500000000    5.13114   238.17418    4096                -0.049
       1396 11.63333333333    5.31780   238.26110    4096                -0.392
       1397 11.64166666667    5.50454   238.34825    4096                -0.668
       1398 11.65000000000    5.69138   238.43564    4096                -0.817
       1399 11.65833333333    5.87831   238.52328    4096                -1.000
       1400 11.66666666667    6.06534   238.61114    4096                -1.258
       1401 11.67500000000    6.25245   238.69925    4096                -1.556
       1402 11.68333333333    6.43966   238.78759    4096                -1.870
       1403 11.69166666667    6.62696   238.87616    4096                -2.133
       1404 11.70000000000    6.81435   238.96497    4096                -2.320
       1405 11.70833333333    7.00184   239.05401    4096                -2.483
       1406 11.71666666667    7.18941   239.14328    4096                -2.659
       1407 11.72500000000    7.37708   239.23278    4096                -2.807
       1408 11.73333333333    7.56484   239.32251    4096                -2.764
       1409 11.74166666667    7.75269   239.41247    4096                -2.469
       1410 11.75000000000    7.94064   239.50266    4096                -2.409
       1411 11.75833333333    8.12868   239.59308    4096                -2.532
       1412 11.76666666667    8.31681   239.68372    4096                -2.588
       1413 11.77500000000    8.50503   239.77458    4096                -2.804
       1414 11.78333333333    8.69335   239.86567    4096                -3.152
       1415 11.79166666667    8.88176   239.95699    4096                -3.390
       1416 11.80000000000    9.07026   240.04852    4096                -3.530
       1417 11.80833333333    9.25886   240.14028    4096                -3.579
       1418 11.81666666667    9.44755   240.23225    4096                -3.710
       1419 11.82500000000    9.63633   240.32445    4096                -3.844
       1420 11.83333333333    9.82521   240.41687    4096                -3.964
       1421 11.84166666667   10.01418   240.50950    4096                -4.016
       1422 11.85000000000   10.20324   240.60235    4096                -4.103
       1423 11.85833333333   10.39240   240.69542    4096                -4.137
       1424 11.86666666667   10.58165   240.78870    4096                -4.132
       1425 11.87500000000   10.77099   240.88219    4096                -4.172
       1426 11.88333333333   10.96043   240.97590    4096                -4.193
       1427 11.89166666667   11.14996   241.06982    4096                -4.265
       1428 11.90000000000   11.33959   241.16396    4096                -4.327
       1429 11.90833333333   11.52931   241.25830    4096                -4.322
       1430 11.91666666667   11.71912   241.35285    4096                -4.322
       1431 11.92500000000   11.90903   241.44762    4096                -4.420
       1432 11.93333333333   12.09903   241.54259    4096                -4.363
       1433 11.94166666667   12.28913   241.63776    4096                -4.329
       1434 11.95000000000   12.47932   241.73315    4096                -4.402
       1435 11.95833333333   12.66961   241.82874    4096                -4.395
       1436 11.96666666667   12.85999   241.92453    4096                -4.474
       1437 11.97500000000   13.05047   242.02053    4096                -4.558
       1438 11.98333333333   13.24104   242.11673    4096                -4.614
       1439 11.99166666667   13.43171   242.21314    4096                -4.617
       1440 12.00000000000   13.62308   242.30987    4096                -4.607
       1441 12.00833333333   13.81333   242.40655    4096                -4.542
       1442 12.01666666667   14.00428   242.50355    4096                -4.543
       1443 12.02500000000   14.19533   242.60076    4096                -4.496
       1444 12.03333333333   14.38647   242.69816    4096                -4.511
       1445 12.04166666667   14.57771   242.79576    4096                -4.630
       1446 12.05000000000   14.76905   242.89356    4096                -4.674
       1447 12.05833333333   14.96048   242.99155    4096                -4.716
       1448 12.06666666667   15.15201   243.08973    4096                -4.748
       1449 12.07500000000   15.34363   243.18811    4096                -4.612
       1450 12.08333333333   15.53535   243.28669    4096                -4.689
       1451 12.09166666667   15.72717   243.38545    4096                -4.759
       1452 12.10000000000   15.91909   243.48441    4096                -4.867
       1453 12.10833333333   16.11110   243.58356    4096                -4.995
       1454 12.11666666667   16.30320   243.68289    4096                -5.024
       1455 12.12500000000   16.49541   243.78242    4096                -5.062
       1456 12.13333333333   16.68771   243.88213    4096                -5.180
       1457 12.14166666667   16.88011   243.98204    4096                -5.166
       1458 12.15000000000   17.07261   244.08213    4096                -5.266
       1459 12.15833333333   17.26520   244.18240    4096                -5.274
       1460 12.16666666667   17.45789   244.28286    4096                -5.398
       1461 12.17500000000   17.65068   244.38350    4096                -5.542
       1462 12.18333333333   17.84357   244.48433    4096                -5.621
       1463 12.19166666667   18.03655   244.58534    4096                -5.683
       1464 12.20000000000   18.22963   244.68653    4096                -5.746
       1465 12.20833333333   18.42281   244.78790    4096                -5.782
       1466 12.21666666667   18.61609   244.88945    4096                -5.839
       1467 12.22500000000   18.80947   244.99119    4096                -6.027
       1468 12.23333333333   19.00295   245.09310    4096                -6.295
       1469 12.24166666667   19.19652   245.19519    4096                -6.348
       1470 12.25000000000   19.39019   245.29745    4096                -6.367
       1471 12.25833333333   19.58397   245.39989    4096                -6.436
       1472 12.26666666667   19.77784   245.50251    4096                -6.656
       1473 12.27500000000   19.97181   245.60530    4096                -6.831
       1474 12.28333333333   20.16588   245.70827    4096                -6.937
       1475 12.29166666667   20.36005   245.81141    4096                -6.958
       1476 12.30000000000   20.55432   245.91472    4096                -7.000
       1477 12.30833333333   20.74868   246.01821    4096                -7.102
       1478 12.31666666667   20.94315   246.12186    4096                -7.266
       1479 12.32500000000   21.13772   246.22569    4096                -7.340
       1480 12.33333333333   21.33239   246.32968    4096                -7.475
       1481 12.34166666667   21.52716   246.43384    4096                -7.639
       1482 12.35000000000   21.72203   246.53817    4096                -7.749
       1483 12.35833333333   21.91699   246.64267    4096                -7.834
       1484 12.36666666667   22.11206   246.74733    4096                -7.828
       1485 12.37500000000   22.30723   246.85216    4096                -7.763
       1486 12.38333333333   22.50251   246.95716    4096                -7.643
       1487 12.39166666667   22.69788   247.06232    4096                -7.720
       1488 12.40000000000   22.89335   247.16764    4096                -7.875
       1489 12.40833333333   23.08892   247.27312    4096                -8.067
       1490 12.41666666667   23.28460   247.37877    4096                -8.309
       1491 12.42500000000   23.48038   247.48458    4096                -8.478
       1492 12.43333333333   23.67626   247.59055    4096                -8.588
       1493 12.44166666667   23.87224   247.69667    4096                -8.694
       1494 12.45000000000   24.06832   247.80296    4096                -8.801
       1495 12.45833333333   24.26450   247.90940    4096                -8.904
       1496 12.46666666667   24.46079   248.01600    4096                -8.926
       1497 12.47500000000   24.65718   248.12276    4096                -8.945
       1498 12.48333333333   24.85367   248.22968    4096                -9.027
       1499 12.49166666667   25.05026   248.33675    4096                -9.143
       1500 12.50000000000   25.24696   248.44397    4096                -9.247
       1501 12.50833333333   25.44376   248.55135    4096                -9.367
       1502 12.51666666667   25.64066   248.65888    4096                -9.424
       1503 12.52500000000   25.83766   248.76656    4096                -9.461
       1504 12.53333333333   26.03477   248.87439    4096                -9.556
       1505 12.54166666667   26.23198   248.98238    4096                -9.536
       1506 12.55000000000   26.42930   249.09051    4096                -9.620
       1507 12.55833333333   26.62672   249.19879    4096                -9.666
       1508 12.56666666667   26.82424   249.30723    4096                -9.741
       1509 12.57500000000   27.02186   249.41581    4096                -9.856
       1510 12.58333333333   27.21959   249.52453    4096                -9.982
       1511 12.59166666667   27.41743   249.63341    4096               -10.017
       1512 12.60000000000   27.61536   249.74242    4096               -10.053
       1513 12.60833333333   27.81341   249.85159    4096               -10.101
       1514 12.61666666667   28.01155   249.96090    4096               -10.216
       1515 12.62500000000   28.20980   250.07035    4096               -10.292
       1516 12.63333333333   28.40816   250.17994    4096               -10.351
       1517 12.64166666667   28.60662   250.28968    4096               -10.392
       1518 12.65000000000   28.80519   250.39955    4096               -10.458
       1519 12.65833333333   29.00386   250.50957    4096               -10.473
       1520 12.66666666667   29.20263   250.61973    4096               -10.527
       1521 12.67500000000   29.40151   250.73003    4096               -10.615
       1522 12.68333333333   29.60050   250.84046    4096               -10.626
       1523 12.69166666667   29.79959   250.95104    4096               -10.703
       1524 12.70000000000   29.99879   251.06175    4096               -10.816
       1525 12.70833333333   30.19809   251.17259    4096               -10.822
       1526 12.71666666667   30.39750   251.28357    4096               -10.838
       1527 12.72500000000   30.59702   251.39469    4096               -10.837
       1528 12.73333333333   30.79664   251.50594    4096               -10.865
       1529 12.74166666667   30.99637   251.61732    4096               -10.874
       1530 12.75000000000   31.19620   251.72884    4096               -10.872
       1531 12.75833333333   31.39614   251.84049    4096               -10.884
       1532 12.76666666667   31.59619   251.95227    4096               -10.887
       1533 12.77500000000   31.79635   252.06418    4096               -10.902
       1534 12.78333333333   31.99661   252.17622    4096               -10.921
       1535 12.79166666667   32.19698   252.28839    4096               -10.977
       1536 12.80000000000   32.39745   252.40069    4096               -10.964
       1537 12.80833333333   32.59803   252.51312    4096               -10.958
       1538 12.81666666667   32.79872   252.62567    4096               -10.988
       1539 12.82500000000   32.99952   252.73835    4096               -10.994
       1540 12.83333333333   33.20043   252.85116    4096               -11.002
       1541 12.84166666667   33.40144   252.96409    4096               -11.020
       1542 12.85000000000   33.60256   253.07714    4096               -11.017
       1543 12.85833333333   33.80379   253.19032    4096               -11.008
       1544 12.86666666667   34.00513   253.30362    4096               -10.982
       1545 12.87500000000   34.20657   253.41705    4096               -10.979
       1546 12.88333333333   34.40812   253.53059    4096               -10.996
       1547 12.89166666667   34.60978   253.64426    4096               -10.994
       1548 12.90000000000   34.81155   253.75805    4096               -10.977
       1549 12.90833333333   35.01343   253.87195    4096               -10.955
       1550 12.91666666667   35.21542   253.98598    4096               -10.938
       1551 12.92500000000   35.41751   254.10012    4096               -10.869
       1552 12.93333333333   35.61972   254.21438    4096               -10.816
       1553 12.94166666667   35.82203   254.32876    4096               -10.803
       1554 12.95000000000   36.02446   254.44325    4096               -10.832
       1555 12.95833333333   36.22699   254.55786    4096               -10.833
       1556 12.96666666667   36.42963   254.67258    4096               -10.863
       1557 12.97500000000   36.63238   254.78742    4096               -10.873
       1558 12.98333333333   36.83524   254.90237    4096               -10.881
       1559 12.99166666667   37.03821   255.01744    4096               -10.879
       1560 13.00000000000   37.24129   255.13261    4096               -10.859
       1561 13.00833333333   37.44447   255.24790    4096               -10.837
       1562 13.01666666667   37.64777   255.36330    4096               -10.820
       1563 13.02500000000   37.85118   255.47880    4096               -10.781
       1564 13.03333333333   38.05470   255.59442    4096               -10.795
       1565 13.04166666667   38.25833   255.71015    4096               -10.800
       1566 13.05000000000   38.46207   255.82598    4096               -10.830
       1567 13.05833333333   38.66592   255.94192    4096               -10.840
       1568 13.06666666667   38.86988   256.05797    4096               -10.835
       1569 13.07500000000   39.07395   256.17412    4096               -10.841
       1570 13.08333333333   39.27813   256.29038    4096               -10.857
       1571 13.09166666667   39.48242   256.40674    4096               -10.858
       1572 13.10000000000   39.68682   256.52321    4096               -10.853
       1573 13.10833333333   39.89133   256.63978    4096               -10.866
       1574 13.11666666667   40.09595   256.75645    4096               -10.884
       1575 13.12500000000   40.30069   256.87323    4096               -10.862
       1576 13.13333333333   40.50553   256.99011    4096               -10.872
       1577 13.14166666667   40.71049   257.10708    4096               -10.895
       1578 13.15000000000   40.91556   257.22416    4096               -10.911
       1579 13.15833333333   41.12073   257.34134    4096               -10.926
       1580 13.16666666667   41.32602   257.45861    4096               -10.892
       1581 13.17500000000   41.53142   257.57598    4096               -10.867
       1582 13.18333333333   41.73694   257.69346    4096               -10.858
       1583 13.19166666667   41.94256   257.81102    4096               -10.828
       1584 13.20000000000   42.14829   257.92869    4096               -10.791
       1585 13.20833333333   42.35414   258.04645    4096               -10.790
       1586 13.21666666667   42.56010   258.16430    4096               -10.772
       1587 13.22500000000   42.76617   258.28225    4096               -10.783
       1588 13.23333333333   42.97235   258.40029    4096               -10.772
       1589 13.24166666667   43.17864   258.51842    4096               -10.766
       1590 13.25000000000   43.38505   258.63665    4096               -10.710
       1591 13.25833333333   43.59157   258.75497    4096               -10.667
       1592 13.26666666667   43.79820   258.87338    4096               -10.637
       1593 13.27500000000   44.00494   258.99188    4096               -10.645
       1594 13.28333333333   44.21179   259.11046    4096               -10.634
       1595 13.29166666667   44.41875   259.22914    4096               -10.619
       1596 13.30000000000   44.62583   259.34791    4096               -10.609
       1597 13.30833333333   44.83302   259.46676    4096               -10.605
       1598 13.31666666667   45.04032   259.58571    4096               -10.586
       1599 13.32500000000   45.24774   259.70473    4096               -10.566
       1600 13.33333333333   45.45526   259.82385    4096               -10.531
       1601 13.34166666667   45.66290   259.94305    4096               -10.542
       1602 13.35000000000   45.87065   260.06233    4096               -10.516
       1603 13.35833333333   46.07851   260.18170    4096               -10.506
       1604 13.36666666667   46.28649   260.30115    4096               -10.493
       1605 13.37500000000   46.49457   260.42069    4096               -10.462
       1606 13.38333333333   46.70277   260.54030    4096               -10.459
       1607 13.39166666667   46.91109   260.66000    4096               -10.459
       1608 13.40000000000   47.11951   260.77978    4096               -10.434
       1609 13.40833333333   47.32805   260.89964    4096               -10.435
       1610 13.41666666667   47.53670   261.01958    4096               -10.418
       1611 13.42500000000   47.74546   261.13960    4096               -10.413
       1612 13.43333333333   47.95433   261.25969    4096               -10.391
       1613 13.44166666667   48.16332   261.37987    4096               -10.363
       1614 13.45000000000   48.37242   261.50012    4096               -10.326
       1615 13.45833333333   48.58163   261.62045    4096               -10.292
       1616 13.46666666667   48.79095   261.74086    4096               -10.263
       1617 13.47500000000   49.00039   261.86134    4096               -10.258
       1618 13.48333333333   49.20994   261.98190    4096               -10.243
       1619 13.49166666667   49.41960   262.10253    4096               -10.241
       1620 13.50000000000   49.62937   262.22323    4096               -10.257
       1621 13.50833333333   49.83926   262.34401    4096               -10.240
       1622 13.51666666667   50.04926   262.46486    4096               -10.223
       1623 13.52500000000   50.25937   262.58578    4096               -10.209
       1624 13.53333333333   50.46959   262.70678    4096               -10.175
       1625 13.54166666667   50.67993   262.82784    4096               -10.173
       1626 13.55000000000   50.89037   262.94898    4096               -10.143
       1627 13.55833333333   51.10093   263.07019    4096               -10.149
       1628 13.56666666667   51.31160   263.19146    4096               -10.134
       1629 13.57500000000   51.52239   263.31281    4096               -10.113
       1630 13.58333333333   51.73329   263.43422    4096               -10.086
       1631 13.59166666667   51.94429   263.55570    4096               -10.077
       1632 13.60000000000   52.15541   263.67725    4096               -10.053
       1633 13.60833333333   52.36665   263.79886    4096               -10.045
       1634 13.61666666667   52.57799   263.92054    4096               -10.039
       1635 13.62500000000   52.78945   264.04229    4096               -10.017
       1636 13.63333333333   53.00102   264.16410    4096               -10.004
       1637 13.64166666667   53.21270   264.28598    4096                -9.994
       1638 13.65000000000   53.42449   264.40792    4096                -9.984
       1639 13.65833333333   53.63639   264.52992    4096                -9.949
       1640 13.66666666667   53.84841   264.65199    4096                -9.909
       1641 13.67500000000   54.06053   264.77412    4096                -9.902
       1642 13.68333333333   54.27277   264.89631    4096                -9.892
       1643 13.69166666667   54.48512   265.01856    4096                -9.883
       1644 13.70000000000   54.69758   265.14088    4096                -9.869
       1645 13.70833333333   54.91016   265.26325    4096                -9.856
       1646 13.71666666667   55.12284   265.38569    4096                -9.839
       1647 13.72500000000   55.33564   265.50818    4096                -9.818
       1648 13.73333333333   55.54854   265.63073    4096                -9.792
       1649 13.74166666667   55.76156   265.75335    4096                -9.777
       1650 13.75000000000   55.97469   265.87602    4096                -9.775
       1651 13.75833333333   56.18792   265.99875    4096                -9.775
       1652 13.76666666667   56.40127   266.12154    4096                -9.734
       1653 13.77500000000   56.61473   266.24438    4096                -9.703
       1654 13.78333333333   56.82830   266.36728    4096                -9.683
       1655 13.79166666667   57.04198   266.49024    4096                -9.662
       1656 13.80000000000   57.25578   266.61325    4096                -9.642
       1657 13.80833333333   57.46968   266.73632    4096                -9.611
       1658 13.81666666667   57.68369   266.85944    4096                -9.581
       1659 13.82500000000   57.89781   266.98262    4096                -9.556
       1660 13.83333333333   58.11204   267.10585    4096                -9.545
       1661 13.84166666667   58.32638   267.22914    4096                -9.516
       1662 13.85000000000   58.54083   267.35248    4096                -9.501
       1663 13.85833333333   58.75539   267.47587    4096                -9.481
       1664 13.86666666667   58.97006   267.59932    4096                -9.456
       1665 13.87500000000   59.18484   267.72282    4096                -9.425
       1666 13.88333333333   59.39972   267.84637    4096                -9.405
       1667 13.89166666667   59.61472   267.96998    4096                -9.399
       1668 13.90000000000   59.82982   268.09363    4096                -9.384
       1669 13.90833333333   60.04503   268.21734    4096                -9.377
       1670 13.91666666667   60.26036   268.34110    4096                -9.336
       1671 13.92500000000   60.47579   268.46491    4096                -9.321
       1672 13.93333333333   60.69132   268.58877    4096                -9.310
       1673 13.94166666667   60.90697   268.71268    4096                -9.282
       1674 13.95000000000   61.12272   268.83664    4096                -9.291
       1675 13.95833333333   61.33858   268.96066    4096                -9.264
       1676 13.96666666667   61.55455   269.08472    4096                -9.270
       1677 13.97500000000   61.77063   269.20883    4096                -9.238
       1678 13.98333333333   61.98681   269.33299    4096                -9.231
       1679 13.99166666667   62.20310   269.45721    4096                -9.223
       1680 14.00000000000   62.41966   269.58084    4096                -9.184
       1681 14.00833333333   62.63600   269.70578    4096                -9.166
       1682 14.01666666667   62.85261   269.83014    4096                -9.153
       1683 14.02500000000   63.06932   269.95455    4096                -9.098
       1684 14.03333333333   63.28614   270.07901    4096                -9.084
       1685 14.04166666667   63.50307   270.20352    4096                -9.080
       1686 14.05000000000   63.72010   270.32808    4096                -9.069
       1687 14.05833333333   63.93724   270.45269    4096                -9.056
       1688 14.06666666667   64.15448   270.57735    4096                -9.023
       1689 14.07500000000   64.37183   270.70206    4096                -9.024
       1690 14.08333333333   64.58928   270.82681    4096                -9.018
       1691 14.09166666667   64.80684   270.95162    4096                -9.011
       1692 14.10000000000   65.02450   271.07648    4096                -8.992
       1693 14.10833333333   65.24226   271.20139    4096                -8.991
       1694 14.11666666667   65.46013   271.32635    4096                -8.980
       1695 14.12500000000   65.67810   271.45137    4096                -9.002
       1696 14.13333333333   65.89618   271.57643    4096                -9.001
       1697 14.14166666667   66.11436   271.70155    4096                -8.982
       1698 14.15000000000   66.33264   271.82671    4096                -8.982
       1699 14.15833333333   66.55102   271.95194    4096                -8.961
       1700 14.16666666667   66.76951   272.07721    4096                -8.951
       1701 14.17500000000   66.98809   272.20254    4096                -8.930
       1702 14.18333333333   67.20678   272.32792    4096                -8.912
       1703 14.19166666667   67.42557   272.45336    4096                -8.903
       1704 14.20000000000   67.64446   272.57885    4096                -8.886
       1705 14.20833333333   67.86346   272.70441    4096                -8.862
       1706 14.21666666667   68.08255   272.83001    4096                -8.868
       1707 14.22500000000   68.30174   272.95568    4096                -8.854
       1708 14.23333333333   68.52104   273.08141    4096                -8.855
       1709 14.24166666667   68.74043   273.20720    4096                -8.842
       1710 14.25000000000   68.95992   273.33305    4096                -8.843
       1711 14.25833333333   69.17952   273.45896    4096                -8.837
       1712 14.26666666667   69.39921   273.58493    4096                -8.833
       1713 14.27500000000   69.61900   273.71098    4096                -8.827
       1714 14.28333333333   69.83888   273.83708    4096                -8.810
       1715 14.29166666667   70.05887   273.96326    4096                -8.798
       1716 14.30000000000   70.27895   274.08951    4096                -8.790
       1717 14.30833333333   70.49913   274.21583    4096                -8.789
       1718 14.31666666667   70.71941   274.34222    4096                -8.717
       1719 14.32500000000   70.93978   274.46869    4096                -8.730
       1720 14.33333333333   71.16025   274.59524    4096                -8.696
       1721 14.34166666667   71.38082   274.72186    4096                -8.707
       1722 14.35000000000   71.60148   274.84857    4096                -8.682
       1723 14.35833333333   71.82224   274.97537    4096                -8.688
       1724 14.36666666667   72.04309   275.10225    4096                -8.651
       1725 14.37500000000   72.26404   275.22922    4096                -8.647
       1726 14.38333333333   72.48508   275.35629    4096                -8.680
       1727 14.39166666667   72.70621   275.48345    4096                -8.673
       1728 14.40000000000   72.92744   275.61071    4096                -8.722
       1729 14.40833333333   73.14876   275.73808    4096                -8.736
       1730 14.41666666667   73.37018   275.86556    4096                -8.737
       1731 14.42500000000   73.59168   275.99314    4096                -8.754
       1732 14.43333333333   73.81328   276.12085    4096                -8.767
       1733 14.44166666667   74.03497   276.24867    4096                -8.782
       1734 14.45000000000   74.25675   276.37663    4096                -8.802
       1735 14.45833333333   74.47862   276.50471    4096                -8.818
       1736 14.46666666667   74.70059   276.63293    4096                -8.845
       1737 14.47500000000   74.92264   276.76130    4096                -8.870
       1738 14.48333333333   75.14478   276.88981    4096                -8.899
       1739 14.49166666667   75.36701   277.01848    4096                -8.933
       1740 14.50000000000   75.58933   277.14732    4096                -8.951
       1741 14.50833333333   75.81174   277.27633    4096                -8.985
       1742 14.51666666667   76.03424   277.40552    4096                -8.996
       1743 14.52500000000   76.25682   277.53490    4096                -9.020
       1744 14.53333333333   76.47949   277.66448    4096                -9.039
       1745 14.54166666667   76.70225   277.79427    4096                -9.067
       1746 14.55000000000   76.92510   277.92428    4096                -9.059
       1747 14.55833333333   77.14803   278.05453    4096                -9.064
       1748 14.56666666667   77.37104   278.18502    4096                -9.075
       1749 14.57500000000   77.59414   278.31577    4096                -9.050
       1750 14.58333333333   77.81733   278.44680    4096                -9.006
       1751 14.59166666667   78.04059   278.57812    4096                -8.976
       1752 14.60000000000   78.26395   278.70975    4096                -8.946
       1753 14.60833333333   78.48738   278.84170    4096                -8.943
       1754 14.61666666667   78.71090   278.97401    4096                -8.931
       1755 14.62500000000   78.93450   279.10669    4096                -8.908
       1756 14.63333333333   79.15818   279.23976    4096                -8.897
       1757 14.64166666667   79.38194   279.37325    4096                -8.836
       1758 14.65000000000   79.60579   279.50720    4096                -8.816
       1759 14.65833333333   79.82971   279.64162    4096                -8.787
       1760 14.66666666667   80.05371   279.77656    4096                -8.805
       1761 14.67500000000   80.27780   279.91205    4096                -8.856
       1762 14.68333333333   80.50196   280.04814    4096                -8.839
       1763 14.69166666667   80.72620   280.18487    4096                -8.855
       1764 14.70000000000   80.95051   280.32228    4096                -8.857
       1765 14.70833333333   81.17490   280.46044    4096                -8.857
       1766 14.71666666667   81.39937   280.59940    4096                -8.833
       1767 14.72500000000   81.62392   280.73923    4096                -8.794
       1768 14.73333333333   81.84854   280.88000    4096                -8.736
       1769 14.74166666667   82.07324   281.02180    4096                -8.711
       1770 14.75000000000   82.29800   281.16473    4096                -8.665
       1771 14.75833333333   82.52285   281.30888    4096                -8.617
       1772 14.76666666667   82.74776   281.45437    4096                -8.587
       1773 14.77500000000   82.97275   281.60134    4096                -8.577
       1774 14.78333333333   83.19781   281.74993    4096                -8.541
       1775 14.79166666667   83.42294   281.90033    4096                -8.617
       1776 14.80000000000   83.64814   282.05271    4096                -8.611
       1777 14.80833333333   83.87341   282.20731    4096                -8.553
       1778 14.81666666667   84.09875   282.36439    4096                -8.572
       1779 14.82500000000   84.32416   282.52424    4096                -8.611
       1780 14.83333333333   84.54963   282.68722    4096                -8.552
       1781 14.84166666667   84.77517   282.85374    4096                -8.523
       1782 14.85000000000   85.00077   283.02428    4096                -8.469
       1783 14.85833333333   85.22644   283.19942    4096                -8.456
       1784 14.86666666667   85.45217   283.37986    4096                -8.397
       1785 14.87500000000   85.67797   283.56643    4096                -8.372
       1786 14.88333333333   85.90382   283.76017    4096                -8.372
       1787 14.89166666667   86.12973   283.96232    4096                -8.334
       1788 14.90000000000   86.35570   284.17448    4096                -8.288
       1789 14.90833333333   86.58172   284.39863    4096                -8.279
       1790 14.91666666667   86.80779   284.63734    4096                -8.208
       1791 14.92500000000   87.03392   284.89396    4096                -8.201
       1792 14.93333333333   87.26008   285.17294    4096                -8.169
       1793 14.94166666667   87.48628   285.48034    4096                -8.120
       1794 14.95000000000   87.71252   285.82461    4096                -8.064
       1795 14.95833333333   87.93877   286.21792    4096                -8.078
       1796 14.96666666667   88.16502   286.67844    4096                -7.991
       1797 14.97500000000   88.39125   287.23455    4096                -7.874
       1798 14.98333333333   88.61742   287.93321    4096                -7.860
       1799 14.99166666667   88.84345   288.85800    4096                -7.880
       1800 15.00000000000   89.06919   290.17336    4096                -7.890
       1801 15.00833333333   89.29433   292.25283    4096                -7.848
       1802 15.01666666667   89.51793   296.15882    4096                -7.816
       1803 15.02500000000   89.73590   306.44359    4096                -7.807
       1804 15.03333333333   89.89939     4.35847    4096                -7.758
       1805 15.04166666667   89.76851    79.36113    4096                -7.721
       1806 15.05000000000   89.55255    92.01412    4096                -7.830
       1807 15.05833333333   89.32912    96.42936    4096                -7.643
       1808 15.06666666667   89.10376    98.69285    4096                -7.656
       1809 15.07500000000   88.87759   100.09416    4096                -7.676
       1810 15.08333333333   88.65100   101.06556    4096                -7.707
       1811 15.09166666667   88.42415   101.79206    4096                -7.668
       1812 15.10000000000   88.19711   102.36589    4096                -7.731
       1813 15.10833333333   87.96993   102.83818    4096                -7.676
       1814 15.11666666667   87.74265   103.23951    4096                -7.583
       1815 15.12500000000   87.51527   103.58931    4096                -7.578
       1816 15.13333333333   87.28781   103.90050    4096                -7.538
       1817 15.14166666667   87.06028   104.18201    4096                -7.509
       1818 15.15000000000   86.83268   104.44021    4096                -7.488
       1819 15.15833333333   86.60502   104.67977    4096                -7.464
       1820 15.16666666667   86.37730   104.90419    4096                -7.413
       1821 15.17500000000   86.14952   105.11613    4096                -7.387
       1822 15.18333333333   85.92170   105.31767    4096                -7.470
       1823 15.19166666667   85.69382   105.51045    4096                -7.408
       1824 15.20000000000   85.46589   105.69577    4096                -7.381
       1825 15.20833333333   85.23792   105.87468    4096                -7.282
       1826 15.21666666667   85.00990   106.04806    4096                -7.288
       1827 15.22500000000   84.78183   106.21663    4096                -7.289
       1828 15.23333333333   84.55373   106.38096    4096                -7.188
       1829 15.24166666667   84.32558   106.54157    4096                -7.104
       1830 15.25000000000   84.09739   106.69887    4096                -7.171
       1831 15.25833333333   83.86916   106.85322    4096                -7.174
       1832 15.26666666667   83.64089   107.00494    4096                -7.207
       1833 15.27500000000   83.41258   107.15428    4096                -7.142
       1834 15.28333333333   83.18423   107.30148    4096                -7.078
       1835 15.29166666667   82.95585   107.44674    4096                -7.024
       1836 15.30000000000   82.72743   107.59022    4096                -7.062
       1837 15.30833333333   82.49898   107.73209    4096                -7.051
       1838 15.31666666667   82.27049   107.87248    4096                -7.013
       1839 15.32500000000   82.04197   108.01151    4096                -7.012
       1840 15.33333333333   81.81342   108.14928    4096                -7.009
       1841 15.34166666667   81.58484   108.28590    4096                -7.008
       1842 15.35000000000   81.35623   108.42143    4096                -7.029
       1843 15.35833333333   81.12758   108.55597    4096                -7.090
       1844 15.36666666667   80.89891   108.68958    4096                -7.107
       1845 15.37500000000   80.67021   108.82231    4096                -7.168
       1846 15.38333333333   80.44148   108.95424    4096                -7.135
       1847 15.39166666667   80.21272   109.08540    4096                -7.182
       1848 15.40000000000   79.98394   109.21584    4096                -7.219
       1849 15.40833333333   79.75514   109.34560    4096                -7.147
       1850 15.41666666667   79.52630   109.47472    4096                -7.090
       1851 15.42500000000   79.29745   109.60325    4096                -6.987
       1852 15.43333333333   79.06857   109.73119    4096                -6.994
       1853 15.44166666667   78.83967   109.85860    4096                -6.991
       1854 15.45000000000   78.61075   109.98549    4096                -7.054
       1855 15.45833333333   78.38180   110.11189    4096                -7.142
       1856 15.46666666667   78.15284   110.23781    4096                -7.203
       1857 15.47500000000   77.92386   110.36329    4096                -7.203
       1858 15.48333333333   77.69486   110.48834    4096                -7.137
       1859 15.49166666667   77.46584   110.61298    4096                -7.069
       1860 15.50000000000   77.23681   110.73722    4096                -7.024
       1861 15.50833333333   77.00776   110.86108    4096                -6.965
       1862 15.51666666667   76.77869   110.98458    4096                -6.928
       1863 15.52500000000   76.54961   111.10772    4096                -6.933
       1864 15.53333333333   76.32051   111.23053    4096                -6.884
       1865 15.54166666667   76.09140   111.35300    4096                -6.869
       1866 15.55000000000   75.86228   111.47516    4096                -6.908
       1867 15.55833333333   75.63315   111.59701    4096                -6.951
       1868 15.56666666667   75.40401   111.71856    4096                -6.938
       1869 15.57500000000   75.17485   111.83982    4096                -6.854
       1870 15.58333333333   74.94569   111.96080    4096                -6.782
       1871 15.59166666667   74.71652   112.08150    4096                -6.760
       1872 15.60000000000   74.48734   112.20193    4096                -6.701
       1873 15.60833333333   74.25815   112.32211    4096                -6.647
       1874 15.61666666667   74.02896   112.44203    4096                -6.552
       1875 15.62500000000   73.79976   112.56170    4096                -6.495
       1876 15.63333333333   73.57056   112.68113    4096                -6.523
       1877 15.64166666667   73.34135   112.80032    4096                -6.473
       1878 15.65000000000   73.11214   112.91928    4096                -6.394
       1879 15.65833333333   72.88293   113.03800    4096                -6.407
       1880 15.66666666667   72.65372   113.15651    4096                -6.407
       1881 15.67500000000   72.42450   113.27479    4096                -6.371
       1882 15.68333333333   72.19529   113.39286    4096                -6.322
       1883 15.69166666667   71.96607   113.51071    4096                -6.323
       1884 15.70000000000   71.73686   113.62836    4096                -6.276
       1885 15.70833333333   71.50765   113.74580    4096                -6.248
       1886 15.71666666667   71.27844   113.86303    4096                -6.181
       1887 15.72500000000   71.04923   113.98006    4096                -6.098
       1888 15.73333333333   70.82003   114.09690    4096                -6.068
       1889 15.74166666667   70.59084   114.21354    4096                -6.057
       1890 15.75000000000   70.36165   114.32999    4096                -6.025
       1891 15.75833333333   70.13246   114.44625    4096                -6.021
       1892 15.76666666667   69.90329   114.56231    4096                -6.029
       1893 15.77500000000   69.67412   114.67819    4096                -5.965
       1894 15.78333333333   69.44496   114.79389    4096                -5.886
       1895 15.79166666667   69.21581   114.90940    4096                -5.859
       1896 15.80000000000   68.98667   115.02474    4096                -5.769
       1897 15.80833333333   68.75755   115.13989    4096                -5.714
       1898 15.81666666667   68.52843   115.25486    4096                -5.735
       1899 15.82500000000   68.29933   115.36966    4096                -5.711
       1900 15.83333333333   68.07024   115.48428    4096                -5.686
       1901 15.84166666667   67.84117   115.59872    4096                -5.658
       1902 15.85000000000   67.61211   115.71300    4096                -5.624
       1903 15.85833333333   67.38306   115.82710    4096                -5.567
       1904 15.86666666667   67.15404   115.94102    4096                -5.540
       1905 15.87500000000   66.92503   116.05478    4096                -5.527
       1906 15.88333333333   66.69603   116.16837    4096                -5.482
       1907 15.89166666667   66.46706   116.28179    4096                -5.427
       1908 15.90000000000   66.23811   116.39504    4096                -5.381
       1909 15.90833333333   66.00917   116.50813    4096                -5.362
       1910 15.91666666667   65.78026   116.62105    4096                -5.347
       1911 15.92500000000   65.55137   116.73380    4096                -5.307
       1912 15.93333333333   65.32251   116.84639    4096                -5.272
       1913 15.94166666667   65.09366   116.95881    4096                -5.260
       1914 15.95000000000   64.86484   117.07107    4096                -5.245
       1915 15.95833333333   64.63605   117.18316    4096                -5.190
       1916 15.96666666667   64.40728   117.29509    4096                -5.149
       1917 15.97500000000   64.17853   117.40686    4096                -5.120
       1918 15.98333333333   63.94982   117.51847    4096                -5.122
       1919 15.99166666667   63.72113   117.62991    4096                -5.079
       1920 16.00000000000   63.49292   117.74245    4096                -5.050
       1921 16.00833333333   63.26384   117.85231    4096                -5.002
       1922 16.01666666667   63.03524   117.96327    4096                -4.990
       1923 16.02500000000   62.80667   118.07407    4096                -4.915
       1924 16.03333333333   62.57813   118.18470    4096                -4.874
       1925 16.04166666667   62.34963   118.29518    4096                -4.851
       1926 16.05000000000   62.12115   118.40549    4096                -4.790
       1927 16.05833333333   61.89272   118.51564    4096                -4.756
       1928 16.06666666667   61.66431   118.62564    4096                -4.741
       1929 16.07500000000   61.43594   118.73547    4096                -4.716
       1930 16.08333333333   61.20761   118.84514    4096                -4.709
       1931 16.09166666667   60.97931   118.95465    4096                -4.684
       1932 16.10000000000   60.75106   119.06400    4096                -4.624
       1933 16.10833333333   60.52284   119.17319    4096                -4.575
       1934 16.11666666667   60.29465   119.28222    4096                -4.554
       1935 16.12500000000   60.06651   119.39109    4096                -4.501
       1936 16.13333333333   59.83841   119.49980    4096                -4.460
       1937 16.14166666667   59.61035   119.60835    4096                -4.420
       1938 16.15000000000   59.38233   119.71674    4096                -4.395
       1939 16.15833333333   59.15436   119.82496    4096                -4.330
       1940 16.16666666667   58.92642   119.93303    4096                -4.272
       1941 16.17500000000   58.69853   120.04093    4096                -4.262
       1942 16.18333333333   58.47069   120.14868    4096                -4.216
       1943 16.19166666667   58.24289   120.25626    4096                -4.163
       1944 16.20000000000   58.01514   120.36368    4096                -4.078
       1945 16.20833333333   57.78743   120.47094    4096                -4.011
       1946 16.21666666667   57.55978   120.57804    4096                -3.973
       1947 16.22500000000   57.33217   120.68497    4096                -3.990
       1948 16.23333333333   57.10461   120.79174    4096                -3.924
       1949 16.24166666667   56.87709   120.89835    4096                -3.922
       1950 16.25000000000   56.64963   121.00480    4096                -3.937
       1951 16.25833333333   56.42222   121.11108    4096                -3.920
       1952 16.26666666667   56.19487   121.21720    4096                -3.907
       1953 16.27500000000   55.96756   121.32316    4096                -3.876
       1954 16.28333333333   55.74031   121.42896    4096                -3.855
       1955 16.29166666667   55.51311   121.53458    4096                -3.792
       1956 16.30000000000   55.28597   121.64005    4096                -3.717
       1957 16.30833333333   55.05888   121.74535    4096                -3.682
       1958 16.31666666667   54.83184   121.85049    4096                -3.650
       1959 16.32500000000   54.60487   121.95546    4096                -3.673
       1960 16.33333333333   54.37795   122.06026    4096                -3.604
       1961 16.34166666667   54.15109   122.16490    4096                -3.497
       1962 16.35000000000   53.92429   122.26937    4096                -3.395
       1963 16.35833333333   53.69754   122.37368    4096                -3.347
       1964 16.36666666667   53.47086   122.47782    4096                -3.304
       1965 16.37500000000   53.24424   122.58179    4096                -3.257
       1966 16.38333333333   53.01768   122.68559    4096                -3.252
       1967 16.39166666667   52.79118   122.78923    4096                -3.160
       1968 16.40000000000   52.56474   122.89270    4096                -3.093
       1969 16.40833333333   52.33837   122.99600    4096                -3.135
       1970 16.41666666667   52.11206   123.09913    4096                -3.091
       1971 16.42500000000   51.88581   123.20209    4096                -2.998
       1972 16.43333333333   51.65963   123.30488    4096                -2.950
       1973 16.44166666667   51.43352   123.40750    4096                -2.920
       1974 16.45000000000   51.20747   123.50995    4096                -2.848
       1975 16.45833333333   50.98149   123.61223    4096                -2.740
       1976 16.46666666667   50.75558   123.71434    4096                -2.673
       1977 16.47500000000   50.52974   123.81628    4096                -2.598
       1978 16.48333333333   50.30397   123.91804    4096                -2.544
       1979 16.49166666667   50.07826   124.01963    4096                -2.466
       1980 16.50000000000   49.85263   124.12105    4096                -2.430
       1981 16.50833333333   49.62707   124.22230    4096                -2.382
       1982 16.51666666667   49.40157   124.32337    4096                -2.311
       1983 16.52500000000   49.17616   124.42427    4096                -2.234
       1984 16.53333333333   48.95081   124.52499    4096                -2.176
       1985 16.54166666667   48.72554   124.62554    4096                -2.109
       1986 16.55000000000   48.50034   124.72591    4096                -2.049
       1987 16.55833333333   48.27522   124.82611    4096                -1.968
       1988 16.56666666667   48.05017   124.92613    4096                -1.890
       1989 16.57500000000   47.82520   125.02597    4096                -1.811
       1990 16.58333333333   47.60030   125.12563    4096                -1.773
       1991 16.59166666667   47.37548   125.22512    4096                -1.734
       1992 16.60000000000   47.15074   125.32443    4096                -1.684
       1993 16.60833333333   46.92608   125.42356    4096                -1.565
       1994 16.61666666667   46.70150   125.52251    4096                -1.481
       1995 16.62500000000   46.47700   125.62128    4096                -1.393
       1996 16.63333333333   46.25257   125.71988    4096                -1.319
       1997 16.64166666667   46.02823   125.81829    4096                -1.276
       1998 16.65000000000   45.80397   125.91652    4096                -1.219
       1999 16.65833333333   45.57979   126.01457    4096                -1.152
       2000 16.66666666667   45.35570   126.11243    4096                -1.066
       2001 16.67500000000   45.13168   126.21012    4096                -0.999
       2002 16.68333333333   44.90775   126.30762    4096                -0.921
       2003 16.69166666667   44.68391   126.40493    4096                -0.828
       2004 16.70000000000   44.46015   126.50207    4096                -0.779
       2005 16.70833333333   44.23648   126.59902    4096                -0.706
       2006 16.71666666667   44.01289   126.69578    4096                -0.640
       2007 16.72500000000   43.78939   126.79236    4096                -0.543
       2008 16.73333333333   43.56597   126.88875    4096                -0.487
       2009 16.74166666667   43.34264   126.98496    4096                -0.442
       2010 16.75000000000   43.11941   127.08098    4096                -0.379
       2011 16.75833333333   42.89626   127.17681    4096                -0.290
       2012 16.76666666667   42.67320   127.27245    4096                -0.202
       2013 16.77500000000   42.45022   127.36790    4096                -0.124
       2014 16.78333333333   42.22734   127.46317    4096                -0.048
       2015 16.79166666667   42.00456   127.55825    4096                 0.058
       2016 16.80000000000   41.78186   127.65313    4096                 0.156
       2017 16.80833333333   41.55925   127.74783    4096                 0.213
       2018 16.81666666667   41.33674   127.84233    4096                 0.314
       2019 16.82500000000   41.11432   127.93664    4096                 0.420
       2020 16.83333333333   40.89199   128.03077    4096                 0.534
       2021 16.84166666667   40.66976   128.12469    4096                 0.674
       2022 16.85000000000   40.44763   128.21843    4096                 0.736
       2023 16.85833333333   40.22558   128.31197    4096                 0.836
       2024 16.86666666667   40.00364   128.40531    4096                 0.916
       2025 16.87500000000   39.78179   128.49847    4096                 1.000
       2026 16.88333333333   39.56003   128.59142    4096                 1.067
       2027 16.89166666667   39.33838   128.68418    4096                 1.156
       2028 16.90000000000   39.11682   128.77674    4096                 1.227
       2029 16.90833333333   38.89536   128.86911    4096                 1.305
       2030 16.91666666667   38.67400   128.96128    4096                 1.406
       2031 16.92500000000   38.45274   129.05325    4096                 1.498
       2032 16.93333333333   38.23158   129.14502    4096                 1.556
       2033 16.94166666667   38.01052   129.23659    4096                 1.677
       2034 16.95000000000   37.78955   129.32797    4096                 1.771
       2035 16.95833333333   37.56869   129.41914    4096                 1.881
       2036 16.96666666667   37.34794   129.51011    4096                 1.961
       2037 16.97500000000   37.12728   129.60088    4096                 2.027
       2038 16.98333333333   36.90673   129.69145    4096                 2.149
       2039 16.99166666667   36.68628   129.78181    4096                 2.207
       2040 17.00000000000   36.46593   129.87198    4096                 2.310
       2041 17.00833333333   36.24569   129.96193    4096                 2.392
       2042 17.01666666667   36.02555   130.05169    4096                 2.492
       2043 17.02500000000   35.80552   130.14124    4096                 2.570
       2044 17.03333333333   35.58560   130.23058    4096                 2.666
       2045 17.04166666667   35.36577   130.31971    4096                 2.757
       2046 17.05000000000   35.14606   130.40864    4096                 2.868
       2047 17.05833333333   34.92645   130.49737    4096                 2.969
       2048 17.06666666667   34.70695   130.58588    4096                 3.063
       2049 17.07500000000   34.48756   130.67419    4096                 3.151
       2050 17.08333333333   34.26828   130.76229    4096                 3.268
       2051 17.09166666667   34.04910   130.85017    4096                 3.393
       2052 17.10000000000   33.83004   130.93785    4096                 3.512
       2053 17.10833333333   33.61108   131.02532    4096                 3.620
       2054 17.11666666667   33.39223   131.11257    4096                 3.719
       2055 17.12500000000   33.17350   131.19961    4096                 3.833
       2056 17.13333333333   32.95487   131.28644    4096                 3.944
       2057 17.14166666667   32.73636   131.37306    4096                 4.097
       2058 17.15000000000   32.51796   131.45946    4096                 4.251
       2059 17.15833333333   32.29967   131.54565    4096                 4.402
       2060 17.16666666667   32.08149   131.63162    4096                 4.530
       2061 17.17500000000   31.86342   131.71738    4096                 4.673
       2062 17.18333333333   31.64547   131.80292    4096                 4.822
       2063 17.19166666667   31.42764   131.88825    4096                 4.977
       2064 17.20000000000   31.20991   131.97335    4096                 5.159
       2065 17.20833333333   30.99230   132.05824    4096                 5.362
       2066 17.21666666667   30.77481   132.14291    4096                 5.556
       2067 17.22500000000   30.55743   132.22736    4096                 5.758
       2068 17.23333333333   30.34017   132.31159    4096                 5.877
       2069 17.24166666667   30.12303   132.39560    4096                 5.998
       2070 17.25000000000   29.90600   132.47938    4096                 6.152
       2071 17.25833333333   29.68908   132.56295    4096                 6.303
       2072 17.26666666667   29.47229   132.64629    4096                 6.467
       2073 17.27500000000   29.25561   132.72941    4096                 6.629
       2074 17.28333333333   29.03905   132.81231    4096                 6.800
       2075 17.29166666667   28.82262   132.89498    4096                 6.971
       2076 17.30000000000   28.60629   132.97742    4096                 7.107
       2077 17.30833333333   28.39009   133.05964    4096                 7.286
       2078 17.31666666667   28.17401   133.14163    4096                 7.447
       2079 17.32500000000   27.95805   133.22340    4096                 7.593
       2080 17.33333333333   27.74221   133.30493    4096                 7.755
       2081 17.34166666667   27.52649   133.38624    4096                 7.901
       2082 17.35000000000   27.31089   133.46732    4096                 8.057
       2083 17.35833333333   27.09541   133.54817    4096                 8.187
       2084 17.36666666667   26.88006   133.62879    4096                 8.339
       2085 17.37500000000   26.66483   133.70917    4096                 8.501
       2086 17.38333333333   26.44972   133.78933    4096                 8.652
       2087 17.39166666667   26.23473   133.86925    4096                 8.819
       2088 17.40000000000   26.01987   133.94894    4096                 9.002
       2089 17.40833333333   25.80513   134.02840    4096                 9.175
       2090 17.41666666667   25.59051   134.10762    4096                 9.345
       2091 17.42500000000   25.37602   134.18660    4096                 9.518
       2092 17.43333333333   25.16165   134.26535    4096                 9.734
       2093 17.44166666667   24.94741   134.34386    4096                 9.897
       2094 17.45000000000   24.73330   134.42213    4096                10.113
       2095 17.45833333333   24.51931   134.50017    4096                10.283
       2096 17.46666666667   24.30545   134.57797    4096                10.470
       2097 17.47500000000   24.09171   134.65552    4096                10.684
       2098 17.48333333333   23.87810   134.73284    4096                10.856
       2099 17.49166666667   23.66462   134.80992    4096                11.048
       2100 17.50000000000   23.45127   134.88675    4096                11.259
       2101 17.50833333333   23.23804   134.96334    4096                11.459
       2102 17.51666666667   23.02494   135.03969    4096                11.665
       2103 17.52500000000   22.81197   135.11579    4096                11.883
       2104 17.53333333333   22.59913   135.19165    4096                12.073
       2105 17.54166666667   22.38642   135.26727    4096                12.300
       2106 17.55000000000   22.17384   135.34264    4096                12.508
       2107 17.55833333333   21.96139   135.41776    4096                12.733
       2108 17.56666666667   21.74907   135.49263    4096                12.973
       2109 17.57500000000   21.53688   135.56725    4096                13.197
       2110 17.58333333333   21.32482   135.64163    4096                13.407
       2111 17.59166666667   21.11289   135.71575    4096                13.641
       2112 17.60000000000   20.90109   135.78963    4096                13.876
       2113 17.60833333333   20.68943   135.86325    4096                14.104
       2114 17.61666666667   20.47789   135.93662    4096                14.321
       2115 17.62500000000   20.26649   136.00974    4096                14.580
       2116 17.63333333333   20.05523   136.08261    4096                14.807
       2117 17.64166666667   19.84409   136.15521    4096                15.105
       2118 17.65000000000   19.63309   136.22757    4096                15.320
       2119 17.65833333333   19.42223   136.29967    4096                15.546
       2120 17.66666666667   19.21149   136.37151    4096                15.794
       2121 17.67500000000   19.00089   136.44309    4096                16.052
       2122 17.68333333333   18.79043   136.51442    4096                16.290
       2123 17.69166666667   18.58010   136.58548    4096                16.575
       2124 17.70000000000   18.36991   136.65629    4096                16.840
       2125 17.70833333333   18.15985   136.72683    4096                17.061
       2126 17.71666666667   17.94993   136.79712    4096                17.294
       2127 17.72500000000   17.74015   136.86714    4096                17.551
       2128 17.73333333333   17.53050   136.93689    4096                17.823
       2129 17.74166666667   17.32099   137.00639    4096                18.099
       2130 17.75000000000   17.11161   137.07562    4096                18.355
       2131 17.75833333333   16.90237   137.14458    4096                18.624
       2132 17.76666666667   16.69327   137.21327    4096                18.966
       2133 17.77500000000   16.48431   137.28170    4096                19.289
       2134 17.78333333333   16.27549   137.34986    4096                19.604
       2135 17.79166666667   16.06681   137.41775    4096                19.911
       2136 17.80000000000   15.85826   137.48537    4096                20.203
       2137 17.80833333333   15.64985   137.55272    4096                20.494
       2138 17.81666666667   15.44159   137.61980    4096                20.840
       2139 17.82500000000   15.23346   137.68661    4096                21.154
       2140 17.83333333333   15.02547   137.75314    4096                21.536
       2141 17.84166666667   14.81763   137.81939    4096                21.896
       2142 17.85000000000   14.60992   137.88538    4096                22.221
       2143 17.85833333333   14.40236   137.95108    4096                22.552
       2144 17.86666666667   14.19493   138.01651    4096                22.930
       2145 17.87500000000   13.98765   138.08166    4096                23.345
       2146 17.88333333333   13.78051   138.14654    4096                23.751
       2147 17.89166666667   13.57352   138.21113    4096                24.155
       2148 17.90000000000   13.36666   138.27544    4096                24.624
       2149 17.90833333333   13.15995   138.33947    4096                25.049
       2150 17.91666666667   12.95338   138.40322    4096                25.524
       2151 17.92500000000   12.74695   138.46669    4096                26.023
       2152 17.93333333333   12.54067   138.52987    4096                26.410
       2153 17.94166666667   12.33453   138.59277    4096                26.802
       2154 17.95000000000   12.12854   138.65538    4096                27.267
       2155 17.95833333333   11.92269   138.71770    4096                27.782
       2156 17.96666666667   11.71699   138.77973    4096                28.291
       2157 17.97500000000   11.51143   138.84148    4096                28.708
       2158 17.98333333333   11.30601   138.90294    4096                29.168
       2159 17.99166666667   11.10074   138.96410    4096                29.672
       2160 18.00000000000   10.89593   139.02525    4096                30.233
       2161 18.00833333333   10.69064   139.08556    4096                30.726
       2162 18.01666666667   10.48581   139.14584    4096                31.220
       2163 18.02500000000   10.28113   139.20584    4096                31.700
       2164 18.03333333333   10.07660   139.26553    4096                32.192
       2165 18.04166666667    9.87221   139.32493    4096                32.882
       2166 18.05000000000    9.66797   139.38404    4096                33.519
       2167 18.05833333333    9.46387   139.44284    4096                34.029
       2168 18.06666666667    9.25993   139.50134    4096                34.520
       2169 18.07500000000    9.05613   139.55955    4096                35.090
       2170 18.08333333333    8.85249   139.61745    4096                35.693
       2171 18.09166666667    8.64899   139.67505    4096                36.068
       2172 18.10000000000    8.44564   139.73235    4096                36.510
       2173 18.10833333333    8.24244   139.78934    4096                36.915
       2174 18.11666666667    8.03939   139.84602    4096                37.362
       2175 18.12500000000    7.83650   139.90240    4096                37.861
       2176 18.13333333333    7.63375   139.95847    4096                38.382
       2177 18.14166666667    7.43115   140.01423    4096                38.959
       2178 18.15000000000    7.22871   140.06968    4096                39.541
       2179 18.15833333333    7.02642   140.12482    4096                39.899
       2180 18.16666666667    6.82427   140.17965    4096                40.251
       2181 18.17500000000    6.62228   140.23417    4096                40.701
       2182 18.18333333333    6.42045   140.28837    4096                41.281
       2183 18.19166666667    6.21876   140.34225    4096                41.799
       2185 18.20833333333    5.81586   140.44907    4096                -4.945
       2186 18.21666666667    5.61463   140.50200    4096                -4.329
       2187 18.22500000000    5.41356   140.55461    4096                -3.713
       2188 18.23333333333    5.21265   140.60691    4096                -3.046
