# Created on 2018-12-12 16:17:49 
# Sources: d:\gpsother\tec-suite\in\2015\abcd0770.15d.Z, d:\gpsother\tec-suite\in\2015\brdc0770.15n.Z
# Satellite: G23
# Interval: 30.0
# Sampling interval: 0.0 (not used).
# Site: abcd
# Position (L, B, H): 253.601641965, 52.1962622634, 578.574894483
# Position (X, Y, Z): -1106129.71, -3758704.03, 5016675.77
# datetime format: %Y-%m-%dT%H:%M:%S
# Columns: tsn, hour, el, az, validity, tec.l1l2
# (I11,1X,F14.11,1X,F10.5,1X,F11.5,1X,I7,1X,F21.3)
          0  0.00000000000    6.67983   162.96598    4096                33.874
          1  0.00833333333    6.46746   162.97024    4096                33.716
          2  0.01666666667    6.25535   162.97421    4096                33.678
          3  0.02500000000    6.04350   162.97788    4096                33.747
          4  0.03333333333    5.83192   162.98125    4096                34.362
          5  0.04166666667    5.62060   162.98432    4096                35.169
          6  0.05000000000    5.40954   162.98709    4096                35.671
        861  7.17500000000    4.83155    44.59712    4096                 0.619
        862  7.18333333333    4.90088    44.41767    4096                 3.278
        863  7.19166666667    4.96943    44.23794    4096                 2.553
        864  7.20000000000    5.03720    44.05794    4096                 0.877
        865  7.20833333333    5.10418    43.87767    4096                 1.569
        866  7.21666666667    5.17038    43.69713    4096                 2.377
        867  7.22500000000    5.23579    43.51631    4096                 1.418
        868  7.23333333333    5.30041    43.33524    4096                 1.458
        869  7.24166666667    5.36422    43.15390    4096                 2.115
        870  7.25000000000    5.42724    42.97230    4096                 2.676
        871  7.25833333333    5.48944    42.79044    4096                 2.371
        872  7.26666666667    5.55084    42.60834    4096                 2.421
        873  7.27500000000    5.61142    42.42598    4096                 3.026
        874  7.28333333333    5.67119    42.24337    4096                 3.607
        875  7.29166666667    5.73013    42.06052    4096                 3.786
        876  7.30000000000    5.78825    41.87743    4096                 4.770
        877  7.30833333333    5.84554    41.69411    4096                 5.270
        878  7.31666666667    5.90200    41.51055    4096                 6.917
        879  7.32500000000    5.95762    41.32675    4096                 8.552
        880  7.33333333333    6.01241    41.14274    4096                 8.055
        881  7.34166666667    6.06635    40.95849    4096                 7.924
        882  7.35000000000    6.11944    40.77403    4096                 6.982
        883  7.35833333333    6.17169    40.58935    4096                 5.351
        884  7.36666666667    6.22308    40.40446    4096                 3.838
        885  7.37500000000    6.27362    40.21936    4096                 3.375
        886  7.38333333333    6.32329    40.03405    4096                 3.437
        887  7.39166666667    6.37211    39.84854    4096                 3.873
        888  7.40000000000    6.42005    39.66284    4096                 4.471
        889  7.40833333333    6.46713    39.47694    4096                 4.639
        890  7.41666666667    6.51334    39.29085    4096                 3.887
        891  7.42500000000    6.55867    39.10458    4096                 2.817
        892  7.43333333333    6.60312    38.91812    4096                 2.059
        893  7.44166666667    6.64669    38.73149    4096                 1.439
        894  7.45000000000    6.68938    38.54468    4096                 0.875
        895  7.45833333333    6.73118    38.35770    4096                 0.775
        896  7.46666666667    6.77208    38.17056    4096                 0.852
        897  7.47500000000    6.81210    37.98326    4096                 0.778
        898  7.48333333333    6.85122    37.79580    4096                 0.065
        899  7.49166666667    6.88944    37.60819    4096                 0.824
        900  7.50000000000    6.92676    37.42043    4096                 1.105
        901  7.50833333333    6.96317    37.23253    4096                 0.565
        902  7.51666666667    6.99868    37.04449    4096                 0.593
        903  7.52500000000    7.03328    36.85632    4096                 0.790
        904  7.53333333333    7.06697    36.66801    4096                 1.670
        905  7.54166666667    7.09974    36.47958    4096                 1.702
        906  7.55000000000    7.13160    36.29104    4096                 2.302
        907  7.55833333333    7.16253    36.10237    4096                 3.523
        908  7.56666666667    7.19255    35.91360    4096                 6.640
        909  7.57500000000    7.22164    35.72472    4464                 0.000
        910  7.58333333333    7.24981    35.53574    4464                 0.000
        911  7.59166666667    7.27705    35.34666    4464                 0.000
        912  7.60000000000    7.30335    35.15749    4464                 0.000
        913  7.60833333333    7.32873    34.96824    4096               -21.242
        914  7.61666666667    7.35317    34.77890    4096               -21.209
        915  7.62500000000    7.37667    34.58949    4464                 0.000
        916  7.63333333333    7.39924    34.40001    4464                 0.000
        917  7.64166666667    7.42087    34.21046    4464                 0.000
        918  7.65000000000    7.44155    34.02085    4464                 0.000
        919  7.65833333333    7.46129    33.83118    4096               -40.136
        920  7.66666666667    7.48009    33.64147    4464                 0.000
        921  7.67500000000    7.49794    33.45170    4464                 0.000
        922  7.68333333333    7.51484    33.26190    4464                 0.000
        923  7.69166666667    7.53079    33.07206    4464                 0.000
        924  7.70000000000    7.54578    32.88219    4096                -6.380
        925  7.70833333333    7.55983    32.69230    4096                -7.695
        926  7.71666666667    7.57292    32.50238    4464                 0.000
        927  7.72500000000    7.58505    32.31246    4464                 0.000
        928  7.73333333333    7.59623    32.12252    4464                 0.000
        929  7.74166666667    7.60645    31.93258    4464                 0.000
        930  7.75000000000    7.61571    31.74265    4096                -5.936
        931  7.75833333333    7.62401    31.55272    4096                -5.707
        932  7.76666666667    7.63135    31.36280    4464                 0.000
        933  7.77500000000    7.63772    31.17290    4464                 0.000
        934  7.78333333333    7.64314    30.98302    4464                 0.000
        935  7.79166666667    7.64758    30.79318    4464                 0.000
        936  7.80000000000    7.65106    30.60337    4096                 2.614
        937  7.80833333333    7.65358    30.41360    4096                 3.333
        938  7.81666666667    7.65513    30.22387    4096                 2.779
        939  7.82500000000    7.65571    30.03419    4096                 1.730
        940  7.83333333333    7.65533    29.84458    4096                 0.569
        941  7.84166666667    7.65397    29.65502    4096                 0.360
        942  7.85000000000    7.65165    29.46553    4096                 0.782
        943  7.85833333333    7.64836    29.27612    4096                 3.421
        944  7.86666666667    7.64410    29.08678    4464                 0.000
        945  7.87500000000    7.63886    28.89753    4464                 0.000
        946  7.88333333333    7.63266    28.70836    4464                 0.000
        947  7.89166666667    7.62549    28.51929    4464                 0.000
        948  7.90000000000    7.61735    28.33033    4464                 0.000
        949  7.90833333333    7.60823    28.14147    4464                 0.000
        950  7.91666666667    7.59815    27.95272    4464                 0.000
        951  7.92500000000    7.58710    27.76408    4464                 0.000
        952  7.93333333333    7.57507    27.57558    4464                 0.000
        953  7.94166666667    7.56208    27.38720    4096                 5.568
        954  7.95000000000    7.54811    27.19895    4096                 5.928
        955  7.95833333333    7.53318    27.01084    4096                 8.385
        956  7.96666666667    7.51727    26.82288    4096                 8.061
        957  7.97500000000    7.50040    26.63507    4096                 7.887
        958  7.98333333333    7.48256    26.44741    4096                 6.360
        959  7.99166666667    7.46375    26.25991    4096                 4.521
        960  8.00000000000    7.44399    26.07235    4096                 3.501
        961  8.00833333333    7.42323    25.88543    4096                 3.256
        962  8.01666666667    7.40152    25.69845    4096                 3.836
        963  8.02500000000    7.37885    25.51166    4096                 3.476
        964  8.03333333333    7.35521    25.32505    4096                 3.416
        965  8.04166666667    7.33061    25.13864    4096                 2.800
        966  8.05000000000    7.30504    24.95242    4096                 3.472
        967  8.05833333333    7.27851    24.76641    4096                 3.463
        968  8.06666666667    7.25103    24.58061    4096                 3.432
        969  8.07500000000    7.22258    24.39503    4096                 2.783
        970  8.08333333333    7.19317    24.20966    4096                 2.814
        971  8.09166666667    7.16281    24.02452    4096                 2.859
        972  8.10000000000    7.13149    23.83962    4096                 3.106
        973  8.10833333333    7.09921    23.65494    4096                 4.082
        974  8.11666666667    7.06599    23.47051    4096                 4.114
        975  8.12500000000    7.03181    23.28633    4096                 3.872
        976  8.13333333333    6.99667    23.10239    4096                 4.239
        977  8.14166666667    6.96059    22.91872    4096                 3.681
        978  8.15000000000    6.92357    22.73530    4096                 3.352
        979  8.15833333333    6.88559    22.55215    4096                 3.696
        980  8.16666666667    6.84668    22.36928    4096                 3.259
        981  8.17500000000    6.80682    22.18668    4096                 3.320
        982  8.18333333333    6.76601    22.00436    4096                 2.853
        983  8.19166666667    6.72427    21.82232    4096                 2.669
        984  8.20000000000    6.68160    21.64058    4096                 2.787
        985  8.20833333333    6.63798    21.45914    4096                 2.666
        986  8.21666666667    6.59344    21.27799    4096                 2.464
        987  8.22500000000    6.54796    21.09715    4096                 1.670
        988  8.23333333333    6.50155    20.91662    4096                 1.490
        989  8.24166666667    6.45422    20.73641    4096                 1.320
        990  8.25000000000    6.40596    20.55651    4096                 1.336
        991  8.25833333333    6.35678    20.37694    4096                 1.378
        992  8.26666666667    6.30668    20.19770    4096                 1.476
        993  8.27500000000    6.25566    20.01880    4096                 1.661
        994  8.28333333333    6.20372    19.84023    4096                 1.997
        995  8.29166666667    6.15087    19.66200    4096                 2.304
        996  8.30000000000    6.09711    19.48412    4096                 2.573
        997  8.30833333333    6.04245    19.30658    4096                 2.956
        998  8.31666666667    5.98687    19.12941    4096                 3.337
        999  8.32500000000    5.93039    18.95259    4096                 3.687
       1000  8.33333333333    5.87301    18.77614    4096                 3.823
       1001  8.34166666667    5.81473    18.60006    4096                 4.016
       1002  8.35000000000    5.75556    18.42434    4096                 4.062
       1003  8.35833333333    5.69549    18.24901    4096                 4.356
       1004  8.36666666667    5.63454    18.07405    4096                 4.485
       1005  8.37500000000    5.57269    17.89948    4096                 4.789
       1006  8.38333333333    5.50997    17.72530    4096                 4.705
       1007  8.39166666667    5.44636    17.55150    4096                 4.379
       1008  8.40000000000    5.38187    17.37811    4096                 4.415
       1009  8.40833333333    5.31650    17.20511    4096                 4.472
       1010  8.41666666667    5.25027    17.03252    4096                 4.634
       1011  8.42500000000    5.18316    16.86033    4096                 4.265
       1012  8.43333333333    5.11519    16.68855    4096                 4.265
       1013  8.44166666667    5.04635    16.51719    4096                 4.446
       1014  8.45000000000    4.97665    16.34625    4096                 4.572
       2130 17.75000000000    4.88711   264.40165    4096                -7.728
       2131 17.75833333333    5.06026   264.51244    4096                -8.189
       2132 17.76666666667    5.23353   264.62326    4096                -8.558
       2133 17.77500000000    5.40691   264.73412    4096                -8.920
       2134 17.78333333333    5.58040   264.84500    4096                -9.241
       2135 17.79166666667    5.75402   264.95591    4096                -9.759
       2136 17.80000000000    5.92775   265.06685    4096               -10.044
       2137 17.80833333333    6.10159   265.17782    4096               -10.341
       2138 17.81666666667    6.27556   265.28881    4096               -10.818
       2139 17.82500000000    6.44964   265.39982    4096               -11.273
       2140 17.83333333333    6.62384   265.51086    4096               -11.564
       2141 17.84166666667    6.79817   265.62191    4096               -11.894
       2142 17.85000000000    6.97261   265.73299    4096               -12.311
       2143 17.85833333333    7.14717   265.84409    4096               -12.666
       2144 17.86666666667    7.32186   265.95520    4096               -13.022
       2145 17.87500000000    7.49666   266.06633    4096               -13.354
       2146 17.88333333333    7.67159   266.17747    4096               -13.658
       2147 17.89166666667    7.84665   266.28863    4096               -14.025
       2148 17.90000000000    8.02182   266.39980    4096               -14.409
       2149 17.90833333333    8.19713   266.51098    4096               -14.801
       2150 17.91666666667    8.37255   266.62217    4096               -15.039
       2151 17.92500000000    8.54811   266.73337    4096               -15.303
       2152 17.93333333333    8.72379   266.84457    4096               -15.431
       2153 17.94166666667    8.89959   266.95578    4096               -15.795
       2154 17.95000000000    9.07553   267.06700    4096               -16.051
       2155 17.95833333333    9.25159   267.17822    4096               -16.403
       2156 17.96666666667    9.42778   267.28944    4096               -16.725
       2157 17.97500000000    9.60410   267.40066    4096               -17.029
       2158 17.98333333333    9.78055   267.51189    4096               -17.347
       2159 17.99166666667    9.95714   267.62311    4096               -17.611
       2160 18.00000000000   10.13455   267.73442    4096               -17.903
       2161 18.00833333333   10.31069   267.84554    4096               -18.118
       2162 18.01666666667   10.48767   267.95674    4096               -18.463
       2163 18.02500000000   10.66478   268.06794    4096               -18.898
       2164 18.03333333333   10.84203   268.17913    4096               -19.226
       2165 18.04166666667   11.01941   268.29032    4096               -19.603
       2166 18.05000000000   11.19692   268.40149    4096               -19.976
       2167 18.05833333333   11.37457   268.51265    4096               -20.446
       2168 18.06666666667   11.55236   268.62379    4096               -20.959
       2169 18.07500000000   11.73028   268.73492    4096               -21.437
       2170 18.08333333333   11.90834   268.84603    4096               -21.867
       2171 18.09166666667   12.08654   268.95713    4096               -22.308
       2172 18.10000000000   12.26488   269.06821    4096               -22.657
       2173 18.10833333333   12.44335   269.17926    4096               -22.892
       2174 18.11666666667   12.62197   269.29030    4096               -23.208
       2175 18.12500000000   12.80073   269.40131    4096               -23.470
       2176 18.13333333333   12.97963   269.51230    4096               -23.799
       2177 18.14166666667   13.15867   269.62326    4096               -24.123
       2178 18.15000000000   13.33785   269.73419    4096               -24.328
       2179 18.15833333333   13.51718   269.84510    4096               -24.603
       2180 18.16666666667   13.69665   269.95597    4096               -24.905
       2181 18.17500000000   13.87626   270.06682    4096               -25.114
       2182 18.18333333333   14.05602   270.17763    4096               -25.338
       2183 18.19166666667   14.23593   270.28840    4096               -25.627
       2184 18.20000000000   14.41598   270.39915    4096               -25.887
       2185 18.20833333333   14.59618   270.50985    4096               -26.218
       2186 18.21666666667   14.77652   270.62051    4096               -26.417
       2187 18.22500000000   14.95702   270.73114    4096               -26.602
       2188 18.23333333333   15.13766   270.84172    4096               -26.881
       2189 18.24166666667   15.31845   270.95227    4096               -27.257
       2190 18.25000000000   15.49939   271.06276    4096               -27.516
       2191 18.25833333333   15.68048   271.17321    4096               -27.689
       2192 18.26666666667   15.86173   271.28362    4096               -27.869
       2193 18.27500000000   16.04312   271.39397    4096               -28.150
       2194 18.28333333333   16.22467   271.50428    4096               -28.465
       2195 18.29166666667   16.40637   271.61453    4096               -28.695
       2196 18.30000000000   16.58823   271.72473    4096               -28.863
       2197 18.30833333333   16.77023   271.83488    4096               -29.083
       2198 18.31666666667   16.95240   271.94497    4096               -29.323
       2199 18.32500000000   17.13472   272.05500    4096               -29.546
       2200 18.33333333333   17.31719   272.16497    4096               -29.775
       2201 18.34166666667   17.49982   272.27488    4096               -29.993
       2202 18.35000000000   17.68261   272.38473    4096               -30.164
       2203 18.35833333333   17.86556   272.49452    4096               -30.305
       2204 18.36666666667   18.04867   272.60424    4096               -30.537
       2205 18.37500000000   18.23193   272.71389    4096               -30.833
       2206 18.38333333333   18.41536   272.82348    4096               -31.019
       2207 18.39166666667   18.59894   272.93299    4096               -31.166
       2208 18.40000000000   18.78269   273.04244    4096               -31.347
       2209 18.40833333333   18.96660   273.15181    4096               -31.664
       2210 18.41666666667   19.15067   273.26110    4096               -31.785
       2211 18.42500000000   19.33490   273.37032    4096               -31.894
       2212 18.43333333333   19.51929   273.47946    4096               -32.088
       2213 18.44166666667   19.70385   273.58852    4096               -32.256
       2214 18.45000000000   19.88858   273.69750    4096               -32.415
       2215 18.45833333333   20.07347   273.80639    4096               -32.549
       2216 18.46666666667   20.25852   273.91521    4096               -32.728
       2217 18.47500000000   20.44375   274.02393    4096               -32.902
       2218 18.48333333333   20.62914   274.13257    4096               -33.136
       2219 18.49166666667   20.81469   274.24111    4096               -33.321
       2220 18.50000000000   21.00042   274.34957    4096               -33.430
       2221 18.50833333333   21.18631   274.45793    4096               -33.550
       2222 18.51666666667   21.37237   274.56620    4096               -33.781
       2223 18.52500000000   21.55861   274.67437    4096               -33.897
       2224 18.53333333333   21.74501   274.78244    4096               -33.985
       2225 18.54166666667   21.93159   274.89041    4096               -34.166
       2226 18.55000000000   22.11833   274.99828    4096               -34.327
       2227 18.55833333333   22.30525   275.10604    4096               -34.429
       2228 18.56666666667   22.49234   275.21370    4096               -34.558
       2229 18.57500000000   22.67961   275.32125    4096               -34.694
       2230 18.58333333333   22.86705   275.42869    4096               -34.836
       2231 18.59166666667   23.05466   275.53602    4096               -34.995
       2232 18.60000000000   23.24245   275.64324    4096               -35.090
       2233 18.60833333333   23.43041   275.75034    4096               -35.224
       2234 18.61666666667   23.61855   275.85733    4096               -35.376
       2235 18.62500000000   23.80687   275.96420    4096               -35.501
       2236 18.63333333333   23.99537   276.07094    4096               -35.620
       2237 18.64166666667   24.18404   276.17757    4096               -35.794
       2238 18.65000000000   24.37289   276.28407    4096               -35.888
       2239 18.65833333333   24.56192   276.39044    4096               -36.011
       2240 18.66666666667   24.75113   276.49668    4096               -36.155
       2241 18.67500000000   24.94052   276.60280    4096               -36.274
       2242 18.68333333333   25.13009   276.70878    4096               -36.411
       2243 18.69166666667   25.31985   276.81462    4096               -36.510
       2244 18.70000000000   25.50978   276.92033    4096               -36.602
       2245 18.70833333333   25.69990   277.02590    4096               -36.696
       2246 18.71666666667   25.89020   277.13133    4096               -36.797
       2247 18.72500000000   26.08068   277.23662    4096               -36.910
       2248 18.73333333333   26.27135   277.34176    4096               -37.020
       2249 18.74166666667   26.46220   277.44676    4096               -37.117
       2250 18.75000000000   26.65323   277.55160    4096               -37.255
       2251 18.75833333333   26.84446   277.65630    4096               -37.339
       2252 18.76666666667   27.03586   277.76084    4096               -37.423
       2253 18.77500000000   27.22746   277.86522    4096               -37.529
       2254 18.78333333333   27.41924   277.96945    4096               -37.640
       2255 18.79166666667   27.61121   278.07352    4096               -37.761
       2256 18.80000000000   27.80337   278.17742    4096               -37.831
       2257 18.80833333333   27.99571   278.28116    4096               -37.943
       2258 18.81666666667   28.18825   278.38473    4096               -38.040
       2259 18.82500000000   28.38097   278.48813    4096               -38.111
       2260 18.83333333333   28.57389   278.59136    4096               -38.237
       2261 18.84166666667   28.76699   278.69441    4096               -38.331
       2262 18.85000000000   28.96029   278.79729    4096               -38.435
       2263 18.85833333333   29.15377   278.89999    4096               -38.508
       2264 18.86666666667   29.34745   279.00251    4096               -38.586
       2265 18.87500000000   29.54133   279.10484    4096               -38.680
       2266 18.88333333333   29.73539   279.20699    4096               -38.776
       2267 18.89166666667   29.92965   279.30894    4096               -38.870
       2268 18.90000000000   30.12410   279.41071    4096               -38.896
       2269 18.90833333333   30.31875   279.51228    4096               -38.978
       2270 18.91666666667   30.51359   279.61365    4096               -39.041
       2271 18.92500000000   30.70862   279.71482    4096               -39.115
       2272 18.93333333333   30.90386   279.81579    4096               -39.185
       2273 18.94166666667   31.09928   279.91656    4096               -39.243
       2274 18.95000000000   31.29491   280.01712    4096               -39.356
       2275 18.95833333333   31.49073   280.11746    4096               -39.416
       2276 18.96666666667   31.68675   280.21760    4096               -39.479
       2277 18.97500000000   31.88296   280.31752    4096               -39.554
       2278 18.98333333333   32.07938   280.41721    4096               -39.611
       2279 18.99166666667   32.27599   280.51669    4096               -39.683
       2280 19.00000000000   32.47280   280.61594    4096               -39.752
       2281 19.00833333333   32.66982   280.71496    4096               -39.802
       2282 19.01666666667   32.86703   280.81376    4096               -39.864
       2283 19.02500000000   33.06444   280.91231    4096               -39.928
       2284 19.03333333333   33.26205   281.01063    4096               -39.964
       2285 19.04166666667   33.45986   281.10871    4096               -40.039
       2286 19.05000000000   33.65788   281.20655    4096               -40.091
       2287 19.05833333333   33.85609   281.30414    4096               -40.167
       2288 19.06666666667   34.05451   281.40148    4096               -40.197
       2289 19.07500000000   34.25313   281.49857    4096               -40.267
       2290 19.08333333333   34.45195   281.59540    4096               -40.340
       2291 19.09166666667   34.65097   281.69197    4096               -40.391
       2292 19.10000000000   34.85020   281.78828    4096               -40.462
       2293 19.10833333333   35.04963   281.88432    4096               -40.515
       2294 19.11666666667   35.24927   281.98010    4096               -40.574
       2295 19.12500000000   35.44911   282.07559    4096               -40.613
       2296 19.13333333333   35.64916   282.17081    4096               -40.682
       2297 19.14166666667   35.84940   282.26575    4096               -40.760
       2298 19.15000000000   36.04986   282.36041    4096               -40.814
       2299 19.15833333333   36.25052   282.45478    4096               -40.884
       2300 19.16666666667   36.45138   282.54885    4096               -40.953
       2301 19.17500000000   36.65246   282.64263    4096               -41.021
       2302 19.18333333333   36.85373   282.73611    4096               -41.072
       2303 19.19166666667   37.05522   282.82929    4096               -41.133
       2304 19.20000000000   37.25691   282.92216    4096               -41.175
       2305 19.20833333333   37.45881   283.01471    4096               -41.217
       2306 19.21666666667   37.66091   283.10695    4096               -41.286
       2307 19.22500000000   37.86322   283.19887    4096               -41.354
       2308 19.23333333333   38.06574   283.29047    4096               -41.393
       2309 19.24166666667   38.26847   283.38174    4096               -41.437
       2310 19.25000000000   38.47140   283.47267    4096               -41.475
       2311 19.25833333333   38.67455   283.56327    4096               -41.513
       2312 19.26666666667   38.87790   283.65353    4096               -41.553
       2313 19.27500000000   39.08146   283.74344    4096               -41.592
       2314 19.28333333333   39.28523   283.83300    4096               -41.643
       2315 19.29166666667   39.48920   283.92220    4096               -41.675
       2316 19.30000000000   39.69339   284.01104    4096               -41.726
       2317 19.30833333333   39.89779   284.09952    4096               -41.771
       2318 19.31666666667   40.10239   284.18763    4096               -41.800
       2319 19.32500000000   40.30720   284.27536    4096               -41.831
       2320 19.33333333333   40.51223   284.36271    4096               -41.877
       2321 19.34166666667   40.71746   284.44968    4096               -41.924
       2322 19.35000000000   40.92290   284.53626    4096               -41.955
       2323 19.35833333333   41.12855   284.62244    4096               -41.977
       2324 19.36666666667   41.33441   284.70821    4096               -42.022
       2325 19.37500000000   41.54048   284.79359    4096               -42.058
       2326 19.38333333333   41.74676   284.87855    4096               -42.095
       2327 19.39166666667   41.95325   284.96309    4096               -42.130
       2328 19.40000000000   42.15995   285.04720    4096               -42.167
       2329 19.40833333333   42.36686   285.13089    4096               -42.213
       2330 19.41666666667   42.57398   285.21414    4096               -42.257
       2331 19.42500000000   42.78131   285.29696    4096               -42.289
       2332 19.43333333333   42.98884   285.37932    4096               -42.333
       2333 19.44166666667   43.19659   285.46123    4096               -42.380
       2334 19.45000000000   43.40455   285.54267    4096               -42.421
       2335 19.45833333333   43.61271   285.62365    4096               -42.459
       2336 19.46666666667   43.82109   285.70416    4096               -42.492
       2337 19.47500000000   44.02967   285.78418    4096               -42.523
       2338 19.48333333333   44.23847   285.86372    4096               -42.561
       2339 19.49166666667   44.44747   285.94277    4096               -42.586
       2340 19.50000000000   44.65668   286.02131    4096               -42.657
       2341 19.50833333333   44.86610   286.09934    4096               -42.710
       2342 19.51666666667   45.07573   286.17686    4096               -42.755
       2343 19.52500000000   45.28556   286.25385    4096               -42.777
       2344 19.53333333333   45.49561   286.33031    4096               -42.823
       2345 19.54166666667   45.70586   286.40624    4096               -42.878
       2346 19.55000000000   45.91632   286.48161    4096               -42.928
       2347 19.55833333333   46.12699   286.55643    4096               -42.981
       2348 19.56666666667   46.33786   286.63069    4096               -42.993
       2349 19.57500000000   46.54894   286.70437    4096               -43.028
       2350 19.58333333333   46.76023   286.77748    4096               -43.049
       2351 19.59166666667   46.97172   286.84999    4096               -43.080
       2352 19.60000000000   47.18342   286.92191    4096               -43.130
       2353 19.60833333333   47.39532   286.99322    4096               -43.169
       2354 19.61666666667   47.60743   287.06391    4096               -43.193
       2355 19.62500000000   47.81974   287.13397    4096               -43.226
       2356 19.63333333333   48.03226   287.20340    4096               -43.242
       2357 19.64166666667   48.24498   287.27219    4096               -43.289
       2358 19.65000000000   48.45790   287.34032    4096               -43.322
       2359 19.65833333333   48.67103   287.40778    4096               -43.368
       2360 19.66666666667   48.88435   287.47456    4096               -43.401
       2361 19.67500000000   49.09788   287.54066    4096               -43.449
       2362 19.68333333333   49.31162   287.60606    4096               -43.494
       2363 19.69166666667   49.52555   287.67075    4096               -43.531
       2364 19.70000000000   49.73968   287.73472    4096               -43.555
       2365 19.70833333333   49.95401   287.79795    4096               -43.589
       2366 19.71666666667   50.16854   287.86045    4096               -43.609
       2367 19.72500000000   50.38326   287.92218    4096               -43.647
       2368 19.73333333333   50.59819   287.98314    4096               -43.694
       2369 19.74166666667   50.81331   288.04333    4096               -43.717
       2370 19.75000000000   51.02862   288.10271    4096               -43.762
       2371 19.75833333333   51.24413   288.16129    4096               -43.795
       2372 19.76666666667   51.45984   288.21905    4096               -43.827
       2373 19.77500000000   51.67574   288.27597    4096               -43.849
       2374 19.78333333333   51.89183   288.33204    4096               -43.881
       2375 19.79166666667   52.10811   288.38725    4096               -43.897
       2376 19.80000000000   52.32458   288.44157    4096               -43.927
       2377 19.80833333333   52.54124   288.49500    4096               -43.961
       2378 19.81666666667   52.75810   288.54752    4096               -44.004
       2379 19.82500000000   52.97513   288.59911    4096               -44.033
       2380 19.83333333333   53.19236   288.64976    4096               -44.059
       2381 19.84166666667   53.40977   288.69945    4096               -44.092
       2382 19.85000000000   53.62736   288.74816    4096               -44.133
       2383 19.85833333333   53.84514   288.79588    4096               -44.169
       2384 19.86666666667   54.06310   288.84258    4096               -44.208
       2385 19.87500000000   54.28124   288.88825    4096               -44.259
       2386 19.88333333333   54.49956   288.93287    4096               -44.287
       2387 19.89166666667   54.71806   288.97642    4096               -44.321
       2388 19.90000000000   54.93674   289.01889    4096               -44.348
       2389 19.90833333333   55.15559   289.06024    4096               -44.371
       2390 19.91666666667   55.37461   289.10045    4096               -44.391
       2391 19.92500000000   55.59381   289.13952    4096               -44.402
       2392 19.93333333333   55.81318   289.17741    4096               -44.434
       2393 19.94166666667   56.03271   289.21410    4096               -44.464
       2394 19.95000000000   56.25242   289.24958    4096               -44.497
       2395 19.95833333333   56.47229   289.28380    4096               -44.531
       2396 19.96666666667   56.69232   289.31676    4096               -44.543
       2397 19.97500000000   56.91252   289.34842    4096               -44.575
       2398 19.98333333333   57.13288   289.37877    4096               -44.604
       2399 19.99166666667   57.35340   289.40776    4096               -44.616
       2400 20.00000000000   57.57491   289.43596    4096               -44.647
       2401 20.00833333333   57.79490   289.46160    4096               -44.655
       2402 20.01666666667   58.01588   289.48638    4096               -44.648
       2403 20.02500000000   58.23701   289.50971    4096               -44.661
       2404 20.03333333333   58.45829   289.53154    4096               -44.668
       2405 20.04166666667   58.67972   289.55185    4096               -44.679
       2406 20.05000000000   58.90129   289.57061    4096               -44.701
       2407 20.05833333333   59.12300   289.58778    4096               -44.707
       2408 20.06666666667   59.34484   289.60332    4096               -44.724
       2409 20.07500000000   59.56683   289.61720    4096               -44.723
       2410 20.08333333333   59.78895   289.62940    4096               -44.730
       2411 20.09166666667   60.01120   289.63986    4096               -44.746
       2412 20.10000000000   60.23358   289.64855    4096               -44.787
       2413 20.10833333333   60.45608   289.65543    4096               -44.804
       2414 20.11666666667   60.67870   289.66046    4096               -44.818
       2415 20.12500000000   60.90145   289.66359    4096               -44.837
       2416 20.13333333333   61.12431   289.66479    4096               -44.861
       2417 20.14166666667   61.34728   289.66402    4096               -44.880
       2418 20.15000000000   61.57036   289.66121    4096               -44.897
       2419 20.15833333333   61.79355   289.65633    4096               -44.911
       2420 20.16666666667   62.01684   289.64933    4096               -44.939
       2421 20.17500000000   62.24022   289.64015    4096               -44.975
       2422 20.18333333333   62.46370   289.62874    4096               -44.963
       2423 20.19166666667   62.68728   289.61506    4096               -44.957
       2424 20.20000000000   62.91093   289.59904    4096               -44.956
       2425 20.20833333333   63.13467   289.58063    4096               -44.957
       2426 20.21666666667   63.35849   289.55976    4096               -44.950
       2427 20.22500000000   63.58238   289.53637    4096               -44.966
       2428 20.23333333333   63.80634   289.51041    4096               -44.973
       2429 20.24166666667   64.03036   289.48181    4096               -44.986
       2430 20.25000000000   64.25444   289.45049    4096               -44.991
       2431 20.25833333333   64.47857   289.41639    4096               -44.982
       2432 20.26666666667   64.70275   289.37943    4096               -44.992
       2433 20.27500000000   64.92698   289.33955    4096               -44.998
       2434 20.28333333333   65.15124   289.29665    4096               -44.996
       2435 20.29166666667   65.37553   289.25066    4096               -44.988
       2436 20.30000000000   65.59984   289.20150    4096               -45.000
       2437 20.30833333333   65.82417   289.14908    4096               -45.002
       2438 20.31666666667   66.04852   289.09331    4096               -45.006
       2439 20.32500000000   66.27287   289.03410    4096               -45.009
       2440 20.33333333333   66.49721   288.97134    4096               -45.031
       2441 20.34166666667   66.72155   288.90494    4096               -45.038
       2442 20.35000000000   66.94586   288.83480    4096               -45.011
       2443 20.35833333333   67.17015   288.76081    4096               -45.037
       2444 20.36666666667   67.39441   288.68284    4096               -45.050
       2445 20.37500000000   67.61862   288.60080    4096               -45.060
       2446 20.38333333333   67.84279   288.51456    4096               -45.069
       2447 20.39166666667   68.06689   288.42398    4096               -45.036
       2448 20.40000000000   68.29092   288.32895    4096               -45.017
       2449 20.40833333333   68.51487   288.22931    4096               -44.997
       2450 20.41666666667   68.73872   288.12495    4096               -44.997
       2451 20.42500000000   68.96248   288.01569    4096               -45.021
       2452 20.43333333333   69.18612   287.90140    4096               -44.984
       2453 20.44166666667   69.40964   287.78192    4096               -44.949
       2454 20.45000000000   69.63302   287.65707    4096               -44.940
       2455 20.45833333333   69.85624   287.52669    4096               -44.938
       2456 20.46666666667   70.07931   287.39059    4096               -44.937
       2457 20.47500000000   70.30219   287.24858    4096               -44.962
       2458 20.48333333333   70.52489   287.10048    4096               -44.951
       2459 20.49166666667   70.74737   286.94608    4096               -44.913
       2460 20.50000000000   70.96963   286.78516    4096               -44.894
       2461 20.50833333333   71.19165   286.61750    4096               -44.864
       2462 20.51666666667   71.41342   286.44287    4096               -44.852
       2463 20.52500000000   71.63490   286.26104    4096               -44.857
       2464 20.53333333333   71.85609   286.07173    4096               -44.863
       2465 20.54166666667   72.07697   285.87471    4096               -44.848
       2466 20.55000000000   72.29751   285.66967    4096               -44.844
       2467 20.55833333333   72.51769   285.45635    4096               -44.844
       2468 20.56666666667   72.73749   285.23444    4096               -44.844
       2469 20.57500000000   72.95689   285.00362    4096               -44.852
       2470 20.58333333333   73.17585   284.76356    4096               -44.845
       2471 20.59166666667   73.39436   284.51392    4096               -44.844
       2472 20.60000000000   73.61238   284.25434    4096               -44.849
       2473 20.60833333333   73.82989   283.98445    4096               -44.863
       2474 20.61666666667   74.04686   283.70384    4096               -44.865
       2475 20.62500000000   74.26324   283.41211    4096               -44.879
       2476 20.63333333333   74.47902   283.10882    4096               -44.879
       2477 20.64166666667   74.69414   282.79352    4096               -44.897
       2478 20.65000000000   74.90858   282.46573    4096               -44.913
       2479 20.65833333333   75.12230   282.12497    4096               -44.908
       2480 20.66666666667   75.33524   281.77071    4096               -44.912
       2481 20.67500000000   75.54738   281.40240    4096               -44.911
       2482 20.68333333333   75.75866   281.01949    4096               -44.918
       2483 20.69166666667   75.96902   280.62136    4096               -44.927
       2484 20.70000000000   76.17843   280.20740    4096               -44.932
       2485 20.70833333333   76.38682   279.77696    4096               -44.933
       2486 20.71666666667   76.59414   279.32934    4096               -44.937
       2487 20.72500000000   76.80031   278.86385    4096               -44.929
       2488 20.73333333333   77.00529   278.37972    4096               -44.928
       2489 20.74166666667   77.20900   277.87619    4096               -44.933
       2490 20.75000000000   77.41136   277.35243    4096               -44.956
       2491 20.75833333333   77.61231   276.80761    4096               -44.966
       2492 20.76666666667   77.81175   276.24083    4096               -44.964
       2493 20.77500000000   78.00959   275.65117    4096               -44.975
       2494 20.78333333333   78.20576   275.03768    4096               -44.978
       2495 20.79166666667   78.40015   274.39937    4096               -44.989
       2496 20.80000000000   78.59266   273.73520    4096               -44.986
       2497 20.80833333333   78.78317   273.04411    4096               -44.971
       2498 20.81666666667   78.97158   272.32500    4096               -44.979
       2499 20.82500000000   79.15776   271.57675    4096               -45.003
       2500 20.83333333333   79.34158   270.79818    4096               -45.007
       2501 20.84166666667   79.52290   269.98813    4096               -45.000
       2502 20.85000000000   79.70158   269.14538    4096               -44.996
       2503 20.85833333333   79.87748   268.26870    4096               -45.011
       2504 20.86666666667   80.05041   267.35687    4096               -45.012
       2505 20.87500000000   80.22022   266.40864    4096               -45.028
       2506 20.88333333333   80.38673   265.42281    4096               -45.023
       2507 20.89166666667   80.54975   264.39815    4096               -45.007
       2508 20.90000000000   80.70908   263.33350    4096               -44.993
       2509 20.90833333333   80.86451   262.22773    4096               -44.980
       2510 20.91666666667   81.01584   261.07979    4096               -44.968
       2511 20.92500000000   81.16283   259.88871    4096               -44.957
       2512 20.93333333333   81.30524   258.65361    4096               -44.935
       2513 20.94166666667   81.44285   257.37376    4096               -44.894
       2514 20.95000000000   81.57539   256.04860    4096               -44.873
       2515 20.95833333333   81.70262   254.67773    4096               -44.896
       2516 20.96666666667   81.82427   253.26099    4096               -44.887
       2517 20.97500000000   81.94006   251.79843    4096               -44.850
       2518 20.98333333333   82.04974   250.29043    4096               -44.795
       2519 20.99166666667   82.15304   248.73763    4096               -44.717
       2520 21.00000000000   82.24967   247.14103    4096               -44.693
       2521 21.00833333333   82.33938   245.50197    4096               -44.686
       2522 21.01666666667   82.42190   243.82220    4096               -44.685
       2523 21.02500000000   82.49699   242.10383    4096               -44.668
       2524 21.03333333333   82.56441   240.34939    4096               -44.642
       2525 21.04166666667   82.62392   238.56182    4096               -44.635
       2526 21.05000000000   82.67533   236.74444    4096               -44.649
       2527 21.05833333333   82.71844   234.90092    4096               -44.636
       2528 21.06666666667   82.75310   233.03532    4096               -44.622
       2529 21.07500000000   82.77918   231.15194    4096               -44.623
       2530 21.08333333333   82.79655   229.25537    4096               -44.622
       2531 21.09166666667   82.80515   227.35036    4096               -44.614
       2532 21.10000000000   82.80494   225.44179    4096               -44.604
       2533 21.10833333333   82.79590   223.53460    4096               -44.598
       2534 21.11666666667   82.77805   221.63369    4096               -44.597
       2535 21.12500000000   82.75144   219.74387    4096               -44.564
       2536 21.13333333333   82.71616   217.86979    4096               -44.559
       2537 21.14166666667   82.67232   216.01589    4096               -44.550
       2538 21.15000000000   82.62006   214.18631    4096               -44.547
       2539 21.15833333333   82.55955   212.38487    4096               -44.547
       2540 21.16666666667   82.49098   210.61504    4096               -44.538
       2541 21.17500000000   82.41455   208.87990    4096               -44.534
       2542 21.18333333333   82.33049   207.18212    4096               -44.496
       2543 21.19166666667   82.23904   205.52399    4096               -44.476
       2544 21.20000000000   82.14045   203.90740    4096               -44.459
       2545 21.20833333333   82.03496   202.33382    4096               -44.434
       2546 21.21666666667   81.92285   200.80439    4096               -44.410
       2547 21.22500000000   81.80437   199.31990    4096               -44.397
       2548 21.23333333333   81.67979   197.88080    4096               -44.380
       2549 21.24166666667   81.54937   196.48726    4096               -44.385
       2550 21.25000000000   81.41337   195.13922    4096               -44.359
       2551 21.25833333333   81.27205   193.83636    4096               -44.339
       2552 21.26666666667   81.12564   192.57816    4096               -44.333
       2553 21.27500000000   80.97439   191.36397    4096               -44.310
       2554 21.28333333333   80.81853   190.19295    4096               -44.293
       2555 21.29166666667   80.65829   189.06418    4096               -44.286
       2556 21.30000000000   80.49389   187.97663    4096               -44.262
       2557 21.30833333333   80.32552   186.92919    4096               -44.239
       2558 21.31666666667   80.15339   185.92072    4096               -44.216
       2559 21.32500000000   79.97768   184.95001    4096               -44.208
       2560 21.33333333333   79.79858   184.01585    4096               -44.186
       2561 21.34166666667   79.61626   183.11700    4096               -44.167
       2562 21.35000000000   79.43087   182.25223    4096               -44.142
       2563 21.35833333333   79.24258   181.42032    4096               -44.128
       2564 21.36666666667   79.05152   180.62004    4096               -44.100
       2565 21.37500000000   78.85785   179.85021    4096               -44.099
       2566 21.38333333333   78.66168   179.10966    4096               -44.082
       2567 21.39166666667   78.46314   178.39724    4096               -44.054
       2568 21.40000000000   78.26235   177.71184    4096               -44.027
       2569 21.40833333333   78.05942   177.05239    4096               -44.000
       2570 21.41666666667   77.85445   176.41784    4096               -43.982
       2571 21.42500000000   77.64754   175.80719    4096               -43.967
       2572 21.43333333333   77.43879   175.21946    4096               -43.950
       2573 21.44166666667   77.22829   174.65372    4096               -43.922
       2574 21.45000000000   77.01611   174.10908    4096               -43.905
       2575 21.45833333333   76.80233   173.58467    4096               -43.881
       2576 21.46666666667   76.58704   173.07966    4096               -43.858
       2577 21.47500000000   76.37030   172.59326    4096               -43.837
       2578 21.48333333333   76.15217   172.12471    4096               -43.824
       2579 21.49166666667   75.93273   171.67330    4096               -43.792
       2580 21.50000000000   75.71203   171.23831    4096               -43.775
       2581 21.50833333333   75.49012   170.81909    4096               -43.763
       2582 21.51666666667   75.26706   170.41500    4096               -43.735
       2583 21.52500000000   75.04291   170.02544    4096               -43.715
       2584 21.53333333333   74.81770   169.64983    4096               -43.694
       2585 21.54166666667   74.59149   169.28761    4096               -43.649
       2586 21.55000000000   74.36431   168.93826    4096               -43.615
       2587 21.55833333333   74.13621   168.60126    4096               -43.577
       2588 21.56666666667   73.90724   168.27615    4096               -43.543
       2589 21.57500000000   73.67741   167.96245    4096               -43.512
       2590 21.58333333333   73.44678   167.65973    4096               -43.479
       2591 21.59166666667   73.21537   167.36756    4096               -43.440
       2592 21.60000000000   72.98321   167.08555    4096               -43.398
       2593 21.60833333333   72.75034   166.81332    4096               -43.374
       2594 21.61666666667   72.51679   166.55048    4096               -43.358
       2595 21.62500000000   72.28258   166.29671    4096               -43.328
       2596 21.63333333333   72.04774   166.05166    4096               -43.296
       2597 21.64166666667   71.81229   165.81500    4096               -43.282
       2598 21.65000000000   71.57626   165.58644    4096               -43.249
       2599 21.65833333333   71.33967   165.36569    4096               -43.228
       2600 21.66666666667   71.10254   165.15245    4096               -43.197
       2601 21.67500000000   70.86490   164.94647    4096               -43.155
       2602 21.68333333333   70.62676   164.74748    4096               -43.116
       2603 21.69166666667   70.38815   164.55525    4096               -43.074
       2604 21.70000000000   70.14907   164.36953    4096               -43.031
       2605 21.70833333333   69.90956   164.19010    4096               -42.975
       2606 21.71666666667   69.66963   164.01674    4096               -42.927
       2607 21.72500000000   69.42928   163.84925    4096               -42.888
       2608 21.73333333333   69.18855   163.68743    4096               -42.844
       2609 21.74166666667   68.94744   163.53109    4096               -42.808
       2610 21.75000000000   68.70596   163.38003    4096               -42.784
       2611 21.75833333333   68.46414   163.23410    4096               -42.736
       2612 21.76666666667   68.22198   163.09312    4096               -42.715
       2613 21.77500000000   67.97950   162.95693    4096               -42.680
       2614 21.78333333333   67.73672   162.82536    4096               -42.639
       2615 21.79166666667   67.49363   162.69829    4096               -42.613
       2616 21.80000000000   67.25026   162.57555    4096               -42.580
       2617 21.80833333333   67.00661   162.45702    4096               -42.536
       2618 21.81666666667   66.76270   162.34255    4096               -42.506
       2619 21.82500000000   66.51854   162.23203    4096               -42.473
       2620 21.83333333333   66.27413   162.12532    4096               -42.445
       2621 21.84166666667   66.02949   162.02232    4096               -42.404
       2622 21.85000000000   65.78462   161.92290    4096               -42.364
       2623 21.85833333333   65.53954   161.82696    4096               -42.330
       2624 21.86666666667   65.29425   161.73440    4096               -42.293
       2625 21.87500000000   65.04877   161.64510    4096               -42.248
       2626 21.88333333333   64.80309   161.55897    4096               -42.194
       2627 21.89166666667   64.55723   161.47593    4096               -42.147
       2628 21.90000000000   64.31120   161.39586    4096               -42.107
       2629 21.90833333333   64.06500   161.31870    4096               -42.055
       2630 21.91666666667   63.81864   161.24435    4096               -42.013
       2631 21.92500000000   63.57213   161.17273    4096               -41.965
       2632 21.93333333333   63.32548   161.10377    4096               -41.920
       2633 21.94166666667   63.07868   161.03738    4096               -41.868
       2634 21.95000000000   62.83175   160.97349    4096               -41.813
       2635 21.95833333333   62.58470   160.91203    4096               -41.761
       2636 21.96666666667   62.33753   160.85294    4096               -41.711
       2637 21.97500000000   62.09024   160.79614    4096               -41.658
       2638 21.98333333333   61.84285   160.74157    4096               -41.609
       2639 21.99166666667   61.59535   160.68917    4096               -41.551
       2640 22.00000000000   61.34653   160.63660    4096               -41.501
       2641 22.00833333333   61.10008   160.59064    4096               -41.442
       2642 22.01666666667   60.85231   160.54439    4096               -41.376
       2643 22.02500000000   60.60446   160.50008    4096               -41.314
       2644 22.03333333333   60.35653   160.45766    4096               -41.250
       2645 22.04166666667   60.10854   160.41708    4096               -41.176
       2646 22.05000000000   59.86047   160.37827    4096               -41.108
       2647 22.05833333333   59.61235   160.34121    4096               -41.039
       2648 22.06666666667   59.36417   160.30584    4096               -40.980
       2649 22.07500000000   59.11594   160.27211    4096               -40.918
       2650 22.08333333333   58.86766   160.23998    4096               -40.856
       2651 22.09166666667   58.61934   160.20941    4096               -40.792
       2652 22.10000000000   58.37098   160.18036    4096               -40.727
       2653 22.10833333333   58.12258   160.15279    4096               -40.668
       2654 22.11666666667   57.87415   160.12666    4096               -40.597
       2655 22.12500000000   57.62570   160.10192    4096               -40.531
       2656 22.13333333333   57.37722   160.07856    4096               -40.434
       2657 22.14166666667   57.12873   160.05652    4096               -40.365
       2658 22.15000000000   56.88022   160.03577    4096               -40.292
       2659 22.15833333333   56.63169   160.01629    4096               -40.208
       2660 22.16666666667   56.38316   159.99803    4096               -40.113
       2661 22.17500000000   56.13462   159.98098    4096               -40.020
       2662 22.18333333333   55.88608   159.96508    4096               -39.934
       2663 22.19166666667   55.63755   159.95033    4096               -39.841
       2664 22.20000000000   55.38902   159.93668    4096               -39.745
       2665 22.20833333333   55.14050   159.92410    4096               -39.662
       2666 22.21666666667   54.89199   159.91258    4096               -39.565
       2667 22.22500000000   54.64349   159.90209    4096               -39.472
       2668 22.23333333333   54.39501   159.89259    4096               -39.388
       2669 22.24166666667   54.14656   159.88406    4096               -39.291
       2670 22.25000000000   53.89813   159.87648    4096               -39.199
       2671 22.25833333333   53.64972   159.86983    4096               -39.110
       2672 22.26666666667   53.40135   159.86407    4096               -39.023
       2673 22.27500000000   53.15301   159.85919    4096               -38.921
       2674 22.28333333333   52.90470   159.85517    4096               -38.818
       2675 22.29166666667   52.65643   159.85198    4096               -38.716
       2676 22.30000000000   52.40821   159.84960    4096               -38.597
       2677 22.30833333333   52.16003   159.84802    4096               -38.472
       2678 22.31666666667   51.91189   159.84720    4096               -38.350
       2679 22.32500000000   51.66381   159.84714    4096               -38.241
       2680 22.33333333333   51.41577   159.84781    4096               -38.161
       2681 22.34166666667   51.16779   159.84919    4096               -38.048
       2682 22.35000000000   50.91987   159.85127    4096               -37.889
       2683 22.35833333333   50.67201   159.85402    4096               -37.795
       2684 22.36666666667   50.42420   159.85744    4096               -37.727
       2685 22.37500000000   50.17647   159.86150    4096               -37.696
       2686 22.38333333333   49.92879   159.86619    4096               -37.639
       2687 22.39166666667   49.68119   159.87149    4096               -37.533
       2688 22.40000000000   49.43366   159.87738    4096               -37.421
       2689 22.40833333333   49.18620   159.88385    4096               -37.317
       2690 22.41666666667   48.93882   159.89089    4096               -37.213
       2691 22.42500000000   48.69151   159.89848    4096               -37.128
       2692 22.43333333333   48.44429   159.90660    4096               -37.006
       2693 22.44166666667   48.19715   159.91525    4096               -36.897
       2694 22.45000000000   47.95009   159.92440    4096               -36.772
       2695 22.45833333333   47.70311   159.93405    4096               -36.649
       2696 22.46666666667   47.45623   159.94417    4096               -36.558
       2697 22.47500000000   47.20943   159.95477    4096               -36.449
       2698 22.48333333333   46.96273   159.96582    4096               -36.326
       2699 22.49166666667   46.71613   159.97732    4096               -36.178
       2700 22.50000000000   46.46961   159.98925    4096               -36.033
       2701 22.50833333333   46.22320   160.00159    4096               -35.906
       2702 22.51666666667   45.97689   160.01435    4096               -35.785
       2703 22.52500000000   45.73068   160.02750    4096               -35.649
       2704 22.53333333333   45.48457   160.04104    4096               -35.517
       2705 22.54166666667   45.23857   160.05495    4096               -35.375
       2706 22.55000000000   44.99268   160.06923    4096               -35.203
       2707 22.55833333333   44.74689   160.08386    4096               -35.048
       2708 22.56666666667   44.50122   160.09884    4096               -34.912
       2709 22.57500000000   44.25566   160.11415    4096               -34.743
       2710 22.58333333333   44.01022   160.12978    4096               -34.588
       2711 22.59166666667   43.76489   160.14573    4096               -34.428
       2712 22.60000000000   43.51968   160.16198    4096               -34.260
       2713 22.60833333333   43.27458   160.17853    4096               -34.089
       2714 22.61666666667   43.02961   160.19537    4096               -33.937
       2715 22.62500000000   42.78477   160.21248    4096               -33.767
       2716 22.63333333333   42.54005   160.22987    4096               -33.602
       2717 22.64166666667   42.29545   160.24751    4096               -33.428
       2718 22.65000000000   42.05098   160.26541    4096               -33.273
       2719 22.65833333333   41.80664   160.28355    4096               -33.111
       2720 22.66666666667   41.56244   160.30193    4096               -32.938
       2721 22.67500000000   41.31836   160.32054    4096               -32.772
       2722 22.68333333333   41.07442   160.33937    4096               -32.611
       2723 22.69166666667   40.83062   160.35841    4096               -32.438
       2724 22.70000000000   40.58695   160.37766    4096               -32.285
       2725 22.70833333333   40.34342   160.39710    4096               -32.118
       2726 22.71666666667   40.10003   160.41674    4096               -31.956
       2727 22.72500000000   39.85678   160.43656    4096               -31.797
       2728 22.73333333333   39.61368   160.45656    4096               -31.648
       2729 22.74166666667   39.37072   160.47673    4096               -31.497
       2730 22.75000000000   39.12790   160.49707    4096               -31.301
       2731 22.75833333333   38.88523   160.51756    4096               -31.089
       2732 22.76666666667   38.64271   160.53820    4096               -30.903
       2733 22.77500000000   38.40034   160.55898    4096               -30.708
       2734 22.78333333333   38.15812   160.57991    4096               -30.493
       2735 22.79166666667   37.91606   160.60096    4096               -30.307
       2736 22.80000000000   37.67414   160.62214    4096               -30.154
       2737 22.80833333333   37.43239   160.64345    4096               -30.013
       2738 22.81666666667   37.19079   160.66486    4096               -29.847
       2739 22.82500000000   36.94934   160.68639    4096               -29.704
       2740 22.83333333333   36.70806   160.70801    4096               -29.530
       2741 22.84166666667   36.46693   160.72974    4096               -29.369
       2742 22.85000000000   36.22597   160.75155    4096               -29.198
       2743 22.85833333333   35.98517   160.77346    4096               -29.001
       2744 22.86666666667   35.74453   160.79544    4096               -28.828
       2745 22.87500000000   35.50406   160.81750    4096               -28.649
       2746 22.88333333333   35.26375   160.83963    4096               -28.462
       2747 22.89166666667   35.02361   160.86182    4096               -28.279
       2748 22.90000000000   34.78364   160.88407    4096               -28.081
       2749 22.90833333333   34.54384   160.90639    4096               -27.899
       2750 22.91666666667   34.30421   160.92875    4096               -27.718
       2751 22.92500000000   34.06476   160.95115    4096               -27.553
       2752 22.93333333333   33.82547   160.97360    4096               -27.372
       2753 22.94166666667   33.58636   160.99609    4096               -27.183
       2754 22.95000000000   33.34743   161.01860    4096               -27.002
       2755 22.95833333333   33.10867   161.04115    4096               -26.785
       2756 22.96666666667   32.87008   161.06371    4096               -26.594
       2757 22.97500000000   32.63168   161.08630    4096               -26.402
       2758 22.98333333333   32.39346   161.10890    4096               -26.208
       2759 22.99166666667   32.15541   161.13151    4096               -25.986
       2760 23.00000000000   31.91755   161.15413    4096               -25.736
       2761 23.00833333333   31.67987   161.17674    4096               -25.497
       2762 23.01666666667   31.44238   161.19936    4096               -25.255
       2763 23.02500000000   31.20507   161.22197    4096               -25.042
       2764 23.03333333333   30.96794   161.24456    4096               -24.815
       2765 23.04166666667   30.73101   161.26715    4096               -24.590
       2766 23.05000000000   30.49426   161.28971    4096               -24.370
       2767 23.05833333333   30.25769   161.31225    4096               -24.126
       2768 23.06666666667   30.02132   161.33477    4096               -23.869
       2769 23.07500000000   29.78514   161.35726    4096               -23.623
       2770 23.08333333333   29.54915   161.37971    4096               -23.407
       2771 23.09166666667   29.31335   161.40213    4096               -23.214
       2772 23.10000000000   29.07775   161.42450    4096               -22.973
       2773 23.10833333333   28.84234   161.44683    4096               -22.706
       2774 23.11666666667   28.60712   161.46912    4096               -22.443
       2775 23.12500000000   28.37210   161.49135    4096               -22.217
       2776 23.13333333333   28.13728   161.51353    4096               -21.958
       2777 23.14166666667   27.90265   161.53564    4096               -21.689
       2778 23.15000000000   27.66823   161.55770    4096               -21.417
       2779 23.15833333333   27.43400   161.57969    4096               -21.160
       2780 23.16666666667   27.19998   161.60162    4096               -20.888
       2781 23.17500000000   26.96615   161.62347    4096               -20.612
       2782 23.18333333333   26.73253   161.64525    4096               -20.322
       2783 23.19166666667   26.49911   161.66695    4096               -20.050
       2784 23.20000000000   26.26590   161.68856    4096               -19.783
       2785 23.20833333333   26.03289   161.71010    4096               -19.525
       2786 23.21666666667   25.80008   161.73154    4096               -19.226
       2787 23.22500000000   25.56748   161.75290    4096               -18.960
       2788 23.23333333333   25.33509   161.77416    4096               -18.704
       2789 23.24166666667   25.10291   161.79533    4096               -18.429
       2790 23.25000000000   24.87093   161.81640    4096               -18.157
       2791 23.25833333333   24.63917   161.83736    4096               -17.882
       2792 23.26666666667   24.40761   161.85822    4096               -17.565
       2793 23.27500000000   24.17627   161.87897    4096               -17.281
       2794 23.28333333333   23.94513   161.89961    4096               -17.027
       2795 23.29166666667   23.71421   161.92013    4096               -16.731
       2796 23.30000000000   23.48351   161.94054    4096               -16.418
       2797 23.30833333333   23.25302   161.96083    4096               -16.142
       2798 23.31666666667   23.02274   161.98100    4096               -15.820
       2799 23.32500000000   22.79268   162.00104    4096               -15.560
       2800 23.33333333333   22.56283   162.02095    4096               -15.274
       2801 23.34166666667   22.33320   162.04073    4096               -14.910
       2802 23.35000000000   22.10379   162.06038    4096               -14.528
       2803 23.35833333333   21.87460   162.07989    4096               -14.162
       2804 23.36666666667   21.64563   162.09927    4096               -13.870
       2805 23.37500000000   21.41687   162.11850    4096               -13.563
       2806 23.38333333333   21.18834   162.13759    4096               -13.287
       2807 23.39166666667   20.96003   162.15653    4096               -12.963
       2808 23.40000000000   20.73194   162.17533    4096               -12.596
       2809 23.40833333333   20.50408   162.19397    4096               -12.253
       2810 23.41666666667   20.27644   162.21246    4096               -11.939
       2811 23.42500000000   20.04902   162.23079    4096               -11.639
       2812 23.43333333333   19.82182   162.24896    4096               -11.304
       2813 23.44166666667   19.59486   162.26697    4096               -10.919
       2814 23.45000000000   19.36811   162.28482    4096               -10.521
       2815 23.45833333333   19.14160   162.30250    4096               -10.216
       2816 23.46666666667   18.91531   162.32001    4096                -9.890
       2817 23.47500000000   18.68925   162.33735    4096                -9.529
       2818 23.48333333333   18.46342   162.35451    4096                -9.140
       2819 23.49166666667   18.23782   162.37150    4096                -8.846
       2820 23.50000000000   18.01245   162.38832    4096                -8.427
       2821 23.50833333333   17.78731   162.40495    4096                -8.089
       2822 23.51666666667   17.56240   162.42139    4096                -7.673
       2823 23.52500000000   17.33773   162.43766    4096                -7.323
       2824 23.53333333333   17.11328   162.45373    4096                -6.938
       2825 23.54166666667   16.88907   162.46961    4096                -6.573
       2826 23.55000000000   16.66509   162.48530    4096                -6.180
       2827 23.55833333333   16.44135   162.50080    4096                -5.770
       2828 23.56666666667   16.21785   162.51610    4096                -5.346
       2829 23.57500000000   15.99458   162.53120    4096                -4.890
       2830 23.58333333333   15.77154   162.54610    4096                -4.500
       2831 23.59166666667   15.54874   162.56079    4096                -4.065
       2832 23.60000000000   15.32618   162.57528    4096                -3.701
       2833 23.60833333333   15.10386   162.58956    4096                -3.374
       2834 23.61666666667   14.88178   162.60363    4096                -2.933
       2835 23.62500000000   14.65994   162.61748    4096                -2.571
       2836 23.63333333333   14.43833   162.63113    4096                -2.139
       2837 23.64166666667   14.21697   162.64455    4096                -1.752
       2838 23.65000000000   13.99585   162.65775    4096                -1.341
       2839 23.65833333333   13.77497   162.67074    4096                -1.020
       2840 23.66666666667   13.55434   162.68350    4096                -0.651
       2841 23.67500000000   13.33394   162.69603    4096                -0.173
       2842 23.68333333333   13.11379   162.70834    4096                 0.040
       2843 23.69166666667   12.89389   162.72041    4096                 0.555
       2844 23.70000000000   12.67423   162.73226    4096                 1.034
       2845 23.70833333333   12.45481   162.74387    4096                 1.301
       2846 23.71666666667   12.23565   162.75524    4096                 1.678
       2847 23.72500000000   12.01672   162.76637    4096                 2.102
       2848 23.73333333333   11.79805   162.77726    4096                 2.453
       2849 23.74166666667   11.57962   162.78791    4096                 2.853
       2850 23.75000000000   11.36144   162.79832    4096                 3.253
       2851 23.75833333333   11.14351   162.80848    4096                 3.717
       2852 23.76666666667   10.92584   162.81839    4096                 4.145
       2853 23.77500000000   10.70841   162.82804    4096                 4.511
       2854 23.78333333333   10.49123   162.83745    4096                 4.871
       2855 23.79166666667   10.27430   162.84660    4096                 5.411
       2856 23.80000000000   10.05762   162.85549    4096                 5.911
       2857 23.80833333333    9.84120   162.86412    4096                 6.219
       2858 23.81666666667    9.62503   162.87249    4096                 6.787
       2859 23.82500000000    9.40912   162.88059    4096                 7.365
       2860 23.83333333333    9.19345   162.88843    4096                 7.769
       2861 23.84166666667    8.97805   162.89601    4096                 8.153
       2862 23.85000000000    8.76290   162.90331    4096                 8.462
       2863 23.85833333333    8.54800   162.91034    4096                 8.767
       2864 23.86666666667    8.33336   162.91709    4096                 9.109
       2865 23.87500000000    8.11898   162.92357    4096                 9.398
       2866 23.88333333333    7.90486   162.92977    4096                 9.600
       2867 23.89166666667    7.69099   162.93569    4096                 9.922
       2868 23.90000000000    7.47739   162.94133    4096                10.316
       2869 23.90833333333    7.26404   162.94669    4096                10.690
       2870 23.91666666667    7.05095   162.95176    4096                11.150
       2871 23.92500000000    6.83813   162.95653    4096                11.718
       2872 23.93333333333    6.62556   162.96102    4096                12.264
       2873 23.94166666667    6.41326   162.96522    4096                12.608
       2874 23.95000000000    6.20122   162.96912    4096                12.968
       2875 23.95833333333    5.98944   162.97273    4096                13.393
       2876 23.96666666667    5.77793   162.97603    4096                13.884
       2877 23.97500000000    5.56668   162.97904    4096                14.356
       2878 23.98333333333    5.35569   162.98174    4096                14.884
