# Created on 2018-12-12 16:17:52 
# Sources: d:\gpsother\tec-suite\in\2015\abcd0770.15d.Z, d:\gpsother\tec-suite\in\2015\brdc0770.15n.Z
# Satellite: G24
# Interval: 30.0
# Sampling interval: 0.0 (not used).
# Site: abcd
# Position (L, B, H): 253.601641965, 52.1962622634, 578.574894483
# Position (X, Y, Z): -1106129.71, -3758704.03, 5016675.77
# datetime format: %Y-%m-%dT%H:%M:%S
# Columns: tsn, hour, el, az, validity, tec.l1l2
# (I11,1X,F14.11,1X,F10.5,1X,F11.5,1X,I7,1X,F21.3)
        332  2.76666666667    5.25277   316.26907       0                -9.963
        333  2.77500000000    5.44536   316.27273       0               -11.121
        334  2.78333333333    5.63800   316.27573       0               -10.587
        335  2.79166666667    5.83070   316.27805       0               -11.532
        336  2.80000000000    6.02343   316.27971       0               -12.339
        337  2.80833333333    6.21622   316.28069       0               -12.565
        338  2.81666666667    6.40905   316.28099       0               -12.630
        339  2.82500000000    6.60192   316.28060       0               -12.595
        340  2.83333333333    6.79483   316.27952       0               -12.363
        341  2.84166666667    6.98778   316.27775       0               -11.540
        342  2.85000000000    7.18076   316.27529       0               -11.218
        343  2.85833333333    7.37378   316.27212       0               -11.825
        344  2.86666666667    7.56683   316.26825       0               -11.826
        345  2.87500000000    7.75991   316.26367       0               -12.226
        346  2.88333333333    7.95303   316.25838       0               -12.613
        347  2.89166666667    8.14616   316.25237       0               -13.325
        348  2.90000000000    8.33932   316.24563       0               -14.036
        349  2.90833333333    8.53251   316.23817       0               -14.447
        350  2.91666666667    8.72571   316.22998       0               -14.749
        351  2.92500000000    8.91893   316.22106       0               -14.374
        352  2.93333333333    9.11217   316.21139       0               -14.099
        353  2.94166666667    9.30542   316.20098       0               -14.289
        354  2.95000000000    9.49868   316.18982       0               -14.745
        355  2.95833333333    9.69195   316.17791       0               -15.378
        356  2.96666666667    9.88523   316.16524       0               -15.895
        357  2.97500000000   10.07851   316.15181       0               -16.125
        358  2.98333333333   10.27179   316.13761       0               -15.947
        359  2.99166666667   10.46507   316.12264       0               -15.342
        360  3.00000000000   10.65835   316.10689       0               -14.657
        361  3.00833333333   10.85163   316.09036       0               -14.894
        362  3.01666666667   11.04489   316.07305       0               -14.912
        363  3.02500000000   11.23815   316.05494       0               -15.319
        364  3.03333333333   11.43139   316.03604       0               -15.513
        365  3.04166666667   11.62462   316.01634       0               -15.747
        366  3.05000000000   11.81782   315.99583       0               -15.912
        367  3.05833333333   12.01101   315.97452       0               -16.272
        368  3.06666666667   12.20417   315.95238       0               -16.625
        369  3.07500000000   12.39731   315.92943       0               -16.705
        370  3.08333333333   12.59041   315.90565       0               -16.251
        371  3.09166666667   12.78349   315.88103       0               -16.438
        372  3.10000000000   12.97653   315.85559       0               -15.317
        373  3.10833333333   13.16953   315.82930       0               -14.359
        374  3.11666666667   13.36249   315.80216       0               -14.651
        375  3.12500000000   13.55540   315.77417       0               -15.498
        376  3.13333333333   13.74827   315.74532       0               -16.387
        377  3.14166666667   13.94109   315.71561       0               -16.897
        378  3.15000000000   14.13385   315.68504       0               -17.318
        379  3.15833333333   14.32656   315.65358       0               -17.634
        380  3.16666666667   14.51921   315.62125       0               -18.022
        381  3.17500000000   14.71180   315.58804       0               -18.372
        382  3.18333333333   14.90432   315.55393       0               -18.412
        383  3.19166666667   15.09677   315.51893       0               -18.263
        384  3.20000000000   15.28914   315.48302       0               -18.171
        385  3.20833333333   15.48145   315.44621       0               -18.175
        386  3.21666666667   15.67367   315.40848       0               -18.244
        387  3.22500000000   15.86581   315.36984       0               -18.333
        388  3.23333333333   16.05786   315.33027       0               -18.396
        389  3.24166666667   16.24982   315.28976       0               -18.375
        390  3.25000000000   16.44168   315.24832       0               -18.236
        391  3.25833333333   16.63345   315.20594       0               -18.153
        392  3.26666666667   16.82512   315.16261       0               -18.147
        393  3.27500000000   17.01668   315.11833       0               -18.143
        394  3.28333333333   17.20814   315.07308       0               -18.243
        395  3.29166666667   17.39948   315.02686       0               -18.315
        396  3.30000000000   17.59070   314.97968       0               -18.489
        397  3.30833333333   17.78181   314.93151       0               -18.536
        398  3.31666666667   17.97279   314.88235       0               -18.658
        399  3.32500000000   18.16364   314.83221       0               -18.712
        400  3.33333333333   18.35435   314.78106       0               -18.708
        401  3.34166666667   18.54493   314.72891       0               -18.852
        402  3.35000000000   18.73537   314.67575       0               -19.083
        403  3.35833333333   18.92566   314.62157       0               -19.208
        404  3.36666666667   19.11581   314.56636       0               -19.346
        405  3.37500000000   19.30580   314.51013       0               -19.568
        406  3.38333333333   19.49563   314.45285       0               -19.796
        407  3.39166666667   19.68529   314.39454       0               -19.912
        408  3.40000000000   19.87479   314.33517       0               -20.014
        409  3.40833333333   20.06412   314.27474       0               -20.192
        410  3.41666666667   20.25327   314.21325       0               -20.328
        411  3.42500000000   20.44224   314.15069       0               -20.512
        412  3.43333333333   20.63102   314.08704       0               -20.641
        413  3.44166666667   20.81961   314.02232       0               -20.714
        414  3.45000000000   21.00800   313.95650       0               -20.970
        415  3.45833333333   21.19620   313.88958       0               -21.192
        416  3.46666666667   21.38418   313.82156       0               -21.413
        417  3.47500000000   21.57196   313.75242       0               -21.490
        418  3.48333333333   21.75952   313.68217       0               -21.568
        419  3.49166666667   21.94686   313.61078       0               -21.727
        420  3.50000000000   22.13397   313.53827       0               -21.830
        421  3.50833333333   22.32085   313.46461       0               -21.875
        422  3.51666666667   22.50749   313.38980       0               -21.885
        423  3.52500000000   22.69389   313.31384       0               -21.846
        424  3.53333333333   22.88004   313.23671       0               -21.792
        425  3.54166666667   23.06594   313.15841       0               -21.924
        426  3.55000000000   23.25158   313.07894       0               -22.027
        427  3.55833333333   23.43695   312.99828       0               -22.189
        428  3.56666666667   23.62205   312.91643       0               -22.199
        429  3.57500000000   23.80688   312.83337       0               -22.286
        430  3.58333333333   23.99142   312.74911       0               -22.397
        431  3.59166666667   24.17568   312.66364       0               -22.598
        432  3.60000000000   24.35964   312.57694       0               -22.663
        433  3.60833333333   24.54330   312.48902       0               -22.765
        434  3.61666666667   24.72665   312.39985       0               -22.834
        435  3.62500000000   24.90969   312.30945       0               -22.941
        436  3.63333333333   25.09242   312.21779       0               -23.009
        437  3.64166666667   25.27481   312.12487       0               -23.059
        438  3.65000000000   25.45688   312.03068       0               -23.174
        439  3.65833333333   25.63861   311.93521       0               -23.120
        440  3.66666666667   25.81999   311.83847       0               -23.010
        441  3.67500000000   26.00102   311.74043       0               -22.969
        442  3.68333333333   26.18169   311.64110       0               -22.923
        443  3.69166666667   26.36200   311.54046       0               -22.956
        444  3.70000000000   26.54194   311.43850       0               -23.017
        445  3.70833333333   26.72149   311.33523       0               -22.938
        446  3.71666666667   26.90067   311.23062       0               -22.974
        447  3.72500000000   27.07945   311.12468       0               -23.029
        448  3.73333333333   27.25783   311.01739       0               -23.164
        449  3.74166666667   27.43580   310.90876       0               -23.237
        450  3.75000000000   27.61336   310.79876       0               -23.266
        451  3.75833333333   27.79050   310.68739       0               -23.221
        452  3.76666666667   27.96721   310.57465       0               -23.262
        453  3.77500000000   28.14348   310.46053       0               -23.277
        454  3.78333333333   28.31931   310.34501       0               -23.482
        455  3.79166666667   28.49468   310.22810       0               -23.331
        456  3.80000000000   28.66960   310.10978       0               -23.368
        457  3.80833333333   28.84405   309.99005       0               -23.390
        458  3.81666666667   29.01803   309.86890       0               -23.395
        459  3.82500000000   29.19152   309.74632       0               -23.418
        460  3.83333333333   29.36452   309.62230       0               -23.459
        461  3.84166666667   29.53703   309.49684       0               -23.543
        462  3.85000000000   29.70902   309.36992       0               -23.475
        463  3.85833333333   29.88050   309.24155       0               -23.283
        464  3.86666666667   30.05146   309.11171       0               -23.193
        465  3.87500000000   30.22188   308.98040       0               -23.171
        466  3.88333333333   30.39177   308.84760       0               -23.213
        467  3.89166666667   30.56110   308.71332       0               -23.178
        468  3.90000000000   30.72988   308.57754       0               -23.272
        469  3.90833333333   30.89809   308.44026       0               -23.317
        470  3.91666666667   31.06572   308.30146       0               -23.209
        471  3.92500000000   31.23277   308.16115       0               -23.212
        472  3.93333333333   31.39923   308.01932       0               -23.243
        473  3.94166666667   31.56509   307.87595       0               -23.177
        474  3.95000000000   31.73033   307.73105       0               -23.205
        475  3.95833333333   31.89496   307.58460       0               -23.239
        476  3.96666666667   32.05895   307.43660       0               -23.179
        477  3.97500000000   32.22231   307.28704       0               -23.080
        478  3.98333333333   32.38501   307.13591       0               -23.116
        479  3.99166666667   32.54706   306.98321       0               -23.179
        480  4.00000000000   32.70843   306.82892       0               -23.163
        481  4.00833333333   32.86915   306.67307       0               -23.113
        482  4.01666666667   33.02917   306.51562       0               -23.130
        483  4.02500000000   33.18849   306.35657       0               -23.112
        484  4.03333333333   33.34711   306.19592       0               -23.168
        485  4.04166666667   33.50501   306.03366       0               -23.086
        486  4.05000000000   33.66218   305.86978       0               -23.093
        487  4.05833333333   33.81862   305.70428       0               -22.963
        488  4.06666666667   33.97431   305.53716       0               -22.919
        489  4.07500000000   34.12924   305.36841       0               -22.849
        490  4.08333333333   34.28341   305.19802       0               -22.898
        491  4.09166666667   34.43680   305.02598       0               -22.981
        492  4.10000000000   34.58940   304.85230       0               -23.009
        493  4.10833333333   34.74121   304.67697       0               -23.002
        494  4.11666666667   34.89220   304.49998       0               -23.016
        495  4.12500000000   35.04238   304.32134       0               -23.001
        496  4.13333333333   35.19173   304.14102       0               -23.200
        497  4.14166666667   35.34024   303.95904       0               -23.251
        498  4.15000000000   35.48789   303.77538       0               -23.109
        499  4.15833333333   35.63469   303.59005       0               -23.156
        500  4.16666666667   35.78061   303.40303       0               -23.192
        501  4.17500000000   35.92565   303.21434       0               -23.232
        502  4.18333333333   36.06979   303.02395       0               -22.958
        503  4.19166666667   36.21302   302.83188       0               -23.005
        504  4.20000000000   36.35534   302.63811       0               -23.094
        505  4.20833333333   36.49674   302.44264       0               -23.183
        506  4.21666666667   36.63719   302.24548       0               -23.129
        507  4.22500000000   36.77669   302.04662       0               -23.128
        508  4.23333333333   36.91523   301.84606       0               -23.200
        509  4.24166666667   37.05279   301.64379       0               -23.282
        510  4.25000000000   37.18938   301.43982       0               -23.270
        511  4.25833333333   37.32496   301.23415       0               -23.323
        512  4.26666666667   37.45954   301.02677       0               -23.290
        513  4.27500000000   37.59310   300.81768       0               -23.369
        514  4.28333333333   37.72563   300.60688       0               -23.370
        515  4.29166666667   37.85711   300.39438       0               -23.389
        516  4.30000000000   37.98754   300.18017       0               -23.378
        517  4.30833333333   38.11691   299.96426       0               -23.510
        518  4.31666666667   38.24520   299.74664       0               -23.367
        519  4.32500000000   38.37240   299.52732       0               -23.429
        520  4.33333333333   38.49850   299.30629       0               -23.346
        521  4.34166666667   38.62349   299.08357       0               -23.342
        522  4.35000000000   38.74736   298.85914       0               -23.338
        523  4.35833333333   38.87009   298.63303       0               -23.499
        524  4.36666666667   38.99167   298.40522       0               -23.464
        525  4.37500000000   39.11209   298.17572       0               -23.277
        526  4.38333333333   39.23135   297.94453       0               -23.159
        527  4.39166666667   39.34942   297.71167       0               -23.081
        528  4.40000000000   39.46629   297.47712       0               -23.125
        529  4.40833333333   39.58196   297.24091       0               -23.058
        530  4.41666666667   39.69642   297.00303       0               -22.803
        531  4.42500000000   39.80964   296.76348       0               -22.840
        532  4.43333333333   39.92163   296.52228       0               -22.986
        533  4.44166666667   40.03236   296.27943       0               -22.948
        534  4.45000000000   40.14183   296.03494       0               -22.982
        535  4.45833333333   40.25002   295.78881       0               -22.986
        536  4.46666666667   40.35692   295.54106       0               -22.999
        537  4.47500000000   40.46253   295.29168       0               -22.856
        538  4.48333333333   40.56682   295.04069       0               -22.849
        539  4.49166666667   40.66980   294.78810       0               -22.754
        540  4.50000000000   40.77144   294.53392       0               -22.726
        541  4.50833333333   40.87173   294.27815       0               -22.720
        542  4.51666666667   40.97067   294.02080       0               -22.763
        543  4.52500000000   41.06825   293.76190       0               -22.744
        544  4.53333333333   41.16444   293.50144       0               -22.659
        545  4.54166666667   41.25925   293.23944       0               -22.483
        546  4.55000000000   41.35266   292.97590       0               -22.256
        547  4.55833333333   41.44466   292.71086       0               -22.118
        548  4.56666666667   41.53523   292.44430       0               -21.772
        549  4.57500000000   41.62437   292.17626       0               -21.968
        550  4.58333333333   41.71207   291.90674       0               -21.839
        551  4.59166666667   41.79831   291.63575       0               -21.788
        552  4.60000000000   41.88309   291.36332       0               -21.328
        553  4.60833333333   41.96640   291.08945       0               -21.406
        554  4.61666666667   42.04822   290.81416       0               -21.205
        555  4.62500000000   42.12855   290.53747       0               -21.625
        556  4.63333333333   42.20737   290.25939       0               -21.641
        557  4.64166666667   42.28467   289.97994       0               -21.515
        558  4.65000000000   42.36045   289.69914       0               -21.747
        559  4.65833333333   42.43470   289.41701       0               -21.755
        560  4.66666666667   42.50740   289.13356       0               -21.703
        561  4.67500000000   42.57855   288.84881       0               -21.552
        562  4.68333333333   42.64814   288.56278       0               -21.510
        563  4.69166666667   42.71615   288.27550       0               -21.517
        564  4.70000000000   42.78259   287.98697       0               -21.311
        565  4.70833333333   42.84743   287.69723       0               -21.179
        566  4.71666666667   42.91068   287.40629       0               -21.013
        567  4.72500000000   42.97232   287.11417       0               -20.583
        568  4.73333333333   43.03235   286.82089       0               -20.466
        569  4.74166666667   43.09075   286.52649       0               -20.480
        570  4.75000000000   43.14752   286.23097       0               -20.531
        571  4.75833333333   43.20266   285.93436       0               -20.566
        572  4.76666666667   43.25615   285.63669       0               -20.629
        573  4.77500000000   43.30798   285.33798       0               -20.747
        574  4.78333333333   43.35816   285.03825       0               -20.765
        575  4.79166666667   43.40666   284.73753       0               -20.685
        576  4.80000000000   43.45350   284.43584       0               -20.684
        577  4.80833333333   43.49865   284.13321       0               -20.559
        578  4.81666666667   43.54211   283.82967       0               -20.573
        579  4.82500000000   43.58388   283.52523       0               -20.739
        580  4.83333333333   43.62396   283.21993       0               -20.710
        581  4.84166666667   43.66233   282.91378       0               -20.654
        582  4.85000000000   43.69898   282.60683       0               -20.668
        583  4.85833333333   43.73393   282.29909       0               -20.825
        584  4.86666666667   43.76715   281.99060       0               -20.890
        585  4.87500000000   43.79865   281.68137       0               -21.014
        586  4.88333333333   43.82841   281.37144       0               -21.079
        587  4.89166666667   43.85645   281.06084       0               -21.220
        588  4.90000000000   43.88274   280.74960       0               -21.290
        589  4.90833333333   43.90730   280.43774       0               -21.413
        590  4.91666666667   43.93010   280.12528       0               -21.771
        591  4.92500000000   43.95116   279.81228       0               -21.827
        592  4.93333333333   43.97047   279.49874       0               -21.655
        593  4.94166666667   43.98802   279.18470       0               -21.463
        594  4.95000000000   44.00382   278.87018       0               -21.329
        595  4.95833333333   44.01786   278.55523       0               -21.121
        596  4.96666666667   44.03013   278.23987       0               -20.860
        597  4.97500000000   44.04064   277.92412       0               -20.218
        598  4.98333333333   44.04939   277.60803       0               -19.673
        599  4.99166666667   44.05637   277.29161       0               -19.588
        600  5.00000000000   44.06159   276.97490       0               -19.540
        601  5.00833333333   44.06503   276.65792       0               -19.679
        602  5.01666666667   44.06671   276.34072       0               -19.014
        603  5.02500000000   44.06662   276.02331       0               -19.373
        604  5.03333333333   44.06476   275.70574       0               -20.001
        605  5.04166666667   44.06114   275.38802       0               -19.804
        606  5.05000000000   44.05574   275.07020       0               -19.825
        607  5.05833333333   44.04858   274.75229       0               -19.625
        608  5.06666666667   44.03966   274.43433       0               -19.761
        609  5.07500000000   44.02897   274.11635       0               -19.899
        610  5.08333333333   44.01651   273.79839       0               -20.223
        611  5.09166666667   44.00230   273.48046       0               -19.981
        612  5.10000000000   43.98633   273.16260       0               -19.759
        613  5.10833333333   43.96860   272.84484       0               -20.157
        614  5.11666666667   43.94912   272.52721       0               -20.764
        615  5.12500000000   43.92789   272.20973       0               -21.454
        616  5.13333333333   43.90492   271.89244       0               -21.580
        617  5.14166666667   43.88019   271.57537       0               -21.771
        618  5.15000000000   43.85373   271.25854       0               -21.939
        619  5.15833333333   43.82554   270.94199       0               -22.103
        620  5.16666666667   43.79561   270.62574       0               -22.344
        621  5.17500000000   43.76395   270.30981       0               -22.394
        622  5.18333333333   43.73057   269.99425       0               -22.442
        623  5.19166666667   43.69547   269.67906       0               -22.564
        624  5.20000000000   43.65866   269.36429       0               -22.697
        625  5.20833333333   43.62014   269.04996       0               -22.517
        626  5.21666666667   43.57992   268.73610       0               -22.800
        627  5.22500000000   43.53801   268.42272       0               -22.997
        628  5.23333333333   43.49440   268.10987       0               -23.132
        629  5.24166666667   43.44911   267.79755       0               -23.326
        630  5.25000000000   43.40214   267.48581       0               -23.492
        631  5.25833333333   43.35351   267.17466       0               -23.559
        632  5.26666666667   43.30321   266.86413       0               -23.548
        633  5.27500000000   43.25125   266.55425       0               -23.651
        634  5.28333333333   43.19764   266.24503       0               -23.609
        635  5.29166666667   43.14239   265.93650       0               -23.487
        636  5.30000000000   43.08551   265.62868       0               -23.410
        637  5.30833333333   43.02700   265.32160       0               -23.444
        638  5.31666666667   42.96687   265.01528       0               -23.454
        639  5.32500000000   42.90514   264.70975       0               -23.452
        640  5.33333333333   42.84180   264.40501       0               -23.612
        641  5.34166666667   42.77687   264.10110       0               -23.653
        642  5.35000000000   42.71036   263.79803       0               -23.569
        643  5.35833333333   42.64227   263.49582       0               -23.491
        644  5.36666666667   42.57261   263.19450       0               -23.279
        645  5.37500000000   42.50140   262.89409       0               -23.326
        646  5.38333333333   42.42864   262.59459       0               -23.163
        647  5.39166666667   42.35434   262.29604       0               -23.123
        648  5.40000000000   42.27852   261.99844       0               -23.172
        649  5.40833333333   42.20117   261.70183       0               -23.136
        650  5.41666666667   42.12232   261.40620       0               -23.151
        651  5.42500000000   42.04197   261.11159       0               -23.142
        652  5.43333333333   41.96014   260.81800       0               -22.978
        653  5.44166666667   41.87682   260.52546       0               -22.989
        654  5.45000000000   41.79204   260.23397       0               -23.001
        655  5.45833333333   41.70580   259.94355       0               -22.967
        656  5.46666666667   41.61812   259.65422       0               -23.152
        657  5.47500000000   41.52900   259.36600       0               -23.092
        658  5.48333333333   41.43846   259.07888       0               -22.919
        659  5.49166666667   41.34651   258.79289       0               -22.937
        660  5.50000000000   41.25315   258.50805       0               -22.671
        661  5.50833333333   41.15840   258.22435       0               -22.617
        662  5.51666666667   41.06227   257.94181       0               -22.667
        663  5.52500000000   40.96478   257.66046       0               -22.440
        664  5.53333333333   40.86592   257.38028       0               -22.380
        665  5.54166666667   40.76573   257.10130       0               -22.368
        666  5.55000000000   40.66419   256.82353       0               -22.461
        667  5.55833333333   40.56134   256.54697       0               -22.497
        668  5.56666666667   40.45717   256.27163       0               -22.252
        669  5.57500000000   40.35171   255.99752       0               -22.240
        670  5.58333333333   40.24496   255.72466       0               -22.356
        671  5.59166666667   40.13693   255.45304       0               -22.467
        672  5.60000000000   40.02764   255.18268       0               -22.551
        673  5.60833333333   39.91710   254.91357       0               -22.644
        674  5.61666666667   39.80532   254.64574       0               -22.712
        675  5.62500000000   39.69231   254.37918       0               -22.631
        676  5.63333333333   39.57808   254.11390       0               -22.679
        677  5.64166666667   39.46265   253.84991       0               -22.811
        678  5.65000000000   39.34602   253.58720       0               -22.719
        679  5.65833333333   39.22822   253.32579       0               -22.685
        680  5.66666666667   39.10925   253.06568       0               -22.833
        681  5.67500000000   38.98912   252.80687       0               -22.842
        682  5.68333333333   38.86785   252.54936       0               -22.899
        683  5.69166666667   38.74545   252.29316       0               -22.833
        684  5.70000000000   38.62192   252.03828       0               -22.891
        685  5.70833333333   38.49729   251.78470       0               -22.907
        686  5.71666666667   38.37157   251.53244       0               -22.777
        687  5.72500000000   38.24475   251.28150       0               -22.800
        688  5.73333333333   38.11687   251.03188       0               -22.668
        689  5.74166666667   37.98793   250.78358       0               -22.606
        690  5.75000000000   37.85794   250.53659       0               -22.612
        691  5.75833333333   37.72691   250.29092       0               -22.696
        692  5.76666666667   37.59486   250.04658       0               -22.639
        693  5.77500000000   37.46179   249.80355       0               -22.551
        694  5.78333333333   37.32773   249.56185       0               -22.537
        695  5.79166666667   37.19267   249.32146       0               -22.391
        696  5.80000000000   37.05664   249.08239       0               -22.183
        697  5.80833333333   36.91965   248.84463       0               -22.308
        698  5.81666666667   36.78170   248.60819       0               -22.395
        699  5.82500000000   36.64281   248.37306       0               -22.352
        700  5.83333333333   36.50299   248.13924       0               -22.252
        701  5.84166666667   36.36225   247.90672       0               -22.037
        702  5.85000000000   36.22061   247.67551       0               -22.124
        703  5.85833333333   36.07807   247.44561       0               -22.195
        704  5.86666666667   35.93464   247.21700       0               -22.267
        705  5.87500000000   35.79035   246.98969       0               -22.378
        706  5.88333333333   35.64519   246.76366       0               -22.434
        707  5.89166666667   35.49918   246.53893       0               -22.242
        708  5.90000000000   35.35234   246.31548       0               -22.269
        709  5.90833333333   35.20466   246.09331       0               -22.267
        710  5.91666666667   35.05618   245.87242       0               -22.234
        711  5.92500000000   34.90688   245.65279       0               -22.093
        712  5.93333333333   34.75680   245.43443       0               -21.933
        713  5.94166666667   34.60593   245.21734       0               -21.836
        714  5.95000000000   34.45429   245.00149       0               -21.827
        715  5.95833333333   34.30188   244.78690       0               -21.839
        716  5.96666666667   34.14873   244.57356       0               -21.859
        717  5.97500000000   33.99484   244.36145       0               -21.977
        718  5.98333333333   33.84022   244.15058       0               -22.215
        719  5.99166666667   33.68488   243.94094       0               -22.481
        720  6.00000000000   33.52888   243.73260       0               -22.537
        721  6.00833333333   33.37209   243.52531       0               -22.509
        722  6.01666666667   33.21466   243.31931       0               -22.449
        723  6.02500000000   33.05655   243.11452       0               -22.449
        724  6.03333333333   32.89778   242.91092       0               -22.392
        725  6.04166666667   32.73835   242.70851       0               -22.407
        726  6.05000000000   32.57828   242.50729       0               -22.537
        727  6.05833333333   32.41757   242.30724       0               -22.507
        728  6.06666666667   32.25623   242.10837       0               -22.544
        729  6.07500000000   32.09428   241.91065       0               -22.526
        730  6.08333333333   31.93172   241.71409       0               -22.761
        731  6.09166666667   31.76857   241.51868       0               -22.827
        732  6.10000000000   31.60483   241.32441       0               -22.989
        733  6.10833333333   31.44051   241.13127       0               -23.032
        734  6.11666666667   31.27563   240.93926       0               -23.127
        735  6.12500000000   31.11019   240.74837       0               -23.203
        736  6.13333333333   30.94420   240.55858       0               -23.106
        737  6.14166666667   30.77767   240.36991       0               -23.313
        738  6.15000000000   30.61061   240.18232       0               -23.294
        739  6.15833333333   30.44303   239.99583       0               -23.328
        740  6.16666666667   30.27494   239.81041       0               -23.494
        741  6.17500000000   30.10635   239.62606       0               -23.549
        742  6.18333333333   29.93726   239.44278       0               -23.563
        743  6.19166666667   29.76769   239.26056       0               -23.507
        744  6.20000000000   29.59765   239.07938       0               -23.602
        745  6.20833333333   29.42714   238.89924       0               -23.356
        746  6.21666666667   29.25616   238.72014       0               -23.371
        747  6.22500000000   29.08474   238.54205       0               -23.234
        748  6.23333333333   28.91288   238.36499       0               -23.215
        749  6.24166666667   28.74059   238.18893       0               -23.300
        750  6.25000000000   28.56787   238.01387       0               -23.486
        751  6.25833333333   28.39474   237.83980       0               -23.288
        752  6.26666666667   28.22120   237.66671       0               -23.330
        753  6.27500000000   28.04725   237.49459       0               -23.329
        754  6.28333333333   27.87292   237.32344       0               -23.344
        755  6.29166666667   27.69821   237.15325       0               -23.247
        756  6.30000000000   27.52312   236.98401       0               -23.256
        757  6.30833333333   27.34766   236.81571       0               -23.345
        758  6.31666666667   27.17184   236.64834       0               -23.374
        759  6.32500000000   26.99567   236.48190       0               -23.350
        760  6.33333333333   26.81915   236.31637       0               -23.446
        761  6.34166666667   26.64230   236.15174       0               -23.532
        762  6.35000000000   26.46512   235.98802       0               -23.516
        763  6.35833333333   26.28762   235.82519       0               -23.327
        764  6.36666666667   26.10981   235.66324       0               -23.410
        765  6.37500000000   25.93168   235.50216       0               -23.262
        766  6.38333333333   25.75326   235.34195       0               -23.196
        767  6.39166666667   25.57455   235.18259       0               -22.960
        768  6.40000000000   25.39555   235.02409       0               -22.785
        769  6.40833333333   25.21627   234.86642       0               -22.965
        770  6.41666666667   25.03672   234.70959       0               -23.100
        771  6.42500000000   24.85691   234.55358       0               -22.981
        772  6.43333333333   24.67684   234.39838       0               -22.868
        773  6.44166666667   24.49651   234.24400       0               -22.672
        774  6.45000000000   24.31595   234.09041       0               -23.026
        775  6.45833333333   24.13515   233.93761       0               -23.021
        776  6.46666666667   23.95411   233.78560       0               -22.990
        777  6.47500000000   23.77285   233.63436       0               -23.063
        778  6.48333333333   23.59138   233.48388       0               -23.062
        779  6.49166666667   23.40969   233.33417       0               -22.970
        780  6.50000000000   23.22780   233.18520       0               -23.025
        781  6.50833333333   23.04571   233.03697       0               -23.122
        782  6.51666666667   22.86343   232.88948       0               -22.589
        783  6.52500000000   22.68096   232.74272       0               -22.566
        784  6.53333333333   22.49831   232.59667       0               -22.479
        785  6.54166666667   22.31549   232.45133       0               -22.330
        786  6.55000000000   22.13250   232.30670       0               -22.150
        787  6.55833333333   21.94935   232.16275       0               -21.974
        788  6.56666666667   21.76604   232.01950       0               -22.015
        789  6.57500000000   21.58258   231.87692       0               -21.928
        790  6.58333333333   21.39898   231.73501       0               -21.946
        791  6.59166666667   21.21524   231.59376       0               -21.926
        792  6.60000000000   21.03136   231.45317       0               -21.976
        793  6.60833333333   20.84736   231.31322       0               -22.048
        794  6.61666666667   20.66324   231.17391       0               -21.962
        795  6.62500000000   20.47900   231.03524       0               -21.915
        796  6.63333333333   20.29465   230.89718       0               -21.848
        797  6.64166666667   20.11019   230.75975       0               -21.761
        798  6.65000000000   19.92563   230.62292       0               -21.640
        799  6.65833333333   19.74098   230.48669       0               -21.482
        800  6.66666666667   19.55624   230.35105       0               -21.337
        801  6.67500000000   19.37141   230.21600       0               -21.273
        802  6.68333333333   19.18650   230.08153       0               -21.249
        803  6.69166666667   19.00152   229.94763       0               -21.223
        804  6.70000000000   18.81647   229.81430       0               -21.203
        805  6.70833333333   18.63136   229.68152       0               -21.216
        806  6.71666666667   18.44619   229.54928       0               -21.187
        807  6.72500000000   18.26096   229.41759       0               -21.117
        808  6.73333333333   18.07568   229.28644       0               -21.128
        809  6.74166666667   17.89036   229.15581       0               -21.043
        810  6.75000000000   17.70499   229.02570       0               -20.921
        811  6.75833333333   17.51960   228.89610       0               -20.834
        812  6.76666666667   17.33417   228.76701       0               -20.724
        813  6.77500000000   17.14871   228.63841       0               -20.598
        814  6.78333333333   16.96324   228.51031       0               -20.501
        815  6.79166666667   16.77774   228.38269       0               -20.536
        816  6.80000000000   16.59224   228.25555       0               -20.501
        817  6.80833333333   16.40673   228.12888       0               -20.475
        818  6.81666666667   16.22121   228.00268       0               -20.332
        819  6.82500000000   16.03569   227.87693       0               -20.261
        820  6.83333333333   15.85018   227.75163       0               -20.221
        821  6.84166666667   15.66468   227.62678       0               -20.092
        822  6.85000000000   15.47919   227.50236       0               -19.907
        823  6.85833333333   15.29372   227.37837       0               -19.742
        824  6.86666666667   15.10827   227.25480       0               -19.502
        825  6.87500000000   14.92285   227.13165       0               -19.330
        826  6.88333333333   14.73746   227.00891       0               -19.358
        827  6.89166666667   14.55210   226.88657       0               -19.389
        828  6.90000000000   14.36678   226.76463       0               -19.608
        829  6.90833333333   14.18150   226.64309       0               -19.737
        830  6.91666666667   13.99627   226.52192       0               -19.768
        831  6.92500000000   13.81109   226.40113       0               -19.671
        832  6.93333333333   13.62596   226.28072       0               -19.593
        833  6.94166666667   13.44089   226.16066       0               -19.569
        834  6.95000000000   13.25589   226.04097       0               -19.533
        835  6.95833333333   13.07094   225.92163       0               -19.396
        836  6.96666666667   12.88607   225.80263       0               -19.156
        837  6.97500000000   12.70127   225.68398       0               -19.047
        838  6.98333333333   12.51655   225.56566       0               -18.820
        839  6.99166666667   12.33190   225.44766       0               -18.496
        840  7.00000000000   12.14735   225.32999       0               -18.227
        841  7.00833333333   11.96287   225.21263       0               -18.017
        842  7.01666666667   11.77849   225.09559       0               -18.137
        843  7.02500000000   11.59420   224.97884       0               -18.360
        844  7.03333333333   11.41002   224.86239       0               -18.725
        845  7.04166666667   11.22593   224.74624       0               -18.993
        846  7.05000000000   11.04194   224.63037       0               -19.122
        847  7.05833333333   10.85807   224.51478       0               -19.153
        848  7.06666666667   10.67431   224.39946       0               -19.061
        849  7.07500000000   10.49066   224.28441       0               -18.891
        850  7.08333333333   10.30713   224.16962       0               -18.580
        851  7.09166666667   10.12372   224.05510       0               -18.270
        852  7.10000000000    9.94044   223.94082       0               -17.931
        853  7.10833333333    9.75728   223.82678       0               -17.579
        854  7.11666666667    9.57425   223.71299       0               -17.311
        855  7.12500000000    9.39136   223.59943       0               -17.019
        856  7.13333333333    9.20861   223.48610       0               -16.728
        857  7.14166666667    9.02600   223.37299       0               -16.394
        858  7.15000000000    8.84353   223.26010       0               -16.123
        859  7.15833333333    8.66121   223.14742       0               -15.914
        860  7.16666666667    8.47904   223.03495       0               -15.660
        861  7.17500000000    8.29702   222.92268       0               -15.514
        862  7.18333333333    8.11516   222.81060       0               -15.367
        863  7.19166666667    7.93345   222.69872       0               -15.287
        864  7.20000000000    7.75191   222.58702       0               -15.238
        865  7.20833333333    7.57054   222.47550       0               -15.181
        866  7.21666666667    7.38933   222.36416       0               -15.017
        867  7.22500000000    7.20829   222.25298       0               -14.902
        868  7.23333333333    7.02743   222.14197       0               -14.647
        869  7.24166666667    6.84674   222.03112       0               -14.347
        870  7.25000000000    6.66623   221.92042       0               -14.046
        871  7.25833333333    6.48591   221.80987       0               -13.573
        872  7.26666666667    6.30577   221.69946       0               -13.156
        873  7.27500000000    6.12581   221.58919       0               -12.770
        874  7.28333333333    5.94605   221.47906       0               -12.483
        875  7.29166666667    5.76648   221.36905       0               -12.162
        876  7.30000000000    5.58711   221.25917       0               -12.018
        877  7.30833333333    5.40794   221.14941       0               -11.796
        878  7.31666666667    5.22896   221.03976       0               -11.583
        879  7.32500000000    5.05020   220.93022       0               -11.366
       1520 12.66666666667    5.13160   127.09117       0                 6.511
       1521 12.67500000000    5.30401   126.96450       0                 6.436
       1522 12.68333333333    5.47654   126.83763       0                 6.282
       1523 12.69166666667    5.64918   126.71055       0                 6.152
       1526 12.71666666667    6.16772   126.32802       0                -2.241
       1527 12.72500000000    6.34076   126.20006       0                -2.269
       1528 12.73333333333    6.51389   126.07186       0                -2.297
       1529 12.74166666667    6.68710   125.94343       0                -2.384
       1530 12.75000000000    6.86041   125.81475       0                -2.391
       1531 12.75833333333    7.03379   125.68582       0                -2.128
       1532 12.76666666667    7.20724   125.55663       0                -2.123
       1533 12.77500000000    7.38077   125.42719       0                -2.180
       1534 12.78333333333    7.55437   125.29748       0                -2.457
       1535 12.79166666667    7.72803   125.16750       0                -2.532
       1536 12.80000000000    7.90176   125.03725       0                -2.611
       1537 12.80833333333    8.07554   124.90671       0                -2.629
       1538 12.81666666667    8.24937   124.77589       0                -2.593
       1539 12.82500000000    8.42325   124.64477       0                -2.414
       1540 12.83333333333    8.59718   124.51336       0                -2.392
       1541 12.84166666667    8.77115   124.38164       0                -2.609
       1542 12.85000000000    8.94516   124.24962       0                -2.818
       1543 12.85833333333    9.11919   124.11728       0                -2.993
       1544 12.86666666667    9.29326   123.98462       0                -3.047
       1545 12.87500000000    9.46735   123.85164       0                -3.108
       1546 12.88333333333    9.64147   123.71833       0                -3.287
       1547 12.89166666667    9.81560   123.58468       0                -3.441
       1548 12.90000000000    9.98974   123.45069       0                -3.587
       1549 12.90833333333   10.16389   123.31635       0                -3.539
       1550 12.91666666667   10.33804   123.18166       0                -3.534
       1551 12.92500000000   10.51219   123.04661       0                -3.594
       1552 12.93333333333   10.68634   122.91120       0                -3.711
       1553 12.94166666667   10.86047   122.77541       0                -3.882
       1554 12.95000000000   11.03460   122.63925       0                -4.005
       1555 12.95833333333   11.20870   122.50271       0                -4.005
       1556 12.96666666667   11.38278   122.36579       0                -3.871
       1557 12.97500000000   11.55684   122.22847       0                -3.820
       1558 12.98333333333   11.73086   122.09075       0                -3.899
       1559 12.99166666667   11.90485   121.95263       0                -4.108
       1560 13.00000000000   12.07879   121.81410       0                -4.228
       1561 13.00833333333   12.25269   121.67515       0                -4.253
       1562 13.01666666667   12.42654   121.53578       0                -4.218
       1563 13.02500000000   12.60033   121.39598       0                -4.332
       1564 13.03333333333   12.77406   121.25575       0                -4.472
       1565 13.04166666667   12.94773   121.11508       0                -4.634
       1566 13.05000000000   13.12133   120.97397       0                -4.798
       1567 13.05833333333   13.29485   120.83240       0                -4.871
       1568 13.06666666667   13.46829   120.69038       0                -4.954
       1569 13.07500000000   13.64165   120.54789       0                -5.050
       1570 13.08333333333   13.81492   120.40494       0                -5.182
       1571 13.09166666667   13.98810   120.26151       0                -5.265
       1572 13.10000000000   14.16117   120.11760       0                -5.382
       1573 13.10833333333   14.33414   119.97320       0                -5.436
       1574 13.11666666667   14.50700   119.82831       0                -5.535
       1575 13.12500000000   14.67974   119.68292       0                -5.618
       1576 13.13333333333   14.85236   119.53702       0                -5.647
       1577 13.14166666667   15.02486   119.39062       0                -5.733
       1578 13.15000000000   15.19723   119.24369       0                -5.806
       1579 13.15833333333   15.36945   119.09625       0                -5.833
       1580 13.16666666667   15.54154   118.94827       0                -5.847
       1581 13.17500000000   15.71348   118.79976       0                -5.860
       1582 13.18333333333   15.88526   118.65071       0                -5.911
       1583 13.19166666667   16.05689   118.50111       0                -5.892
       1584 13.20000000000   16.22835   118.35095       0                -5.994
       1585 13.20833333333   16.39964   118.20024       0                -6.045
       1586 13.21666666667   16.57076   118.04896       0                -6.133
       1587 13.22500000000   16.74169   117.89711       0                -6.200
       1588 13.23333333333   16.91244   117.74468       0                -6.215
       1589 13.24166666667   17.08300   117.59167       0                -6.317
       1590 13.25000000000   17.25335   117.43806       0                -6.421
       1591 13.25833333333   17.42350   117.28386       0                -6.518
       1592 13.26666666667   17.59344   117.12906       0                -6.580
       1593 13.27500000000   17.76316   116.97364       0                -6.637
       1594 13.28333333333   17.93266   116.81761       0                -6.669
       1595 13.29166666667   18.10193   116.66097       0                -6.683
       1596 13.30000000000   18.27096   116.50369       0                -6.760
       1597 13.30833333333   18.43975   116.34578       0                -6.797
       1598 13.31666666667   18.60830   116.18723       0                -6.857
       1599 13.32500000000   18.77659   116.02803       0                -6.883
       1600 13.33333333333   18.94462   115.86819       0                -6.926
       1601 13.34166666667   19.11238   115.70768       0                -7.002
       1602 13.35000000000   19.27987   115.54651       0                -7.042
       1603 13.35833333333   19.44707   115.38467       0                -7.076
       1604 13.36666666667   19.61399   115.22216       0                -7.117
       1605 13.37500000000   19.78062   115.05896       0                -7.201
       1606 13.38333333333   19.94695   114.89507       0                -7.212
       1607 13.39166666667   20.11297   114.73049       0                -7.243
       1608 13.40000000000   20.27868   114.56521       0                -7.294
       1609 13.40833333333   20.44407   114.39922       0                -7.328
       1610 13.41666666667   20.60913   114.23252       0                -7.325
       1611 13.42500000000   20.77385   114.06510       0                -7.306
       1612 13.43333333333   20.93824   113.89696       0                -7.309
       1613 13.44166666667   21.10227   113.72809       0                -7.348
       1614 13.45000000000   21.26595   113.55848       0                -7.336
       1615 13.45833333333   21.42927   113.38813       0                -7.317
       1616 13.46666666667   21.59222   113.21703       0                -7.321
       1617 13.47500000000   21.75479   113.04517       0                -7.310
       1618 13.48333333333   21.91698   112.87256       0                -7.333
       1619 13.49166666667   22.07878   112.69918       0                -7.344
       1620 13.50000000000   22.24017   112.52503       0                -7.398
       1621 13.50833333333   22.40117   112.35010       0                -7.461
       1622 13.51666666667   22.56174   112.17439       0                -7.482
       1623 13.52500000000   22.72190   111.99789       0                -7.495
       1624 13.53333333333   22.88162   111.82060       0                -7.524
       1625 13.54166666667   23.04091   111.64251       0                -7.525
       1626 13.55000000000   23.19976   111.46362       0                -7.520
       1627 13.55833333333   23.35815   111.28391       0                -7.552
       1628 13.56666666667   23.51608   111.10339       0                -7.544
       1629 13.57500000000   23.67355   110.92205       0                -7.540
       1630 13.58333333333   23.83054   110.73988       0                -7.550
       1631 13.59166666667   23.98704   110.55688       0                -7.572
       1632 13.60000000000   24.14306   110.37304       0                -7.584
       1633 13.60833333333   24.29857   110.18837       0                -7.589
       1634 13.61666666667   24.45358   110.00284       0                -7.567
       1635 13.62500000000   24.60807   109.81647       0                -7.584
       1636 13.63333333333   24.76203   109.62923       0                -7.615
       1637 13.64166666667   24.91546   109.44114       0                -7.619
       1638 13.65000000000   25.06835   109.25218       0                -7.642
       1639 13.65833333333   25.22070   109.06234       0                -7.642
       1640 13.66666666667   25.37248   108.87164       0                -7.627
       1641 13.67500000000   25.52370   108.68005       0                -7.630
       1642 13.68333333333   25.67434   108.48757       0                -7.664
       1643 13.69166666667   25.82440   108.29421       0                -7.651
       1644 13.70000000000   25.97386   108.09996       0                -7.685
       1645 13.70833333333   26.12273   107.90480       0                -7.672
       1646 13.71666666667   26.27099   107.70875       0                -7.677
       1647 13.72500000000   26.41863   107.51179       0                -7.697
       1648 13.73333333333   26.56564   107.31392       0                -7.701
       1649 13.74166666667   26.71201   107.11513       0                -7.746
       1650 13.75000000000   26.85774   106.91543       0                -7.754
       1651 13.75833333333   27.00282   106.71481       0                -7.793
       1652 13.76666666667   27.14724   106.51326       0                -7.801
       1653 13.77500000000   27.29098   106.31078       0                -7.809
       1654 13.78333333333   27.43404   106.10738       0                -7.818
       1655 13.79166666667   27.57641   105.90304       0                -7.836
       1656 13.80000000000   27.71809   105.69776       0                -7.844
       1657 13.80833333333   27.85905   105.49154       0                -7.827
       1658 13.81666666667   27.99930   105.28438       0                -7.832
       1659 13.82500000000   28.13882   105.07627       0                -7.853
       1660 13.83333333333   28.27761   104.86722       0                -7.874
       1661 13.84166666667   28.41565   104.65721       0                -7.902
       1662 13.85000000000   28.55293   104.44625       0                -7.901
       1663 13.85833333333   28.68945   104.23434       0                -7.874
       1664 13.86666666667   28.82520   104.02147       0                -7.901
       1665 13.87500000000   28.96017   103.80764       0                -7.915
       1666 13.88333333333   29.09434   103.59284       0                -7.949
       1667 13.89166666667   29.22771   103.37709       0                -7.962
       1668 13.90000000000   29.36027   103.16038       0                -7.979
       1669 13.90833333333   29.49201   102.94270       0                -7.999
       1670 13.91666666667   29.62292   102.72405       0                -7.981
       1671 13.92500000000   29.75298   102.50444       0                -7.991
       1672 13.93333333333   29.88220   102.28386       0                -7.998
       1673 13.94166666667   30.01056   102.06231       0                -8.023
       1674 13.95000000000   30.13805   101.83980       0                -8.041
       1675 13.95833333333   30.26466   101.61631       0                -8.062
       1676 13.96666666667   30.39038   101.39186       0                -8.068
       1677 13.97500000000   30.51521   101.16645       0                -8.071
       1678 13.98333333333   30.63912   100.94006       0                -8.050
       1679 13.99166666667   30.76212   100.71271       0                -8.036
       1680 14.00000000000   30.88387   100.48511       0                -8.010
       1681 14.00833333333   31.00532   100.25511       0                -8.009
       1682 14.01666666667   31.12551   100.02486       0                -8.008
       1683 14.02500000000   31.24474    99.79366       0                -7.955
       1684 14.03333333333   31.36300    99.56149       0                -7.960
       1685 14.04166666667   31.48029    99.32836       0                -7.955
       1686 14.05000000000   31.59659    99.09428       0                -7.972
       1687 14.05833333333   31.71189    98.85925       0                -7.982
       1688 14.06666666667   31.82619    98.62326       0                -7.984
       1689 14.07500000000   31.93948    98.38632       0                -8.014
       1690 14.08333333333   32.05174    98.14844       0                -8.023
       1691 14.09166666667   32.16296    97.90962       0                -8.006
       1692 14.10000000000   32.27314    97.66986       0                -7.989
       1693 14.10833333333   32.38226    97.42916       0                -7.992
       1694 14.11666666667   32.49033    97.18753       0                -8.014
       1695 14.12500000000   32.59731    96.94498       0                -8.052
       1696 14.13333333333   32.70322    96.70150       0                -8.092
       1697 14.14166666667   32.80803    96.45711       0                -8.100
       1698 14.15000000000   32.91174    96.21180       0                -8.109
       1699 14.15833333333   33.01433    95.96559       0                -8.129
       1700 14.16666666667   33.11581    95.71848       0                -8.119
       1701 14.17500000000   33.21615    95.47047       0                -8.109
       1702 14.18333333333   33.31536    95.22156       0                -8.107
       1703 14.19166666667   33.41341    94.97178       0                -8.119
       1704 14.20000000000   33.51031    94.72112       0                -8.119
       1705 14.20833333333   33.60603    94.46959       0                -8.112
       1706 14.21666666667   33.70058    94.21719       0                -8.117
       1707 14.22500000000   33.79394    93.96394       0                -8.125
       1708 14.23333333333   33.88611    93.70984       0                -8.136
       1709 14.24166666667   33.97707    93.45491       0                -8.141
       1710 14.25000000000   34.06681    93.19914       0                -8.138
       1711 14.25833333333   34.15533    92.94254       0                -8.124
       1712 14.26666666667   34.24262    92.68513       0                -8.116
       1713 14.27500000000   34.32867    92.42692       0                -8.080
       1714 14.28333333333   34.41347    92.16791       0                -8.048
       1715 14.29166666667   34.49701    91.90811       0                -8.031
       1716 14.30000000000   34.57928    91.64754       0                -8.010
       1717 14.30833333333   34.66028    91.38619       0                -8.014
       1718 14.31666666667   34.73999    91.12410       0                -7.978
       1719 14.32500000000   34.81841    90.86125       0                -7.973
       1720 14.33333333333   34.89553    90.59767       0                -7.975
       1721 14.34166666667   34.97134    90.33337       0                -7.972
       1722 14.35000000000   35.04583    90.06836       0                -7.959
       1723 14.35833333333   35.11899    89.80265       0                -7.962
       1724 14.36666666667   35.19083    89.53625       0                -7.976
       1725 14.37500000000   35.26132    89.26917       0                -7.988
       1726 14.38333333333   35.33046    89.00143       0                -8.011
       1727 14.39166666667   35.39824    88.73304       0                -8.028
       1728 14.40000000000   35.46467    88.46401       0                -8.039
       1729 14.40833333333   35.52972    88.19436       0                -8.051
       1730 14.41666666667   35.59339    87.92410       0                -8.056
       1731 14.42500000000   35.65567    87.65324       0                -8.066
       1732 14.43333333333   35.71656    87.38181       0                -8.091
       1733 14.44166666667   35.77605    87.10980       0                -8.112
       1734 14.45000000000   35.83414    86.83724       0                -8.123
       1735 14.45833333333   35.89081    86.56415       0                -8.116
       1736 14.46666666667   35.94606    86.29053       0                -8.089
       1737 14.47500000000   35.99988    86.01641       0                -8.071
       1738 14.48333333333   36.05227    85.74180       0                -8.041
       1739 14.49166666667   36.10323    85.46671       0                -8.027
       1740 14.50000000000   36.15273    85.19116       0                -8.014
       1741 14.50833333333   36.20079    84.91517       0                -8.016
       1742 14.51666666667   36.24739    84.63876       0                -8.012
       1743 14.52500000000   36.29253    84.36193       0                -7.996
       1744 14.53333333333   36.33620    84.08472       0                -7.996
       1745 14.54166666667   36.37840    83.80713       0                -7.975
       1746 14.55000000000   36.41912    83.52918       0                -7.960
       1747 14.55833333333   36.45835    83.25089       0                -7.936
       1748 14.56666666667   36.49610    82.97229       0                -7.935
       1749 14.57500000000   36.53236    82.69338       0                -7.928
       1750 14.58333333333   36.56712    82.41418       0                -7.916
       1751 14.59166666667   36.60038    82.13472       0                -7.910
       1752 14.60000000000   36.63213    81.85501       0                -7.936
       1753 14.60833333333   36.66237    81.57507       0                -7.928
       1754 14.61666666667   36.69110    81.29493       0                -7.930
       1755 14.62500000000   36.71832    81.01459       0                -7.934
       1756 14.63333333333   36.74401    80.73408       0                -7.922
       1757 14.64166666667   36.76818    80.45341       0                -7.911
       1758 14.65000000000   36.79083    80.17262       0                -7.914
       1759 14.65833333333   36.81194    79.89171       0                -7.904
       1760 14.66666666667   36.83153    79.61070       0                -7.894
       1761 14.67500000000   36.84957    79.32963       0                -7.891
       1762 14.68333333333   36.86608    79.04849       0                -7.904
       1763 14.69166666667   36.88106    78.76733       0                -7.901
       1764 14.70000000000   36.89449    78.48615       0                -7.888
       1765 14.70833333333   36.90637    78.20498       0                -7.879
       1766 14.71666666667   36.91672    77.92384       0                -7.889
       1767 14.72500000000   36.92551    77.64274       0                -7.909
       1768 14.73333333333   36.93276    77.36171       0                -7.914
       1769 14.74166666667   36.93846    77.08077       0                -7.953
       1770 14.75000000000   36.94261    76.79994       0                -7.981
       1771 14.75833333333   36.94521    76.51923       0                -8.021
       1772 14.76666666667   36.94626    76.23868       0                -8.077
       1773 14.77500000000   36.94575    75.95830       0                -8.117
       1774 14.78333333333   36.94370    75.67810       0                -8.186
       1775 14.79166666667   36.94010    75.39812       0                -8.232
       1776 14.80000000000   36.93494    75.11837       0                -8.247
       1777 14.80833333333   36.92823    74.83888       0                -8.293
       1778 14.81666666667   36.91998    74.55965       0                -8.349
       1779 14.82500000000   36.91017    74.28072       0                -8.404
       1780 14.83333333333   36.89881    74.00211       0                -8.411
       1781 14.84166666667   36.88591    73.72382       0                -8.382
       1782 14.85000000000   36.87146    73.44590       0                -8.302
       1783 14.85833333333   36.85547    73.16834       0                -8.284
       1784 14.86666666667   36.83794    72.89119       0                -8.271
       1785 14.87500000000   36.81886    72.61444       0                -8.282
       1786 14.88333333333   36.79825    72.33814       0                -8.269
       1787 14.89166666667   36.77610    72.06228       0                -8.149
       1788 14.90000000000   36.75241    71.78691       0                -8.031
       1789 14.90833333333   36.72719    71.51202       0                -7.955
       1790 14.91666666667   36.70045    71.23766       0                -7.866
       1791 14.92500000000   36.67218    70.96382       0                -7.845
       1792 14.93333333333   36.64239    70.69054       0                -7.803
       1793 14.94166666667   36.61107    70.41783       0                -7.732
       1794 14.95000000000   36.57825    70.14571       0                -7.660
       1795 14.95833333333   36.54391    69.87420       0                -7.779
       1796 14.96666666667   36.50806    69.60333       0                -7.803
       1797 14.97500000000   36.47070    69.33310       0                -7.612
       1798 14.98333333333   36.43185    69.06353       0                -7.528
       1799 14.99166666667   36.39150    68.79465       0                -7.545
       1800 15.00000000000   36.34966    68.52647       0                -7.470
       1801 15.00833333333   36.30634    68.25901       0                -7.505
       1802 15.01666666667   36.26153    67.99229       0                -7.509
       1803 15.02500000000   36.21524    67.72633       0                -7.371
       1804 15.03333333333   36.16749    67.46114       0                -7.346
       1805 15.04166666667   36.11826    67.19673       0                -7.288
       1806 15.05000000000   36.06758    66.93314       0                -7.187
       1807 15.05833333333   36.01544    66.67037       0                -7.151
       1808 15.06666666667   35.96185    66.40843       0                -7.124
       1809 15.07500000000   35.90681    66.14736       0                -7.028
       1810 15.08333333333   35.85034    65.88715       0                -6.857
       1811 15.09166666667   35.79243    65.62783       0                -6.834
       1812 15.10000000000   35.73310    65.36942       0                -6.741
       1813 15.10833333333   35.67235    65.11192       0                -6.746
       1814 15.11666666667   35.61019    64.85536       0                -6.562
       1815 15.12500000000   35.54662    64.59974       0                -6.554
       1816 15.13333333333   35.48165    64.34509       0                -6.523
       1817 15.14166666667   35.41528    64.09141       0                -6.374
       1818 15.15000000000   35.34754    63.83872       0                -6.383
       1819 15.15833333333   35.27841    63.58704       0                -6.344
       1820 15.16666666667   35.20791    63.33637       0                -6.275
       1821 15.17500000000   35.13604    63.08674       0                -6.062
       1822 15.18333333333   35.06282    62.83815       0                -6.180
       1823 15.19166666667   34.98825    62.59062       0                -5.972
       1824 15.20000000000   34.91234    62.34415       0                -5.946
       1825 15.20833333333   34.83510    62.09877       0                -5.838
       1826 15.21666666667   34.75652    61.85448       0                -5.767
       1827 15.22500000000   34.67663    61.61129       0                -5.991
       1828 15.23333333333   34.59543    61.36922       0                -6.036
       1829 15.24166666667   34.51293    61.12827       0                -5.912
       1830 15.25000000000   34.42913    60.88847       0                -5.908
       1831 15.25833333333   34.34404    60.64981       0                -5.900
       1832 15.26666666667   34.25768    60.41230       0                -5.942
       1833 15.27500000000   34.17005    60.17597       0                -5.902
       1834 15.28333333333   34.08116    59.94081       0                -5.862
       1835 15.29166666667   33.99101    59.70684       0                -5.861
       1836 15.30000000000   33.89962    59.47407       0                -5.795
       1837 15.30833333333   33.80700    59.24250       0                -5.872
       1838 15.31666666667   33.71314    59.01215       0                -5.810
       1839 15.32500000000   33.61808    58.78301       0                -5.799
       1840 15.33333333333   33.52180    58.55511       0                -5.776
       1841 15.34166666667   33.42432    58.32844       0                -5.649
       1842 15.35000000000   33.32565    58.10302       0                -5.688
       1843 15.35833333333   33.22580    57.87885       0                -5.649
       1844 15.36666666667   33.12477    57.65594       0                -5.590
       1845 15.37500000000   33.02258    57.43430       0                -5.536
       1846 15.38333333333   32.91924    57.21392       0                -5.448
       1847 15.39166666667   32.81475    56.99483       0                -5.417
       1848 15.40000000000   32.70912    56.77702       0                -5.348
       1849 15.40833333333   32.60237    56.56050       0                -5.196
       1850 15.41666666667   32.49449    56.34527       0                -5.057
       1851 15.42500000000   32.38551    56.13135       0                -4.960
       1852 15.43333333333   32.27542    55.91873       0                -4.830
       1853 15.44166666667   32.16425    55.70742       0                -4.820
       1854 15.45000000000   32.05199    55.49742       0                -4.676
       1855 15.45833333333   31.93867    55.28874       0                -4.631
       1856 15.46666666667   31.82428    55.08139       0                -4.625
       1857 15.47500000000   31.70883    54.87536       0                -4.527
       1858 15.48333333333   31.59234    54.67066       0                -4.412
       1859 15.49166666667   31.47482    54.46730       0                -4.205
       1860 15.50000000000   31.35627    54.26527       0                -3.990
       1861 15.50833333333   31.23671    54.06457       0                -3.985
       1862 15.51666666667   31.11614    53.86522       0                -3.937
       1863 15.52500000000   30.99457    53.66722       0                -3.887
       1864 15.53333333333   30.87201    53.47056       0                -3.732
       1865 15.54166666667   30.74848    53.27524       0                -3.664
       1866 15.55000000000   30.62397    53.08128       0                -3.800
       1867 15.55833333333   30.49851    52.88867       0                -3.897
       1868 15.56666666667   30.37209    52.69741       0                -3.767
       1869 15.57500000000   30.24474    52.50750       0                -3.637
       1870 15.58333333333   30.11645    52.31895       0                -3.449
       1871 15.59166666667   29.98724    52.13175       0                -3.405
       1872 15.60000000000   29.85711    51.94590       0                -3.205
       1873 15.60833333333   29.72609    51.76142       0                -3.286
       1874 15.61666666667   29.59416    51.57829       0                -3.213
       1875 15.62500000000   29.46135    51.39651       0                -3.269
       1876 15.63333333333   29.32767    51.21610       0                -3.047
       1877 15.64166666667   29.19312    51.03703       0                -2.856
       1878 15.65000000000   29.05771    50.85933       0                -2.761
       1879 15.65833333333   28.92145    50.68297       0                -2.616
       1880 15.66666666667   28.78435    50.50797       0                -2.538
       1881 15.67500000000   28.64642    50.33433       0                -2.483
       1882 15.68333333333   28.50767    50.16203       0                -2.587
       1883 15.69166666667   28.36810    49.99109       0                -2.463
       1884 15.70000000000   28.22774    49.82149       0                -2.376
       1885 15.70833333333   28.08657    49.65324       0                -2.361
       1886 15.71666666667   27.94463    49.48634       0                -2.194
       1887 15.72500000000   27.80190    49.32078       0                -2.063
       1888 15.73333333333   27.65841    49.15657       0                -2.026
       1889 15.74166666667   27.51415    48.99369       0                -1.911
       1890 15.75000000000   27.36915    48.83215       0                -1.824
       1891 15.75833333333   27.22340    48.67195       0                -1.829
       1892 15.76666666667   27.07692    48.51307       0                -1.741
       1893 15.77500000000   26.92972    48.35553       0                -1.774
       1894 15.78333333333   26.78180    48.19932       0                -1.454
       1895 15.79166666667   26.63317    48.04443       0                -1.422
       1896 15.80000000000   26.48384    47.89086       0                -1.101
       1897 15.80833333333   26.33382    47.73861       0                -1.018
       1898 15.81666666667   26.18312    47.58768       0                -1.029
       1899 15.82500000000   26.03175    47.43806       0                -0.944
       1900 15.83333333333   25.87971    47.28974       0                -0.902
       1901 15.84166666667   25.72701    47.14274       0                -0.776
       1902 15.85000000000   25.57366    46.99703       0                -0.518
       1903 15.85833333333   25.41968    46.85262       0                -0.233
       1904 15.86666666667   25.26506    46.70951       0                -0.271
       1905 15.87500000000   25.10981    46.56769       0                -0.210
       1906 15.88333333333   24.95395    46.42716       0                -0.123
       1907 15.89166666667   24.79748    46.28791       0                 0.028
       1908 15.90000000000   24.64040    46.14993       0                 0.123
       1909 15.90833333333   24.48274    46.01324       0                -0.208
       1910 15.91666666667   24.32449    45.87781       0                -0.092
       1911 15.92500000000   24.16566    45.74365       0                 0.417
       1912 15.93333333333   24.00626    45.61076       0                 0.504
       1913 15.94166666667   23.84630    45.47912       0                 0.358
       1914 15.95000000000   23.68578    45.34873       0                 0.328
       1915 15.95833333333   23.52472    45.21960       0                 0.713
       1916 15.96666666667   23.36312    45.09171       0                 0.873
       1917 15.97500000000   23.20099    44.96506       0                 0.939
       1918 15.98333333333   23.03833    44.83964       0                 0.989
       1919 15.99166666667   22.87515    44.71546       0                 1.027
       1920 16.00000000000   22.71145    44.59293       0                 1.319
       1921 16.00833333333   22.54727    44.47077       0                 1.187
       1922 16.01666666667   22.38258    44.35025       0                 1.213
       1923 16.02500000000   22.21741    44.23094       0                 1.376
       1924 16.03333333333   22.05175    44.11284       0                 1.541
       1925 16.04166666667   21.88562    43.99595       0                 1.335
       1926 16.05000000000   21.71902    43.88025       0                 1.417
       1927 16.05833333333   21.55196    43.76574       0                 1.426
       1928 16.06666666667   21.38444    43.65242       0                 1.429
       1929 16.07500000000   21.21648    43.54028       0                 1.439
       1930 16.08333333333   21.04807    43.42932       0                 1.490
       1931 16.09166666667   20.87923    43.31953       0                 1.536
       1932 16.10000000000   20.70997    43.21091       0                 1.632
       1933 16.10833333333   20.54028    43.10345       0                 1.601
       1934 16.11666666667   20.37018    42.99715       0                 1.728
       1935 16.12500000000   20.19966    42.89200       0                 1.986
       1936 16.13333333333   20.02875    42.78799       0                 2.174
       1937 16.14166666667   19.85744    42.68513       0                 2.246
       1938 16.15000000000   19.68575    42.58340       0                 2.378
       1939 16.15833333333   19.51367    42.48280       0                 2.416
       1940 16.16666666667   19.34121    42.38333       0                 2.473
       1941 16.17500000000   19.16838    42.28498       0                 2.503
       1942 16.18333333333   18.99518    42.18774       0                 2.596
       1943 16.19166666667   18.82163    42.09162       0                 2.733
       1944 16.20000000000   18.64773    41.99660       0                 2.969
       1945 16.20833333333   18.47347    41.90267       0                 3.240
       1946 16.21666666667   18.29888    41.80985       0                 3.515
       1947 16.22500000000   18.12395    41.71811       0                 3.499
       1948 16.23333333333   17.94869    41.62745       0                 3.594
       1949 16.24166666667   17.77311    41.53787       0                 3.342
       1950 16.25000000000   17.59720    41.44937       0                 3.226
       1951 16.25833333333   17.42099    41.36193       0                 3.261
       1952 16.26666666667   17.24447    41.27555       0                 3.304
       1953 16.27500000000   17.06764    41.19023       0                 3.393
       1954 16.28333333333   16.89052    41.10597       0                 3.521
       1955 16.29166666667   16.71310    41.02275       0                 3.740
       1956 16.30000000000   16.53540    40.94057       0                 3.927
       1957 16.30833333333   16.35742    40.85942       0                 4.013
       1958 16.31666666667   16.17917    40.77931       0                 4.043
       1959 16.32500000000   16.00064    40.70022       0                 4.150
       1960 16.33333333333   15.82185    40.62215       0                 4.226
       1961 16.34166666667   15.64279    40.54510       0                 4.434
       1962 16.35000000000   15.46348    40.46906       0                 4.724
       1963 16.35833333333   15.28392    40.39402       0                 5.272
       1964 16.36666666667   15.10412    40.31998       0                 5.558
       1965 16.37500000000   14.92407    40.24693       0                 6.057
       1966 16.38333333333   14.74379    40.17488       0                 6.054
       1967 16.39166666667   14.56327    40.10380       0                 6.093
       1968 16.40000000000   14.38253    40.03371       0                 6.125
       1969 16.40833333333   14.20157    39.96459       0                 6.244
       1970 16.41666666667   14.02039    39.89644       0                 6.384
       1971 16.42500000000   13.83899    39.82925       0                 6.481
       1972 16.43333333333   13.65739    39.76302       0                 6.719
       1973 16.44166666667   13.47558    39.69774       0                 6.937
       1974 16.45000000000   13.29358    39.63341       0                 7.126
       1975 16.45833333333   13.11137    39.57002       0                 7.242
       1976 16.46666666667   12.92898    39.50757       0                 7.450
       1977 16.47500000000   12.74640    39.44606       0                 7.485
       1978 16.48333333333   12.56364    39.38547       0                 7.478
       1979 16.49166666667   12.38070    39.32580       0                 7.631
       1980 16.50000000000   12.19758    39.26706       0                 7.860
       1981 16.50833333333   12.01430    39.20922       0                 8.023
       1982 16.51666666667   11.83084    39.15230       0                 8.162
       1983 16.52500000000   11.64723    39.09628       0                 8.362
       1984 16.53333333333   11.46345    39.04115       0                 8.602
       1985 16.54166666667   11.27953    38.98692       0                 8.697
       1986 16.55000000000   11.09545    38.93358       0                 8.717
       1987 16.55833333333   10.91122    38.88113       0                 8.899
       1988 16.56666666667   10.72685    38.82955       0                 9.061
       1989 16.57500000000   10.54235    38.77885       0                 9.146
       1990 16.58333333333   10.35770    38.72901       0                 9.292
       1991 16.59166666667   10.17293    38.68005       0                 9.496
       1992 16.60000000000    9.98802    38.63194       0                 9.628
       1993 16.60833333333    9.80300    38.58469       0                 9.947
       1994 16.61666666667    9.61785    38.53829       0                 9.959
       1995 16.62500000000    9.43258    38.49274       0                10.092
       1996 16.63333333333    9.24720    38.44803       0                10.219
       1997 16.64166666667    9.06170    38.40416       0                10.517
       1998 16.65000000000    8.87610    38.36112       0                10.991
       1999 16.65833333333    8.69040    38.31890       0                11.037
       2000 16.66666666667    8.50459    38.27752       0                11.237
       2001 16.67500000000    8.31869    38.23695       0                11.300
       2002 16.68333333333    8.13269    38.19720       0                11.443
       2003 16.69166666667    7.94660    38.15826       0                11.577
       2004 16.70000000000    7.76042    38.12012       0                11.624
       2005 16.70833333333    7.57416    38.08279       0                11.733
       2006 16.71666666667    7.38781    38.04625       0                12.045
       2007 16.72500000000    7.20139    38.01051       0                12.570
       2008 16.73333333333    7.01489    37.97556       0                12.636
       2009 16.74166666667    6.82832    37.94139       0                12.942
       2010 16.75000000000    6.64167    37.90800       0                12.959
       2011 16.75833333333    6.45496    37.87539       0                13.415
       2012 16.76666666667    6.26819    37.84355       0                13.580
       2013 16.77500000000    6.08135    37.81248       0                14.141
       2014 16.78333333333    5.89446    37.78217       0                14.279
       2015 16.79166666667    5.70751    37.75262       0                14.666
       2016 16.80000000000    5.52050    37.72383       0                14.704
       2017 16.80833333333    5.33345    37.69579       0                14.892
       2018 16.81666666667    5.14634    37.66850       0                15.357
