# Created on 2018-12-12 16:17:50 
# Sources: d:\gpsother\tec-suite\in\2015\abcd0770.15d.Z, d:\gpsother\tec-suite\in\2015\brdc0770.15g.Z
# Satellite: R09 (k = -2.0)
# Interval: 30.0
# Sampling interval: 0.0 (not used).
# Site: abcd
# Position (L, B, H): 253.601641965, 52.1962622634, 578.574894483
# Position (X, Y, Z): -1106129.71, -3758704.03, 5016675.77
# datetime format: %Y-%m-%dT%H:%M:%S
# Columns: tsn, hour, el, az, validity, tec.l1l2
# (I11,1X,F14.11,1X,F10.5,1X,F11.5,1X,I7,1X,F21.3)
        116  0.96666666667    5.21873   293.16743       0                 4.843
        117  0.97500000000    5.41467   293.31291       0                 5.540
        118  0.98333333333    5.61083   293.45832       0                 5.855
        119  0.99166666667    5.80720   293.60366       0                 6.052
        120  1.00000000000    6.00378   293.74893       0                 7.057
        121  1.00833333333    6.22336   293.86821       0                 6.437
        122  1.01666666667    6.42077   294.01277       0                 6.423
        123  1.02500000000    6.61849   294.15707       0                 4.735
        124  1.03333333333    6.81653   294.30110       0                 6.503
        125  1.04166666667    7.01488   294.44488       0                 4.914
        126  1.05000000000    7.21354   294.58839       0                 5.148
        127  1.05833333333    7.41252   294.73164       0                 5.202
        128  1.06666666667    7.61181   294.87464       0                 4.030
        129  1.07500000000    7.81141   295.01738       0                 5.732
        130  1.08333333333    8.01132   295.15987       0                 5.123
        131  1.09166666667    8.21154   295.30210       0                 5.064
        132  1.10000000000    8.41206   295.44409       0                 4.609
        133  1.10833333333    8.61290   295.58582       0                 4.576
        134  1.11666666667    8.81404   295.72731       0                 5.604
        135  1.12500000000    9.01548   295.86856       0                 4.844
        136  1.13333333333    9.21723   296.00956       0                 4.404
        137  1.14166666667    9.41929   296.15031       0                 6.009
        138  1.15000000000    9.62165   296.29083       0                 5.282
        139  1.15833333333    9.82431   296.43111       0                 6.148
        140  1.16666666667   10.02727   296.57116       0                 5.410
        141  1.17500000000   10.23053   296.71096       0                 4.782
        142  1.18333333333   10.43410   296.85054       0                 4.752
        143  1.19166666667   10.63797   296.98989       0                 4.201
        144  1.20000000000   10.84213   297.12900       0                 4.243
        145  1.20833333333   11.04660   297.26789       0                 4.279
        146  1.21666666667   11.25136   297.40655       0                 4.612
        147  1.22500000000   11.45643   297.54499       0                 3.146
        148  1.23333333333   11.66179   297.68321       0                 2.079
        149  1.24166666667   11.86745   297.82121       0                 1.790
        150  1.25000000000   12.06654   297.95440       0                 1.793
        151  1.25833333333   12.27967   298.09656       0                 1.998
        152  1.26666666667   12.48622   298.23391       0                 1.951
        153  1.27500000000   12.69307   298.37105       0                 1.367
        154  1.28333333333   12.90022   298.50798       0                 1.114
        155  1.29166666667   13.10766   298.64470       0                 1.010
        156  1.30000000000   13.31541   298.78122       0                 0.940
        157  1.30833333333   13.52345   298.91753       0                 0.839
        158  1.31666666667   13.73178   299.05364       0                 1.499
        159  1.32500000000   13.94042   299.18955       0                 2.405
        160  1.33333333333   14.14935   299.32527       0                 2.307
        161  1.34166666667   14.35857   299.46079       0                 2.094
        162  1.35000000000   14.56810   299.59611       0                 1.778
        163  1.35833333333   14.77792   299.73125       0                 1.578
        164  1.36666666667   14.98804   299.86620       0                 1.555
        165  1.37500000000   15.19846   300.00096       0                 1.404
        166  1.38333333333   15.40917   300.13553       0                 1.276
        167  1.39166666667   15.62019   300.26993       0                 0.987
        168  1.40000000000   15.83150   300.40414       0                 0.632
        169  1.40833333333   16.04311   300.53818       0                 0.448
        170  1.41666666667   16.25503   300.67204       0                 0.341
        171  1.42500000000   16.46724   300.80573       0                -0.071
        172  1.43333333333   16.67975   300.93924       0                 0.060
        173  1.44166666667   16.89257   301.07259       0                -0.212
        174  1.45000000000   17.10568   301.20578       0                -0.433
        175  1.45833333333   17.31910   301.33880       0                -0.671
        176  1.46666666667   17.53282   301.47166       0                -0.452
        177  1.47500000000   17.74685   301.60436       0                -0.811
        178  1.48333333333   17.96118   301.73690       0                -0.730
        179  1.49166666667   18.17581   301.86929       0                -0.755
        180  1.50000000000   18.38358   301.99713       0                -0.775
        181  1.50833333333   18.60327   302.10060       0                -0.813
        182  1.51666666667   18.81916   302.23184       0                -0.905
        183  1.52500000000   19.03538   302.36274       0                -0.997
        184  1.53333333333   19.25193   302.49331       0                -1.101
        185  1.54166666667   19.46883   302.62355       0                -1.175
        186  1.55000000000   19.68606   302.75345       0                -1.337
        187  1.55833333333   19.90362   302.88301       0                -1.503
        188  1.56666666667   20.12152   303.01224       0                -1.677
        189  1.57500000000   20.33976   303.14114       0                -1.942
        190  1.58333333333   20.55833   303.26970       0                -2.121
        191  1.59166666667   20.77723   303.39793       0                -2.311
        192  1.60000000000   20.99648   303.52583       0                -2.549
        193  1.60833333333   21.21606   303.65340       0                -2.669
        194  1.61666666667   21.43598   303.78063       0                -2.616
        195  1.62500000000   21.65623   303.90754       0                -2.803
        196  1.63333333333   21.87682   304.03411       0                -3.230
        197  1.64166666667   22.09775   304.16036       0                -3.381
        198  1.65000000000   22.31902   304.28627       0                -3.657
        199  1.65833333333   22.54063   304.41186       0                -4.024
        200  1.66666666667   22.76257   304.53711       0                -4.103
        201  1.67500000000   22.98486   304.66204       0                -4.391
        202  1.68333333333   23.20749   304.78664       0                -4.624
        203  1.69166666667   23.43046   304.91092       0                -4.754
        204  1.70000000000   23.65377   305.03487       0                -4.906
        205  1.70833333333   23.87742   305.15849       0                -5.086
        206  1.71666666667   24.10142   305.28179       0                -5.287
        207  1.72500000000   24.32576   305.40476       0                -5.535
        208  1.73333333333   24.55044   305.52740       0                -5.632
        209  1.74166666667   24.77547   305.64973       0                -5.733
        210  1.75000000000   25.00085   305.77173       0                -5.059
        211  1.75833333333   25.22658   305.89340       0                -4.808
        212  1.76666666667   25.45266   306.01475       0                -4.571
        213  1.77500000000   25.67908   306.13579       0                -4.347
        214  1.78333333333   25.90586   306.25650       0                -4.388
        215  1.79166666667   26.13299   306.37688       0                -3.964
        216  1.80000000000   26.36048   306.49695       0                -2.743
        217  1.80833333333   26.58832   306.61670       0                -3.877
        218  1.81666666667   26.81651   306.73613       0                -4.319
        219  1.82500000000   27.04506   306.85524       0                -4.339
        220  1.83333333333   27.27397   306.97403       0                -4.504
        221  1.84166666667   27.50325   307.09250       0                -5.076
        222  1.85000000000   27.73288   307.21065       0                -4.737
        223  1.85833333333   27.96287   307.32849       0                -4.754
        224  1.86666666667   28.19323   307.44601       0                -5.240
        225  1.87500000000   28.42396   307.56321       0                -5.849
        226  1.88333333333   28.65506   307.68009       0                -6.136
        227  1.89166666667   28.88652   307.79667       0                -5.893
        228  1.90000000000   29.11835   307.91292       0                -5.984
        229  1.90833333333   29.35056   308.02886       0                -5.867
        230  1.91666666667   29.58314   308.14449       0                -6.172
        231  1.92500000000   29.81610   308.25980       0                -6.054
        232  1.93333333333   30.04943   308.37480       0                -6.087
        233  1.94166666667   30.28315   308.48949       0                -5.998
        234  1.95000000000   30.51725   308.60386       0                -6.118
        235  1.95833333333   30.75173   308.71792       0                -6.185
        236  1.96666666667   30.98659   308.83167       0                -6.914
        237  1.97500000000   31.22184   308.94511       0                -7.189
        238  1.98333333333   31.45749   309.05824       0                -7.368
        239  1.99166666667   31.69352   309.17105       0                -7.004
        240  2.00000000000   31.92995   309.28356       0                -6.300
        241  2.00833333333   32.15696   309.37170       0                -5.867
        242  2.01666666667   32.39434   309.48273       0                -5.899
        243  2.02500000000   32.63206   309.59328       0                -5.418
        244  2.03333333333   32.87011   309.70336       0                -6.203
        245  2.04166666667   33.10849   309.81295       0                -6.916
        246  2.05000000000   33.34720   309.92206       0                -6.751
        247  2.05833333333   33.58625   310.03069       0                -7.340
        248  2.06666666667   33.82564   310.13883       0                -7.810
        249  2.07500000000   34.06536   310.24648       0                -7.520
        250  2.08333333333   34.30542   310.35364       0                -7.840
        251  2.09166666667   34.54581   310.46030       0                -7.767
        252  2.10000000000   34.78655   310.56646       0                -8.245
        253  2.10833333333   35.02763   310.67212       0                -8.610
        254  2.11666666667   35.26905   310.77728       0                -8.322
        255  2.12500000000   35.51081   310.88193       0                -8.109
        256  2.13333333333   35.75292   310.98607       0                -7.822
        257  2.14166666667   35.99538   311.08969       0                -7.942
        258  2.15000000000   36.23818   311.19279       0                -8.088
        259  2.15833333333   36.48133   311.29538       0                -8.518
        260  2.16666666667   36.72484   311.39744       0                -8.642
        261  2.17500000000   36.96869   311.49897       0                -8.669
        262  2.18333333333   37.21290   311.59997       0                -7.046
        263  2.19166666667   37.45746   311.70044       0                -7.151
        264  2.20000000000   37.70238   311.80036       0                -7.829
        265  2.20833333333   37.94766   311.89975       0                -7.709
        266  2.21666666667   38.19329   311.99858       0                -7.845
        267  2.22500000000   38.43929   312.09687       0                -8.128
        268  2.23333333333   38.68565   312.19460       0                -8.476
        269  2.24166666667   38.93238   312.29177       0                -9.329
        270  2.25000000000   39.17947   312.38837       0                -9.673
        271  2.25833333333   39.42693   312.48441       0                -9.780
        272  2.26666666667   39.67476   312.57987       0                -9.771
        273  2.27500000000   39.92297   312.67476       0                -9.965
        274  2.28333333333   40.17154   312.76906       0                -9.089
        275  2.29166666667   40.42049   312.86278       0                -9.712
        276  2.30000000000   40.66982   312.95590       0               -10.075
        277  2.30833333333   40.91953   313.04843       0               -10.023
        278  2.31666666667   41.16962   313.14035       0               -10.677
        279  2.32500000000   41.42009   313.23166       0               -10.167
        280  2.33333333333   41.67095   313.32236       0               -10.136
        281  2.34166666667   41.92220   313.41243       0                -9.640
        282  2.35000000000   42.17383   313.50188       0                -8.649
        283  2.35833333333   42.42585   313.59070       0                -8.943
        284  2.36666666667   42.67827   313.67888       0                -9.853
        285  2.37500000000   42.93108   313.76642       0                -8.186
        286  2.38333333333   43.18429   313.85330       0                -8.393
        287  2.39166666667   43.43790   313.93952       0                -8.664
        288  2.40000000000   43.69191   314.02508       0                -9.693
        289  2.40833333333   43.94632   314.10996       0                -9.896
        290  2.41666666667   44.20114   314.19417       0                -9.757
        291  2.42500000000   44.45636   314.27769       0                -9.839
        292  2.43333333333   44.71200   314.36051       0               -10.811
        293  2.44166666667   44.96804   314.44262       0               -11.584
        294  2.45000000000   45.22450   314.52403       0               -11.922
        295  2.45833333333   45.48138   314.60472       0               -12.191
        296  2.46666666667   45.73867   314.68467       0               -12.299
        297  2.47500000000   45.99638   314.76389       0               -12.392
        298  2.48333333333   46.25452   314.84236       0               -12.583
        299  2.49166666667   46.51308   314.92008       0               -12.416
        300  2.50000000000   46.77206   314.99703       0               -12.268
        301  2.50833333333   47.01812   315.06151       0               -12.473
        302  2.51666666667   47.27789   315.13586       0               -12.715
        303  2.52500000000   47.53794   315.20931       0               -12.593
        304  2.53333333333   47.79827   315.28185       0               -12.695
        305  2.54166666667   48.05888   315.35345       0               -12.409
        306  2.55000000000   48.31978   315.42412       0               -12.766
        307  2.55833333333   48.58097   315.49382       0               -11.927
        308  2.56666666667   48.84244   315.56255       0               -12.372
        309  2.57500000000   49.10420   315.63030       0               -11.225
        310  2.58333333333   49.36625   315.69704       0               -11.499
        311  2.59166666667   49.62858   315.76275       0               -10.777
        312  2.60000000000   49.89121   315.82743       0               -10.121
        313  2.60833333333   50.15413   315.89105       0               -10.662
        314  2.61666666667   50.41734   315.95360       0               -11.030
        315  2.62500000000   50.68084   316.01506       0               -11.179
        316  2.63333333333   50.94464   316.07540       0               -11.372
        317  2.64166666667   51.20873   316.13461       0               -11.517
        318  2.65000000000   51.47312   316.19267       0               -11.571
        319  2.65833333333   51.73781   316.24956       0               -11.439
        320  2.66666666667   52.00279   316.30526       0               -11.915
        321  2.67500000000   52.26807   316.35973       0               -12.354
        322  2.68333333333   52.53365   316.41297       0               -12.347
        323  2.69166666667   52.79953   316.46495       0               -12.771
        324  2.70000000000   53.06571   316.51563       0               -12.672
        325  2.70833333333   53.33219   316.56501       0               -12.625
        326  2.71666666667   53.59898   316.61305       0               -12.577
        327  2.72500000000   53.86606   316.65972       0               -12.627
        328  2.73333333333   54.13345   316.70500       0               -12.693
        329  2.74166666667   54.40114   316.74885       0               -12.799
        330  2.75000000000   54.66020   316.78987       0               -12.905
        331  2.75833333333   54.93744   316.83219       0               -13.036
        332  2.76666666667   55.20604   316.87160       0               -12.937
        333  2.77500000000   55.47495   316.90946       0               -12.651
        334  2.78333333333   55.74417   316.94575       0               -12.630
        335  2.79166666667   56.01369   316.98043       0               -12.735
        336  2.80000000000   56.28351   317.01345       0               -12.766
        337  2.80833333333   56.55364   317.04479       0               -12.742
        338  2.81666666667   56.82408   317.07440       0               -12.764
        339  2.82500000000   57.09482   317.10224       0               -12.694
        340  2.83333333333   57.36586   317.12828       0               -12.628
        341  2.84166666667   57.63721   317.15247       0               -12.593
        342  2.85000000000   57.90887   317.17476       0               -12.539
        343  2.85833333333   58.18082   317.19511       0               -12.609
        344  2.86666666667   58.45308   317.21348       0               -12.788
        345  2.87500000000   58.72565   317.22981       0               -12.611
        346  2.88333333333   58.99851   317.24405       0               -12.528
        347  2.89166666667   59.27167   317.25614       0               -12.544
        348  2.90000000000   59.54513   317.26604       0               -12.813
        349  2.90833333333   59.81890   317.27368       0               -12.992
        350  2.91666666667   60.09295   317.27901       0               -13.179
        351  2.92500000000   60.36730   317.28196       0               -13.209
        352  2.93333333333   60.64195   317.28247       0               -13.162
        353  2.94166666667   60.91688   317.28047       0               -13.029
        354  2.95000000000   61.19211   317.27589       0               -13.148
        355  2.95833333333   61.46762   317.26866       0               -13.017
        356  2.96666666667   61.74342   317.25871       0               -12.977
        357  2.97500000000   62.01949   317.24595       0               -13.169
        358  2.98333333333   62.29585   317.23030       0               -13.251
        359  2.99166666667   62.57248   317.21168       0               -13.284
        360  3.00000000000   62.84015   317.19077       0               -13.429
        361  3.00833333333   63.10015   317.17657       0               -13.402
        362  3.01666666667   63.37726   317.14754       0               -13.333
        363  3.02500000000   63.65446   317.11523       0               -13.511
        364  3.03333333333   63.93173   317.07953       0               -13.554
        365  3.04166666667   64.20908   317.04034       0               -13.593
        366  3.05000000000   64.48650   316.99755       0               -13.634
        367  3.05833333333   64.76398   316.95104       0               -13.625
        368  3.06666666667   65.04152   316.90068       0               -13.677
        369  3.07500000000   65.31911   316.84636       0               -13.613
        370  3.08333333333   65.59674   316.78793       0               -13.539
        371  3.09166666667   65.87442   316.72526       0               -13.615
        372  3.10000000000   66.15213   316.65820       0               -13.467
        373  3.10833333333   66.42986   316.58660       0               -12.927
        374  3.11666666667   66.70761   316.51029       0               -12.676
        375  3.12500000000   66.98537   316.42912       0               -12.738
        376  3.13333333333   67.26313   316.34290       0               -12.572
        377  3.14166666667   67.54088   316.25145       0               -12.926
        378  3.15000000000   67.81862   316.15458       0               -13.051
        379  3.15833333333   68.09632   316.05209       0               -13.261
        380  3.16666666667   68.37398   315.94375       0               -13.484
        381  3.17500000000   68.65159   315.82935       0               -13.660
        382  3.18333333333   68.92914   315.70865       0               -14.006
        383  3.19166666667   69.20660   315.58140       0               -14.314
        384  3.20000000000   69.48397   315.44734       0               -14.232
        385  3.20833333333   69.76124   315.30619       0               -14.185
        386  3.21666666667   70.03838   315.15767       0               -14.186
        387  3.22500000000   70.31539   315.00147       0               -14.240
        388  3.23333333333   70.59223   314.83726       0               -14.247
        389  3.24166666667   70.86889   314.66471       0               -14.295
        390  3.25000000000   71.13615   314.48964       0               -14.273
        391  3.25833333333   71.42161   314.29311       0               -14.381
        392  3.26666666667   71.69761   314.09329       0               -14.396
        393  3.27500000000   71.97334   313.88355       0               -14.513
        394  3.28333333333   72.24878   313.66345       0               -14.635
        395  3.29166666667   72.52390   313.43250       0               -14.680
        396  3.30000000000   72.79866   313.19022       0               -14.739
        397  3.30833333333   73.07304   312.93605       0               -14.905
        398  3.31666666667   73.34700   312.66943       0               -14.942
        399  3.32500000000   73.62051   312.38976       0               -14.831
        400  3.33333333333   73.89352   312.09639       0               -14.820
        401  3.34166666667   74.16599   311.78865       0               -14.957
        402  3.35000000000   74.43788   311.46580       0               -15.031
        403  3.35833333333   74.70914   311.12708       0               -15.085
        404  3.36666666667   74.97971   310.77166       0               -15.042
        405  3.37500000000   75.24955   310.39867       0               -15.118
        406  3.38333333333   75.51859   310.00718       0               -15.142
        407  3.39166666667   75.78678   309.59620       0               -15.142
        408  3.40000000000   76.05403   309.16466       0               -15.082
        409  3.40833333333   76.32027   308.71144       0               -15.197
        410  3.41666666667   76.58543   308.23532       0               -15.183
        411  3.42500000000   76.84942   307.73503       0               -15.273
        412  3.43333333333   77.11215   307.20918       0               -15.109
        413  3.44166666667   77.37351   306.65632       0               -15.174
        414  3.45000000000   77.63339   306.07487       0               -15.250
        415  3.45833333333   77.89168   305.46316       0               -15.293
        416  3.46666666667   78.14826   304.81942       0               -15.291
        417  3.47500000000   78.40298   304.14175       0               -15.192
        418  3.48333333333   78.65569   303.42811       0               -15.149
        419  3.49166666667   78.90623   302.67635       0               -15.092
        420  3.50000000000   79.14619   301.91127       0               -15.097
        421  3.50833333333   79.38785   301.18236       0               -15.028
        422  3.51666666667   79.63065   300.30513       0               -15.033
        423  3.52500000000   79.87043   299.38093       0               -15.023
        424  3.53333333333   80.10696   298.40699       0               -15.056
        425  3.54166666667   80.33998   297.38038       0               -15.040
        426  3.55000000000   80.56921   296.29808       0               -15.027
        427  3.55833333333   80.79436   295.15691       0               -15.066
        428  3.56666666667   81.01511   293.95363       0               -15.062
        429  3.57500000000   81.23111   292.68487       0               -15.123
        430  3.58333333333   81.44198   291.34724       0               -15.248
        431  3.59166666667   81.64733   289.93736       0               -15.223
        432  3.60000000000   81.84671   288.45187       0               -15.203
        433  3.60833333333   82.03966   286.88755       0               -15.255
        434  3.61666666667   82.22568   285.24135       0               -15.280
        435  3.62500000000   82.40425   283.51056       0               -15.192
        436  3.63333333333   82.57480   281.69286       0               -15.192
        437  3.64166666667   82.73677   279.78649       0               -15.075
        438  3.65000000000   82.88953   277.79037       0               -15.046
        439  3.65833333333   83.03247   275.70431       0               -15.088
        440  3.66666666667   83.16495   273.52912       0               -15.056
        441  3.67500000000   83.28632   271.26681       0               -15.095
        442  3.68333333333   83.39596   268.92069       0               -15.112
        443  3.69166666667   83.49325   266.49557       0               -15.125
        444  3.70000000000   83.57760   263.99775       0               -15.166
        445  3.70833333333   83.64849   261.43510       0               -15.185
        446  3.71666666667   83.70543   258.81699       0               -15.152
        447  3.72500000000   83.74802   256.15419       0               -15.050
        448  3.73333333333   83.77594   253.45862       0               -14.981
        449  3.74166666667   83.78898   250.74311       0               -14.961
        450  3.75000000000   83.78732   248.11176       0               -14.817
        451  3.75833333333   83.77004   245.30604       0               -14.820
        452  3.76666666667   83.73816   242.61144       0               -14.802
        453  3.77500000000   83.69158   239.95005       0               -14.842
        454  3.78333333333   83.63060   237.33375       0               -14.861
        455  3.79166666667   83.55560   234.77324       0               -14.741
        456  3.80000000000   83.46706   232.27784       0               -14.703
        457  3.80833333333   83.36549   229.85532       0               -14.657
        458  3.81666666667   83.25146   227.51195       0               -14.570
        459  3.82500000000   83.12558   225.25245       0               -14.518
        460  3.83333333333   82.98847   223.08007       0               -14.550
        461  3.84166666667   82.84075   220.99676       0               -14.621
        462  3.85000000000   82.68305   219.00330       0               -14.620
        463  3.85833333333   82.51598   217.09943       0               -14.621
        464  3.86666666667   82.34015   215.28405       0               -14.714
        465  3.87500000000   82.15613   213.55537       0               -14.798
        466  3.88333333333   81.96447   211.91106       0               -14.720
        467  3.89166666667   81.76568   210.34837       0               -14.668
        468  3.90000000000   81.56026   208.86427       0               -14.646
        469  3.90833333333   81.34867   207.45550       0               -14.648
        470  3.91666666667   81.13135   206.11872       0               -14.566
        471  3.92500000000   80.90868   204.85054       0               -14.512
        472  3.93333333333   80.68104   203.64756       0               -14.427
        473  3.94166666667   80.44878   202.50645       0               -14.393
        474  3.95000000000   80.21222   201.42393       0               -14.250
        475  3.95833333333   79.97166   200.39686       0               -14.369
        476  3.96666666667   79.72736   199.42219       0               -14.380
        477  3.97500000000   79.47958   198.49703       0               -14.439
        478  3.98333333333   79.22855   197.61861       0               -14.418
        479  3.99166666667   78.97449   196.78429       0               -14.386
        480  4.00000000000   78.72620   196.01737       0               -14.371
        481  4.00833333333   78.49297   195.18872       0               -14.423
        482  4.01666666667   78.23091   194.47287       0               -14.386
        483  4.02500000000   77.96670   193.79157       0               -14.323
        484  4.03333333333   77.70049   193.14284       0               -14.353
        485  4.04166666667   77.43239   192.52484       0               -14.437
        486  4.05000000000   77.16253   191.93585       0               -14.423
        487  4.05833333333   76.89102   191.37424       0               -14.400
        488  4.06666666667   76.61795   190.83851       0               -14.342
        489  4.07500000000   76.34343   190.32724       0               -14.135
        490  4.08333333333   76.06754   189.83910       0               -14.211
        491  4.09166666667   75.79035   189.37286       0               -14.157
        492  4.10000000000   75.51196   188.92735       0               -14.055
        493  4.10833333333   75.23241   188.50148       0               -14.121
        494  4.11666666667   74.95179   188.09423       0               -14.141
        495  4.12500000000   74.67015   187.70466       0               -14.048
        496  4.13333333333   74.38755   187.33186       0               -14.037
        497  4.14166666667   74.10404   186.97499       0               -13.988
        498  4.15000000000   73.81967   186.63327       0               -13.919
        499  4.15833333333   73.53449   186.30595       0               -14.065
        500  4.16666666667   73.24854   185.99233       0               -13.997
        501  4.17500000000   72.96187   185.69177       0               -13.928
        502  4.18333333333   72.67450   185.40365       0               -13.934
        503  4.19166666667   72.38648   185.12738       0               -13.946
        504  4.20000000000   72.09784   184.86242       0               -14.038
        505  4.20833333333   71.80862   184.60825       0               -13.971
        506  4.21666666667   71.51884   184.36440       0               -13.987
        507  4.22500000000   71.22853   184.13040       0               -14.059
        508  4.23333333333   70.93772   183.90583       0               -14.124
        509  4.24166666667   70.64644   183.69026       0               -14.079
        510  4.25000000000   70.35470   183.48332       0               -13.991
        511  4.25833333333   70.06254   183.28465       0               -13.926
        512  4.26666666667   69.76998   183.09389       0               -13.895
        513  4.27500000000   69.47703   182.91072       0               -13.826
        514  4.28333333333   69.18372   182.73483       0               -13.801
        515  4.29166666667   68.89006   182.56592       0               -13.742
        516  4.30000000000   68.59608   182.40373       0               -13.657
        517  4.30833333333   68.30179   182.24797       0               -13.560
        518  4.31666666667   68.00720   182.09841       0               -13.539
        519  4.32500000000   67.71234   181.95480       0               -13.531
        520  4.33333333333   67.41722   181.81692       0               -13.515
        521  4.34166666667   67.12185   181.68456       0               -13.471
        522  4.35000000000   66.82625   181.55749       0               -13.348
        523  4.35833333333   66.53043   181.43554       0               -13.338
        524  4.36666666667   66.23441   181.31852       0               -13.315
        525  4.37500000000   65.93819   181.20624       0               -13.251
        526  4.38333333333   65.64179   181.09855       0               -13.199
        527  4.39166666667   65.34522   180.99527       0               -13.216
        528  4.40000000000   65.04850   180.89625       0               -13.251
        529  4.40833333333   64.75162   180.80136       0               -13.271
        530  4.41666666667   64.45462   180.71044       0               -13.282
        531  4.42500000000   64.15748   180.62336       0               -13.224
        532  4.43333333333   63.86023   180.54000       0               -13.254
        533  4.44166666667   63.56288   180.46023       0               -13.185
        534  4.45000000000   63.26543   180.38394       0               -13.188
        535  4.45833333333   62.96789   180.31101       0               -13.188
        536  4.46666666667   62.67027   180.24134       0               -13.199
        537  4.47500000000   62.37259   180.17482       0               -13.165
        538  4.48333333333   62.07485   180.11135       0               -13.103
        539  4.49166666667   61.77705   180.05085       0               -13.096
        540  4.50000000000   61.47921   179.99321       0               -13.089
        541  4.50833333333   61.19177   179.86262       0               -13.088
        542  4.51666666667   60.89392   179.81130       0               -13.048
        543  4.52500000000   60.59612   179.76208       0               -13.033
        544  4.53333333333   60.29836   179.71489       0               -13.022
        545  4.54166666667   60.00066   179.66968       0               -12.926
        546  4.55000000000   59.70301   179.62640       0               -12.926
        547  4.55833333333   59.40542   179.58497       0               -12.913
        548  4.56666666667   59.10789   179.54536       0               -12.904
        549  4.57500000000   58.81044   179.50751       0               -12.906
        550  4.58333333333   58.51305   179.47137       0               -12.927
        551  4.59166666667   58.21575   179.43690       0               -12.912
        552  4.60000000000   57.91852   179.40404       0               -12.840
        553  4.60833333333   57.62137   179.37276       0               -12.801
        554  4.61666666667   57.32432   179.34301       0               -12.767
        555  4.62500000000   57.02735   179.31475       0               -12.736
        556  4.63333333333   56.73048   179.28794       0               -12.741
        557  4.64166666667   56.43371   179.26255       0               -12.717
        558  4.65000000000   56.13704   179.23853       0               -12.699
        559  4.65833333333   55.84047   179.21586       0               -12.706
        560  4.66666666667   55.54402   179.19450       0               -12.702
        561  4.67500000000   55.24768   179.17441       0               -12.648
        562  4.68333333333   54.95145   179.15557       0               -12.600
        563  4.69166666667   54.65535   179.13794       0               -12.535
        564  4.70000000000   54.35936   179.12149       0               -12.504
        565  4.70833333333   54.06351   179.10620       0               -12.497
        566  4.71666666667   53.76778   179.09204       0               -12.395
        567  4.72500000000   53.47219   179.07898       0               -12.352
        568  4.73333333333   53.17673   179.06700       0               -12.352
        569  4.74166666667   52.88141   179.05606       0               -12.404
        570  4.75000000000   52.58624   179.04616       0               -12.416
        571  4.75833333333   52.29121   179.03726       0               -12.444
        572  4.76666666667   51.99633   179.02933       0               -12.451
        573  4.77500000000   51.70160   179.02237       0               -12.444
        574  4.78333333333   51.40704   179.01635       0               -12.390
        575  4.79166666667   51.11262   179.01124       0               -12.315
        576  4.80000000000   50.81838   179.00704       0               -12.296
        577  4.80833333333   50.52429   179.00371       0               -12.357
        578  4.81666666667   50.23038   179.00124       0               -12.342
        579  4.82500000000   49.93664   178.99961       0               -12.323
        580  4.83333333333   49.64307   178.99881       0               -12.232
        581  4.84166666667   49.34968   178.99881       0               -12.094
        582  4.85000000000   49.05647   178.99961       0               -11.988
        583  4.85833333333   48.76345   179.00118       0               -11.948
        584  4.86666666667   48.47061   179.00351       0               -11.941
        585  4.87500000000   48.17797   179.00659       0               -11.986
        586  4.88333333333   47.88551   179.01040       0               -12.020
        587  4.89166666667   47.59326   179.01492       0               -11.993
        588  4.90000000000   47.30120   179.02015       0               -12.010
        589  4.90833333333   47.00934   179.02606       0               -12.034
        590  4.91666666667   46.71769   179.03265       0               -12.003
        591  4.92500000000   46.42625   179.03991       0               -12.066
        592  4.93333333333   46.13502   179.04781       0               -11.970
        593  4.94166666667   45.84400   179.05636       0               -11.868
        594  4.95000000000   45.55321   179.06553       0               -11.940
        595  4.95833333333   45.26263   179.07532       0               -12.034
        596  4.96666666667   44.97227   179.08572       0               -12.073
        597  4.97500000000   44.68214   179.09671       0               -11.809
        598  4.98333333333   44.39224   179.10829       0               -11.765
        599  4.99166666667   44.10257   179.12044       0               -11.776
        600  5.00000000000   43.81314   179.13316       0               -11.724
        601  5.00833333333   43.52504   179.08462       0               -11.783
        602  5.01666666667   43.23607   179.09850       0               -11.729
        603  5.02500000000   42.94734   179.11250       0               -11.691
        604  5.03333333333   42.65886   179.12663       0               -11.746
        605  5.04166666667   42.37063   179.14088       0               -11.737
        606  5.05000000000   42.08265   179.15526       0               -11.722
        607  5.05833333333   41.79492   179.16976       0               -11.745
        608  5.06666666667   41.50744   179.18437       0               -11.756
        609  5.07500000000   41.22021   179.19911       0               -11.789
        610  5.08333333333   40.93324   179.21396       0               -11.734
        611  5.09166666667   40.64653   179.22892       0               -11.684
        612  5.10000000000   40.36008   179.24400       0               -11.607
        613  5.10833333333   40.07388   179.25920       0               -11.600
        614  5.11666666667   39.78795   179.27450       0               -11.516
        615  5.12500000000   39.50228   179.28992       0               -11.657
        616  5.13333333333   39.21688   179.30544       0               -11.728
        617  5.14166666667   38.93174   179.32107       0               -11.765
        618  5.15000000000   38.64687   179.33681       0               -11.762
        619  5.15833333333   38.36227   179.35265       0               -11.784
        620  5.16666666667   38.07795   179.36860       0               -11.630
        621  5.17500000000   37.79389   179.38465       0               -11.654
        622  5.18333333333   37.51011   179.40081       0               -11.596
        623  5.19166666667   37.22660   179.41706       0               -11.493
        624  5.20000000000   36.94337   179.43342       0               -11.360
        625  5.20833333333   36.66042   179.44987       0               -11.242
        626  5.21666666667   36.37775   179.46643       0               -11.402
        627  5.22500000000   36.09536   179.48308       0               -11.563
        628  5.23333333333   35.81325   179.49984       0               -11.659
        629  5.24166666667   35.53143   179.51668       0               -11.602
        630  5.25000000000   35.24990   179.53363       0               -11.656
        631  5.25833333333   34.96865   179.55067       0               -11.606
        632  5.26666666667   34.68769   179.56780       0               -11.477
        633  5.27500000000   34.40702   179.58503       0               -11.467
        634  5.28333333333   34.12664   179.60235       0               -11.357
        635  5.29166666667   33.84656   179.61976       0               -11.565
        636  5.30000000000   33.56677   179.63726       0               -11.422
        637  5.30833333333   33.28727   179.65486       0               -11.318
        638  5.31666666667   33.00807   179.67254       0               -11.207
        639  5.32500000000   32.72917   179.69032       0               -11.180
        640  5.33333333333   32.45057   179.70819       0               -11.208
        641  5.34166666667   32.17227   179.72614       0               -11.065
        642  5.35000000000   31.89428   179.74419       0               -10.973
        643  5.35833333333   31.61658   179.76232       0               -11.000
        644  5.36666666667   31.33920   179.78054       0               -11.085
        645  5.37500000000   31.06211   179.79885       0               -10.973
        646  5.38333333333   30.78534   179.81724       0               -11.006
        647  5.39166666667   30.50887   179.83572       0               -10.890
        648  5.40000000000   30.23272   179.85429       0               -10.802
        649  5.40833333333   29.95687   179.87294       0               -10.562
        650  5.41666666667   29.68134   179.89168       0               -10.592
        651  5.42500000000   29.40612   179.91050       0               -10.754
        652  5.43333333333   29.13121   179.92941       0               -10.811
        653  5.44166666667   28.85662   179.94840       0               -10.555
        654  5.45000000000   28.58235   179.96748       0               -10.646
        655  5.45833333333   28.30839   179.98664       0               -10.558
        656  5.46666666667   28.03475   180.00588       0               -10.793
        657  5.47500000000   27.76143   180.02521       0               -10.953
        658  5.48333333333   27.48844   180.04462       0               -11.128
        659  5.49166666667   27.21576   180.06411       0               -11.242
        660  5.50000000000   18.92222   180.52223       0               -11.020
        661  5.50833333333   18.66002   180.53537       0               -11.186
        662  5.51666666667   18.39816   180.54832       0               -11.036
        663  5.52500000000   18.13664   180.56110       0               -11.032
        664  5.53333333333   17.87546   180.57370       0               -11.175
        665  5.54166666667   17.61462   180.58612       0               -11.163
        666  5.55000000000   17.35412   180.59837       0               -10.914
        667  5.55833333333   17.09395   180.61045       0               -10.831
        668  5.56666666667   16.83413   180.62235       0               -10.727
        669  5.57500000000   16.57465   180.63409       0               -10.757
        670  5.58333333333   16.31550   180.64566       0               -10.418
        671  5.59166666667   16.05670   180.65706       0               -10.375
        672  5.60000000000   15.79823   180.66830       0               -10.365
        673  5.60833333333   15.54011   180.67937       0               -10.181
        674  5.61666666667   15.28232   180.69029       0               -10.025
        675  5.62500000000   15.02488   180.70104       0               -10.146
        676  5.63333333333   14.76777   180.71164       0               -10.142
        677  5.64166666667   14.51100   180.72208       0               -10.027
        678  5.65000000000   14.25458   180.73236       0                -9.999
        679  5.65833333333   13.99849   180.74250       0                -9.824
        680  5.66666666667   13.74274   180.75248       0                -9.694
        681  5.67500000000   13.48733   180.76230       0                -9.644
        682  5.68333333333   13.23226   180.77198       0                -9.600
        683  5.69166666667   12.97753   180.78152       0                -9.559
        684  5.70000000000   12.72314   180.79090       0                -9.434
        685  5.70833333333   12.46909   180.80014       0                -9.087
        686  5.71666666667   12.21537   180.80924       0                -9.212
        687  5.72500000000   11.96199   180.81819       0                -9.266
        688  5.73333333333   11.70895   180.82700       0                -9.493
        689  5.74166666667   11.45624   180.83567       0                -9.608
        690  5.75000000000   18.92222   180.52223       0                -9.742
        691  5.75833333333   18.66002   180.53537       0                -9.766
        692  5.76666666667   18.39816   180.54832       0                -9.756
        693  5.77500000000   18.13664   180.56110       0                -9.799
        694  5.78333333333   17.87546   180.57370       0                -9.894
        695  5.79166666667   17.61462   180.58612       0                -9.711
        696  5.80000000000   17.35412   180.59837       0                -9.709
        697  5.80833333333   17.09395   180.61045       0                -9.572
        698  5.81666666667   16.83413   180.62235       0                -9.466
        699  5.82500000000   16.57465   180.63409       0                -9.471
        700  5.83333333333   16.31550   180.64566       0                -9.455
        701  5.84166666667   16.05670   180.65706       0                -9.319
        702  5.85000000000   15.79823   180.66830       0                -9.224
        703  5.85833333333   15.54011   180.67937       0                -8.947
        704  5.86666666667   15.28232   180.69029       0                -8.860
        705  5.87500000000   15.02488   180.70104       0                -8.804
        706  5.88333333333   14.76777   180.71164       0                -8.469
        707  5.89166666667   14.51100   180.72208       0                -8.753
        708  5.90000000000   14.25458   180.73236       0                -8.251
        709  5.90833333333   13.99849   180.74250       0                -8.379
        710  5.91666666667   13.74274   180.75248       0                -8.147
        711  5.92500000000   13.48733   180.76230       0                -8.022
        712  5.93333333333   13.23226   180.77198       0                -6.268
        713  5.94166666667   12.97753   180.78152       0                -5.107
        714  5.95000000000   12.72314   180.79090       0                -5.397
        715  5.95833333333   12.46909   180.80014       0                -5.112
        716  5.96666666667   12.21537   180.80924       0                -5.328
        717  5.97500000000   11.96199   180.81819       0                -5.187
        718  5.98333333333   11.70895   180.82700       0                -6.770
        719  5.99166666667   11.45624   180.83567       0                -4.234
        720  6.00000000000   11.20388   180.84420       0                -4.242
        721  6.00833333333   10.95635   180.81065       0                -7.469
        722  6.01666666667   10.70457   180.81841       0                -8.792
        723  6.02500000000   10.45315   180.82576       0                -5.355
        724  6.03333333333   10.20210   180.83270       0                -4.549
        725  6.04166666667    9.95141   180.83923       0                -6.326
        726  6.05000000000    9.70109   180.84536       0                -6.047
        727  6.05833333333    9.45113   180.85108       0                -5.524
        728  6.06666666667    9.20154   180.85641       0                -5.369
        729  6.07500000000    8.95231   180.86134       0                -4.824
        730  6.08333333333    8.70345   180.86588       0                -4.371
        731  6.09166666667    8.45496   180.87002       0                -4.261
        732  6.10000000000    8.20683   180.87377      80                 0.000
        733  6.10833333333    7.95907   180.87714      80                 0.000
        734  6.11666666667    7.71167   180.88012       0                -4.460
        735  6.12500000000    7.46464   180.88271       0                -6.098
        736  6.13333333333    7.21797   180.88493       0                -6.223
        737  6.14166666667    6.97167   180.88676       0                -5.971
        738  6.15000000000    6.72573   180.88822       0                -5.326
        739  6.15833333333    6.48016   180.88930       0                -5.181
        740  6.16666666667    6.23495   180.89001       0                -4.866
        741  6.17500000000    5.99010   180.89034       0                -4.501
        742  6.18333333333    5.74562   180.89031       0                -4.173
        743  6.19166666667    5.50150   180.88990       0                -3.955
        744  6.20000000000    5.25775   180.88913       0                -3.724
        745  6.20833333333    5.01435   180.88799       0                -3.220
       1465 12.20833333333    5.25333    67.82862       0                -2.382
       1466 12.21666666667    5.42332    67.65123       0                -2.871
       1467 12.22500000000    5.59279    67.47316       0                -2.900
       1468 12.23333333333    5.76174    67.29442       0                -2.588
       1469 12.24166666667    5.93017    67.11500       0                -2.624
       1470 12.25000000000    6.09806    66.93491       0                -2.475
       1471 12.25833333333    6.26541    66.75414       0                -2.010
       1472 12.26666666667    6.43222    66.57268       0                -2.589
       1473 12.27500000000    6.59848    66.39054      80                 0.000
       1474 12.28333333333    6.76418    66.20772       0                -3.265
       1475 12.29166666667    6.92933    66.02420       0                -2.396
       1476 12.30000000000    7.09390    65.84000       0                -1.917
       1477 12.30833333333    7.25791    65.65510       0                -1.677
       1478 12.31666666667    7.42134    65.46951      80                 0.000
       1479 12.32500000000    7.58418    65.28322       0                -1.303
       1480 12.33333333333    7.74644    65.09623      80                 0.000
       1481 12.34166666667    7.90810    64.90853       0                -0.236
       1482 12.35000000000    8.06917    64.72013    4432                 0.000
       1483 12.35833333333    8.22962    64.53103       0                 0.660
       1484 12.36666666667    8.38947    64.34121       0                 0.485
       1485 12.37500000000    8.54870    64.15069       0                 0.760
       1486 12.38333333333    8.70730    63.95945       0                 0.846
       1487 12.39166666667    8.86528    63.76750       0                 0.419
       1488 12.40000000000    9.02263    63.57483       0                 0.296
       1489 12.40833333333    9.17933    63.38144       0                -0.095
       1490 12.41666666667    9.33539    63.18733       0                -0.858
       1491 12.42500000000    9.49079    62.99250       0                -1.210
       1492 12.43333333333    9.64554    62.79694       0                -1.505
       1493 12.44166666667    9.79963    62.60065       0                -1.841
       1494 12.45000000000    9.95305    62.40364       0                -1.948
       1495 12.45833333333   10.10579    62.20589       0                -1.971
       1496 12.46666666667   10.25785    62.00741       0                -2.322
       1497 12.47500000000   10.40923    61.80820       0                -2.486
       1498 12.48333333333   10.55991    61.60825       0                -2.639
       1499 12.49166666667   10.70990    61.40757       0                -2.356
       1500 12.50000000000   10.85918    61.20614      80                 0.000
       1501 12.50833333333   10.98500    60.99503       0                -2.385
       1502 12.51666666667   11.13231    60.79175       0                -2.665
       1503 12.52500000000   11.27874    60.58768       0                -1.193
       1504 12.53333333333   11.42428    60.38280       0                -0.978
       1505 12.54166666667   11.56894    60.17713       0                -3.459
       1506 12.55000000000   11.71270    59.97066       0                -1.125
       1507 12.55833333333   11.85555    59.76340       0                -2.942
       1508 12.56666666667   11.99749    59.55534       0                -0.335
       1509 12.57500000000   12.13851    59.34648       0                -1.142
       1510 12.58333333333   12.27860    59.13683       0                -3.401
       1511 12.59166666667   12.41776    58.92640       0                -3.395
       1512 12.60000000000   12.55597    58.71516       0                -3.720
       1513 12.60833333333   12.69323    58.50314       0                -4.157
       1514 12.61666666667   12.82954    58.29033       0                -4.189
       1515 12.62500000000   12.96487    58.07674       0                -4.240
       1516 12.63333333333   13.09924    57.86235       0                -4.299
       1517 12.64166666667   13.23262    57.64719       0                -4.564
       1518 12.65000000000   13.36502    57.43124       0                -4.551
       1519 12.65833333333   13.49642    57.21451       0                -4.574
       1520 12.66666666667   13.62682    56.99699       0                -4.487
       1521 12.67500000000   13.75620    56.77870       0                -4.419
       1522 12.68333333333   13.88457    56.55964       0                -4.379
       1523 12.69166666667   14.01192    56.33980       0                -4.198
       1524 12.70000000000   14.13823    56.11919       0                -4.205
       1525 12.70833333333   14.26350    55.89781       0                -4.355
       1526 12.71666666667   14.38772    55.67566       0                -4.468
       1527 12.72500000000   14.51089    55.45275       0                -4.593
       1528 12.73333333333   14.63300    55.22908       0                -4.898
       1529 12.74166666667   14.75404    55.00464       0                -5.027
       1530 12.75000000000   14.87400    54.77945       0                -5.051
       1531 12.75833333333   14.99288    54.55351       0                -5.079
       1532 12.76666666667   15.11067    54.32681       0                -5.273
       1533 12.77500000000   15.22736    54.09936       0                -5.521
       1534 12.78333333333   15.34295    53.87117       0                -5.469
       1535 12.79166666667   15.45743    53.64224       0                -5.459
       1536 12.80000000000   15.57079    53.41256       0                -5.206
       1537 12.80833333333   15.68302    53.18215       0                -5.152
       1538 12.81666666667   15.79412    52.95101       0                -5.081
       1539 12.82500000000   15.90409    52.71914       0                -5.020
       1540 12.83333333333   16.01290    52.48655       0                -5.036
       1541 12.84166666667   16.12057    52.25323       0                -5.001
       1542 12.85000000000   16.22707    52.01919       0                -4.983
       1543 12.85833333333   16.33241    51.78444       0                -5.067
       1544 12.86666666667   16.43658    51.54898       0                -5.218
       1545 12.87500000000   16.53956    51.31282       0                -5.413
       1546 12.88333333333   16.64136    51.07595       0                -5.658
       1547 12.89166666667   16.74197    50.83839       0                -5.717
       1548 12.90000000000   16.84138    50.60013       0                -5.592
       1549 12.90833333333   16.93958    50.36119       0                -5.515
       1550 12.91666666667   17.03657    50.12156       0                -5.533
       1551 12.92500000000   17.13235    49.88125       0                -5.427
       1552 12.93333333333   17.22689    49.64027       0                -5.299
       1553 12.94166666667   17.32021    49.39862       0                -5.069
       1554 12.95000000000   17.41229    49.15631       0                -5.038
       1555 12.95833333333   17.50313    48.91334       0                -5.081
       1556 12.96666666667   17.59271    48.66972       0                -5.153
       1557 12.97500000000   17.68104    48.42544       0                -5.162
       1558 12.98333333333   17.76811    48.18053       0                -5.083
       1559 12.99166666667   17.85392    47.93498       0                -5.062
       1560 13.00000000000   17.93845    47.68880       0                -4.976
       1561 13.00833333333   18.00403    47.45159       0                -4.940
       1562 13.01666666667   18.08544    47.20408       0                -5.105
       1563 13.02500000000   18.16543    46.95602       0                -5.360
       1564 13.03333333333   18.24401    46.70744       0                -5.391
       1565 13.04166666667   18.32118    46.45833       0                -5.588
       1566 13.05000000000   18.39691    46.20871       0                -5.681
       1567 13.05833333333   18.47122    45.95858       0                -5.571
       1568 13.06666666667   18.54409    45.70796       0                -5.846
       1569 13.07500000000   18.61551    45.45686       0                -5.757
       1570 13.08333333333   18.68549    45.20528       0                -5.836
       1571 13.09166666667   18.75401    44.95323       0                -5.817
       1572 13.10000000000   18.82107    44.70073       0                -5.792
       1573 13.10833333333   18.88667    44.44779       0                -5.773
       1574 13.11666666667   18.95080    44.19440       0                -5.861
       1575 13.12500000000   19.01346    43.94059       0                -5.864
       1576 13.13333333333   19.07464    43.68637       0                -5.622
       1577 13.14166666667   19.13433    43.43174       0                -5.780
       1578 13.15000000000   19.19253    43.17671       0                -5.708
       1579 13.15833333333   19.24924    42.92130       0                -5.665
       1580 13.16666666667   19.30446    42.66552       0                -5.589
       1581 13.17500000000   19.35817    42.40937       0                -5.595
       1582 13.18333333333   19.41037    42.15286       0                -5.337
       1583 13.19166666667   19.46107    41.89602       0                -5.320
       1584 13.20000000000   19.51025    41.63884       0                -5.220
       1585 13.20833333333   19.55791    41.38135       0                -5.232
       1586 13.21666666667   19.60405    41.12354       0                -5.172
       1587 13.22500000000   19.64867    40.86543       0                -5.231
       1588 13.23333333333   19.69176    40.60704       0                -5.138
       1589 13.24166666667   19.73331    40.34837       0                -4.996
       1590 13.25000000000   19.77333    40.08944       0                -4.647
       1591 13.25833333333   19.81181    39.83025       0                -4.406
       1592 13.26666666667   19.84875    39.57082       0                -4.233
       1593 13.27500000000   19.88414    39.31116       0                -4.271
       1594 13.28333333333   19.91799    39.05128       0                -4.484
       1595 13.29166666667   19.95029    38.79119       0                -4.713
       1596 13.30000000000   19.98103    38.53090       0                -4.992
       1597 13.30833333333   20.01022    38.27043       0                -5.126
       1598 13.31666666667   20.03785    38.00979       0                -5.267
       1599 13.32500000000   20.06393    37.74898       0                -5.154
       1600 13.33333333333   20.08844    37.48803       0                -5.232
       1601 13.34166666667   20.11139    37.22693       0                -5.190
       1602 13.35000000000   20.13277    36.96571       0                -5.159
       1603 13.35833333333   20.15259    36.70438       0                -5.118
       1604 13.36666666667   20.17084    36.44294       0                -5.159
       1605 13.37500000000   20.18751    36.18141       0                -5.239
       1606 13.38333333333   20.20262    35.91981       0                -5.314
       1607 13.39166666667   20.21616    35.65813       0                -5.256
       1608 13.40000000000   20.22812    35.39640       0                -5.263
       1609 13.40833333333   20.23851    35.13463       0                -5.271
       1610 13.41666666667   20.24732    34.87282       0                -5.313
       1611 13.42500000000   20.25456    34.61100       0                -5.361
       1612 13.43333333333   20.26022    34.34917       0                -5.459
       1613 13.44166666667   20.26430    34.08734       0                -5.496
       1614 13.45000000000   20.26681    33.82553       0                -5.355
       1615 13.45833333333   20.26774    33.56374       0                -5.507
       1616 13.46666666667   20.26709    33.30200       0                -5.237
       1617 13.47500000000   20.26486    33.04031       0                -5.280
       1618 13.48333333333   20.26106    32.77868       0                -5.215
       1619 13.49166666667   20.25568    32.51713       0                -5.624
       1620 13.50000000000   20.24872    32.25566       0                -5.432
       1621 13.50833333333   20.23506    32.01721       0                -5.505
       1622 13.51666666667   20.22452    31.75616       0                -5.550
       1623 13.52500000000   20.21237    31.49540       0                -5.516
       1624 13.53333333333   20.19862    31.23493       0                -5.347
       1625 13.54166666667   20.18326    30.97477       0                -5.363
       1626 13.55000000000   20.16631    30.71493       0                -5.220
       1627 13.55833333333   20.14776    30.45542       0                -5.320
       1628 13.56666666667   20.12762    30.19625       0                -5.156
       1629 13.57500000000   20.10589    29.93744       0                -5.182
       1630 13.58333333333   20.08256    29.67901       0                -4.968
       1631 13.59166666667   20.05765    29.42095       0                -5.097
       1632 13.60000000000   20.03116    29.16329       0                -4.755
       1633 13.60833333333   20.00308    28.90603       0                -5.035
       1634 13.61666666667   19.97342    28.64919       0                -4.970
       1635 13.62500000000   19.94219    28.39278       0                -4.970
       1636 13.63333333333   19.90939    28.13682       0                -5.106
       1637 13.64166666667   19.87502    27.88130       0                -5.239
       1638 13.65000000000   19.83908    27.62625       0                -5.252
       1639 13.65833333333   19.80158    27.37168       0                -5.251
       1640 13.66666666667   19.76252    27.11759       0                -5.239
       1641 13.67500000000   19.72191    26.86400       0                -5.200
       1642 13.68333333333   19.67974    26.61093       0                -5.053
       1643 13.69166666667   19.63603    26.35837       0                -5.098
       1644 13.70000000000   19.59078    26.10634       0                -5.153
       1645 13.70833333333   19.54399    25.85485       0                -5.118
       1646 13.71666666667   19.49567    25.60392       0                -5.077
       1647 13.72500000000   19.44581    25.35355       0                -5.098
       1648 13.73333333333   19.39443    25.10375       0                -5.010
       1649 13.74166666667   19.34153    24.85453       0                -5.026
       1650 13.75000000000   19.28711    24.60591       0                -4.997
       1651 13.75833333333   19.23118    24.35788       0                -5.115
       1652 13.76666666667   19.17375    24.11047       0                -5.087
       1653 13.77500000000   19.11482    23.86369       0                -4.979
       1654 13.78333333333   19.05438    23.61753       0                -4.935
       1655 13.79166666667   18.99246    23.37201       0                -4.959
       1656 13.80000000000   18.92905    23.12714       0                -4.927
       1657 13.80833333333   18.86416    22.88293       0                -4.771
       1658 13.81666666667   18.79780    22.63939       0                -4.711
       1659 13.82500000000   18.72996    22.39652       0                -4.794
       1660 13.83333333333   18.66067    22.15433       0                -4.725
       1661 13.84166666667   18.58991    21.91284       0                -4.565
       1662 13.85000000000   18.51770    21.67205       0                -4.499
       1663 13.85833333333   18.44404    21.43196       0                -4.510
       1664 13.86666666667   18.36895    21.19259       0                -4.262
       1665 13.87500000000   18.29241    20.95395       0                -4.156
       1666 13.88333333333   18.21445    20.71604       0                -4.035
       1667 13.89166666667   18.13507    20.47886       0                -4.138
       1668 13.90000000000   18.05427    20.24243       0                -4.033
       1669 13.90833333333   17.97206    20.00676       0                -4.100
       1670 13.91666666667   17.88844    19.77184       0                -4.019
       1671 13.92500000000   17.80342    19.53770       0                -4.003
       1672 13.93333333333   17.71702    19.30432       0                -3.891
       1673 13.94166666667   17.62923    19.07173       0                -3.833
       1674 13.95000000000   17.54006    18.83992       0                -3.801
       1675 13.95833333333   17.44951    18.60891       0                -3.745
       1676 13.96666666667   17.35760    18.37869       0                -3.623
       1677 13.97500000000   17.26434    18.14928       0                -3.619
       1678 13.98333333333   17.16972    17.92068       0                -3.516
       1679 13.99166666667   17.07375    17.69290       0                -3.645
       1680 14.00000000000   16.97645    17.46593       0                -3.260
       1681 14.00833333333   16.88688    17.26159       0                -3.597
       1682 14.01666666667   16.78668    17.03667       0                -3.438
       1683 14.02500000000   16.68522    16.81274       0                -3.188
       1684 14.03333333333   16.58252    16.58979       0                -3.245
       1685 14.04166666667   16.47857    16.36783       0                -3.379
       1686 14.05000000000   16.37340    16.14687       0                -2.975
       1687 14.05833333333   16.26700    15.92690       0                -2.980
       1688 14.06666666667   16.15939    15.70794       0                -3.100
       1689 14.07500000000   16.05057    15.48998       0                -3.035
       1690 14.08333333333   15.94055    15.27302       0                -3.109
       1691 14.09166666667   15.82933    15.05708       0                -2.977
       1692 14.10000000000   15.71693    14.84215       0                -2.575
       1693 14.10833333333   15.60335    14.62823       0                -2.644
       1694 14.11666666667   15.48860    14.41533       0                -2.646
       1695 14.12500000000   15.37268    14.20345       0                -2.929
       1696 14.13333333333   15.25561    13.99260       0                -4.250
       1697 14.14166666667   15.13739    13.78277       0                -2.358
       1698 14.15000000000   15.01803    13.57396       0                -2.842
       1699 14.15833333333   14.89753    13.36619       0                -3.086
       1700 14.16666666667   14.77591    13.15944       0                -2.987
       1701 14.17500000000   14.65317    12.95373       0                -2.678
       1702 14.18333333333   14.52932    12.74904       0                -2.582
       1703 14.19166666667   14.40436    12.54539       0                -3.125
       1704 14.20000000000   14.27831    12.34278       0                -5.065
       1705 14.20833333333   14.15117    12.14120       0                -5.008
       1706 14.21666666667   14.02294    11.94066       0                -4.848
       1707 14.22500000000   13.89364    11.74116       0                -3.869
       1708 14.23333333333   13.76328    11.54270       0                -2.484
       1709 14.24166666667   13.63186    11.34527       0                -2.570
       1710 14.25000000000   13.49938    11.14889       0                -2.262
       1711 14.25833333333   13.36587    10.95354       0                -2.188
       1712 14.26666666667   13.23131    10.75924       0                -1.848
       1713 14.27500000000   13.09573    10.56597       0                -2.022
       1714 14.28333333333   12.95912    10.37374       0                -1.825
       1715 14.29166666667   12.82150    10.18256       0                -1.859
       1716 14.30000000000   12.68287     9.99241       0                -1.927
       1717 14.30833333333   12.54325     9.80331       0                -3.093
       1718 14.31666666667   12.40263     9.61524       0                -4.130
       1719 14.32500000000   12.26103     9.42821       0                -3.854
       1720 14.33333333333   12.11845     9.24222       0                -4.070
       1721 14.34166666667   11.97490     9.05727       0                -4.853
       1722 14.35000000000   11.83038     8.87335       0                -3.849
       1723 14.35833333333   11.68491     8.69047       0                -3.915
       1724 14.36666666667   11.53850     8.50863       0                -3.982
       1725 14.37500000000   11.39114     8.32781       0                -3.861
       1726 14.38333333333   11.24285     8.14804       0                -3.800
       1727 14.39166666667   11.09363     7.96929       0                -3.688
       1728 14.40000000000   10.94350     7.79157       0                -3.765
       1729 14.40833333333   10.79245     7.61488       0                -3.824
       1730 14.41666666667   10.64050     7.43922       0                -3.438
       1731 14.42500000000   10.48765     7.26459       0                -3.212
       1732 14.43333333333   10.33391     7.09098       0                -3.947
       1733 14.44166666667   10.17929     6.91839       0                -3.844
       1734 14.45000000000   10.02379     6.74683       0                -3.928
       1735 14.45833333333    9.86743     6.57629      80                 0.000
       1736 14.46666666667    9.71020     6.40676       0                -5.113
       1737 14.47500000000    9.55212     6.23825       0                -5.368
       1738 14.48333333333    9.39319     6.07075       0                -5.790
       1739 14.49166666667    9.23343     5.90427       0                -3.868
       1740 14.50000000000    9.07283     5.73880       0                -3.153
       1741 14.50833333333    8.92803     5.58353       0                -3.859
       1742 14.51666666667    8.76571     5.42049       0                -2.168
       1743 14.52500000000    8.60269     5.25852       0                -3.876
       1744 14.53333333333    8.43897     5.09760       0                -2.966
       1745 14.54166666667    8.27456     4.93774       0                -5.747
       1746 14.55000000000    8.10948     4.77893       0                -3.915
       1747 14.55833333333    7.94371     4.62117      80                 0.000
       1748 14.56666666667    7.77728     4.46446       0                -5.970
       1749 14.57500000000    7.61018     4.30878       0                -4.009
       1750 14.58333333333    7.44243     4.15415       0                -2.377
       1751 14.59166666667    7.27402     4.00054       0                -1.659
       1752 14.60000000000    7.10496     3.84797       0                -1.191
       1753 14.60833333333    6.93527     3.69642       0                -2.143
       1754 14.61666666667    6.76493     3.54590       0                -4.855
       1755 14.62500000000    6.59397     3.39640       0                -3.748
       1756 14.63333333333    6.42238     3.24791       0                -6.046
       1757 14.64166666667    6.25017     3.10044       0                -6.364
       1758 14.65000000000    6.07735     2.95397       0                -4.412
       1759 14.65833333333    5.90392     2.80851       0                -2.303
       1760 14.66666666667    5.72989     2.66405       0                -2.356
       1761 14.67500000000    5.55525     2.52059       0                -2.978
       1762 14.68333333333    5.38003     2.37812       0                -2.087
       1763 14.69166666667    5.20422     2.23664       0                -2.527
       1764 14.70000000000    5.02783     2.09614       0                -2.836
       2751 22.92500000000    5.24581   266.45890       0                15.219
       2752 22.93333333333    5.43380   266.62583       0                14.780
       2753 22.94166666667    5.62185   266.79297       0                15.094
       2754 22.95000000000    5.80996   266.96036      80                 0.000
       2755 22.95833333333    5.99811   267.12797      80                 0.000
       2756 22.96666666667    6.18632   267.29582    4096                15.316
       2757 22.97500000000    6.37457   267.46392      80                 0.000
       2758 22.98333333333    6.56286   267.63225    4432                 0.000
       2759 22.99166666667    6.75120   267.80084    4432                 0.000
       2760 23.00000000000    6.93957   267.96968      80                 0.000
       2761 23.00833333333    7.15302   268.10574    4432                 0.000
       2762 23.01666666667    7.34184   268.27463      80                 0.000
       2763 23.02500000000    7.53087   268.44357    4432                 0.000
       2764 23.03333333333    7.72009   268.61255      80                 0.000
       2765 23.04166666667    7.90952   268.78159      80                 0.000
       2766 23.05000000000    8.09913   268.95068      80                 0.000
       2767 23.05833333333    8.28895   269.11982       0                66.457
       2768 23.06666666667    8.47895   269.28903       0                66.044
       2769 23.07500000000    8.66915   269.45830       0                67.008
       2770 23.08333333333    8.85953   269.62763       0                66.028
       2771 23.09166666667    9.05010   269.79703       0                67.328
       2772 23.10000000000    9.24086   269.96650       0                66.329
       2773 23.10833333333    9.43179   270.13605       0                66.170
       2774 23.11666666667    9.62291   270.30567      80                 0.000
       2775 23.12500000000    9.81421   270.47538       0                67.188
       2776 23.13333333333   10.00568   270.64517       0                66.303
       2777 23.14166666667   10.19733   270.81504       0                66.126
       2778 23.15000000000   10.38915   270.98501       0                67.413
       2779 23.15833333333   10.58114   271.15507       0                65.643
       2780 23.16666666667   10.77330   271.32523    4432                 0.000
       2781 23.17500000000   10.96563   271.49548    4432                 0.000
       2782 23.18333333333   11.15813   271.66584       0                65.497
       2783 23.19166666667   11.35078   271.83631       0                66.196
       2784 23.20000000000   11.54360   272.00689       0                65.726
       2785 23.20833333333   11.73658   272.17758       0                66.623
       2786 23.21666666667   11.92972   272.34839       0                66.511
       2787 23.22500000000   12.12301   272.51932       0                66.756
       2788 23.23333333333   12.31646   272.69038       0                65.801
       2789 23.24166666667   12.51006   272.86156       0                65.858
       2790 23.25000000000   12.70381   273.03287       0                65.353
       2791 23.25833333333   12.89771   273.20432       0                65.358
       2792 23.26666666667   13.09176   273.37591       0                64.884
       2793 23.27500000000   13.28595   273.54764       0                65.193
       2794 23.28333333333   13.48029   273.71952       0                64.879
       2795 23.29166666667   13.67476   273.89155       0                64.589
       2796 23.30000000000   13.86938   274.06373       0                64.510
       2797 23.30833333333   14.06414   274.23606       0                64.329
       2798 23.31666666667   14.25903   274.40856       0                64.336
       2799 23.32500000000   14.45406   274.58123       0                64.115
       2800 23.33333333333   14.64922   274.75406       0                63.988
       2801 23.34166666667   14.84451   274.92707       0                63.692
       2802 23.35000000000   15.03993   275.10026       0                63.804
       2803 23.35833333333   15.23548   275.27362       0                63.163
       2804 23.36666666667   15.43115   275.44718       0                63.208
       2805 23.37500000000   15.62695   275.62092       0                62.934
       2806 23.38333333333   15.82288   275.79485       0                63.079
       2807 23.39166666667   16.01892   275.96899       0                62.619
       2808 23.40000000000   16.21509   276.14333       0                62.691
       2809 23.40833333333   16.41137   276.31787       0                62.556
       2810 23.41666666667   16.60777   276.49263       0                62.728
       2811 23.42500000000   16.80428   276.66760       0                62.486
       2812 23.43333333333   17.00091   276.84279       0                62.476
       2813 23.44166666667   17.19765   277.01820       0                62.482
       2814 23.45000000000   17.39450   277.19385       0                62.411
       2815 23.45833333333   17.59146   277.36973       0                62.280
       2816 23.46666666667   17.78852   277.54585       0                62.244
       2817 23.47500000000   17.98569   277.72221       0                62.077
       2818 23.48333333333   18.18297   277.89882       0                62.125
       2819 23.49166666667   18.38034   278.07568       0                62.073
       2820 23.50000000000   18.57782   278.25280       0                62.061
       2821 23.50833333333   18.80162   278.40280       0                61.846
       2822 23.51666666667   18.99978   278.57985       0                61.929
       2823 23.52500000000   19.19817   278.75694       0                61.918
       2824 23.53333333333   19.39678   278.93409       0                61.679
       2825 23.54166666667   19.59562   279.11130       0                61.826
       2826 23.55000000000   19.79469   279.28857       0                61.685
       2827 23.55833333333   19.99397   279.46590       0                61.635
       2828 23.56666666667   20.19348   279.64329       0                61.880
       2829 23.57500000000   20.39321   279.82076       0                61.906
       2830 23.58333333333   20.59315   279.99830       0                61.916
       2831 23.59166666667   20.79331   280.17592       0                61.826
       2832 23.60000000000   20.99369   280.35362       0                61.976
       2833 23.60833333333   21.19428   280.53141       0                62.356
       2834 23.61666666667   21.39508   280.70928       0                62.191
       2835 23.62500000000   21.59609   280.88725       0                62.668
       2836 23.63333333333   21.79732   281.06531       0                62.632
       2837 23.64166666667   21.99875   281.24347       0                62.854
       2838 23.65000000000   22.20039   281.42174       0                62.997
       2839 23.65833333333   22.40224   281.60011       0                63.101
       2840 23.66666666667   22.60429   281.77860       0                63.213
       2841 23.67500000000   22.80654   281.95720       0                63.267
       2842 23.68333333333   23.00900   282.13592       0                63.231
       2843 23.69166666667   23.21166   282.31477       0                63.506
       2844 23.70000000000   23.41452   282.49374       0                63.370
       2845 23.70833333333   23.61758   282.67285       0                63.586
       2846 23.71666666667   23.82084   282.85209       0                63.584
       2847 23.72500000000   24.02430   283.03148       0                63.639
       2848 23.73333333333   24.22795   283.21101       0                63.747
       2849 23.74166666667   24.43180   283.39070       0                63.772
       2850 23.75000000000   24.62904   283.56454       0                63.799
       2851 23.75833333333   24.84009   283.75053       0                63.752
       2852 23.76666666667   25.04452   283.93070       0                63.684
       2853 23.77500000000   25.24914   284.11103       0                63.566
       2854 23.78333333333   25.45396   284.29154       0                63.375
       2855 23.79166666667   25.65896   284.47222       0                63.150
       2856 23.80000000000   25.86416   284.65310       0                62.955
       2857 23.80833333333   26.06954   284.83416       0                62.710
       2858 23.81666666667   26.27511   285.01542       0                62.494
       2859 23.82500000000   26.48087   285.19687       0                62.116
       2860 23.83333333333   26.68682   285.37854       0                61.788
       2861 23.84166666667   26.89295   285.56041       0                61.559
       2862 23.85000000000   27.09927   285.74250       0                61.205
       2863 23.85833333333   27.30577   285.92481       0                60.856
       2864 23.86666666667   27.51246   286.10735       0                60.628
       2865 23.87500000000   27.71933   286.29013       0                60.384
       2866 23.88333333333   27.92639   286.47314       0                59.944
       2867 23.89166666667   28.13362   286.65640       0                59.659
       2868 23.90000000000   28.34104   286.83991       0                59.380
       2869 23.90833333333   28.54864   287.02368       0                59.034
       2870 23.91666666667   28.75642   287.20772       0                58.737
       2871 23.92500000000   28.96439   287.39202       0                58.492
       2872 23.93333333333   29.17253   287.57660       0                58.169
       2873 23.94166666667   29.38085   287.76147       0                57.761
       2874 23.95000000000   29.58935   287.94662       0                57.303
       2875 23.95833333333   29.79803   288.13207       0                56.826
       2876 23.96666666667   30.00689   288.31783       0                56.200
       2877 23.97500000000   30.21592   288.50389       0                55.489
       2878 23.98333333333   30.42514   288.69027       0                54.941
       2879 23.99166666667   30.63453   288.87698       0                54.073
