# Created on 2018-12-12 16:17:50 
# Sources: d:\gpsother\tec-suite\in\2015\abcd0770.15d.Z, d:\gpsother\tec-suite\in\2015\brdc0770.15n.Z
# Satellite: G17
# Interval: 30.0
# Sampling interval: 0.0 (not used).
# Site: abcd
# Position (L, B, H): 253.601641965, 52.1962622634, 578.574894483
# Position (X, Y, Z): -1106129.71, -3758704.03, 5016675.77
# datetime format: %Y-%m-%dT%H:%M:%S
# Columns: tsn, hour, el, az, validity, tec.l1l2
# (I11,1X,F14.11,1X,F10.5,1X,F11.5,1X,I7,1X,F21.3)
        116  0.96666666667    5.03298   199.77108       0                 4.534
        117  0.97500000000    5.24057   199.78908       0                 4.485
        118  0.98333333333    5.44839   199.80742       0                 4.532
        119  0.99166666667    5.65642   199.82611       0                 4.579
        120  1.00000000000    5.86468   199.84513       0                 4.653
        121  1.00833333333    6.07316   199.86449       0                 4.686
        122  1.01666666667    6.28186   199.88418       0                 4.728
        123  1.02500000000    6.49078   199.90421       0                 4.716
        124  1.03333333333    6.69992   199.92457       0                 4.661
        125  1.04166666667    6.90928   199.94526       0                 4.787
        126  1.05000000000    7.11886   199.96627       0                 4.900
        127  1.05833333333    7.32865   199.98762       0                 4.948
        128  1.06666666667    7.53867   200.00929       0                 5.071
        129  1.07500000000    7.74890   200.03128       0                 5.152
        130  1.08333333333    7.95935   200.05360       0                 5.104
        131  1.09166666667    8.17001   200.07624       0                 4.961
        132  1.10000000000    8.38090   200.09920       0                 4.816
        133  1.10833333333    8.59199   200.12247       0                 4.385
        134  1.11666666667    8.80331   200.14606       0                 3.817
        135  1.12500000000    9.01483   200.16997       0                 3.191
        136  1.13333333333    9.22658   200.19418       0                 2.373
        137  1.14166666667    9.43853   200.21871       0                 1.512
        138  1.15000000000    9.65070   200.24355       0                 0.528
        139  1.15833333333    9.86309   200.26870       0                -0.485
        140  1.16666666667   10.07568   200.29416       0                -1.578
        141  1.17500000000   10.28849   200.31992       0                -2.625
        142  1.18333333333   10.50151   200.34598       0                -3.695
        143  1.19166666667   10.71475   200.37235       0                -4.809
        144  1.20000000000   10.92819   200.39902       0                -5.925
        145  1.20833333333   11.14184   200.42598       0                -7.053
        146  1.21666666667   11.35571   200.45325       0                -8.172
        147  1.22500000000   11.56978   200.48081       0                -9.229
        148  1.23333333333   11.78407   200.50866       0               -10.287
        149  1.24166666667   11.99856   200.53681       0               -11.283
        150  1.25000000000   12.21326   200.56525       0               -12.252
        151  1.25833333333   12.42817   200.59398       0               -13.230
        152  1.26666666667   12.64329   200.62300       0               -14.179
        153  1.27500000000   12.85862   200.65231       0               -15.251
        154  1.28333333333   13.07415   200.68190       0               -16.195
        155  1.29166666667   13.28989   200.71177       0               -17.112
        156  1.30000000000   13.50583   200.74193       0               -18.006
        157  1.30833333333   13.72198   200.77237       0               -18.833
        158  1.31666666667   13.93834   200.80309       0               -19.618
        159  1.32500000000   14.15490   200.83409       0               -20.396
        160  1.33333333333   14.37167   200.86537       0               -21.145
        161  1.34166666667   14.58864   200.89692       0               -21.887
        162  1.35000000000   14.80581   200.92874       0               -22.599
        163  1.35833333333   15.02319   200.96084       0               -23.286
        164  1.36666666667   15.24076   200.99320       0               -23.940
        165  1.37500000000   15.45855   201.02584       0               -24.683
        166  1.38333333333   15.67653   201.05874       0               -25.335
        167  1.39166666667   15.89471   201.09192       0               -26.091
        168  1.40000000000   16.11310   201.12535       0               -26.804
        169  1.40833333333   16.33169   201.15905       0               -27.459
        170  1.41666666667   16.55048   201.19301       0               -28.153
        171  1.42500000000   16.76946   201.22723       0               -28.774
        172  1.43333333333   16.98865   201.26171       0               -29.272
        173  1.44166666667   17.20803   201.29645       0               -29.838
        174  1.45000000000   17.42762   201.33144       0               -30.398
        175  1.45833333333   17.64740   201.36669       0               -30.935
        176  1.46666666667   17.86738   201.40219       0               -31.385
        177  1.47500000000   18.08756   201.43794       0               -31.893
        178  1.48333333333   18.30793   201.47395       0               -32.386
        179  1.49166666667   18.52850   201.51020       0               -32.947
        180  1.50000000000   18.74926   201.54669       0               -33.494
        181  1.50833333333   18.97023   201.58344       0               -34.058
        182  1.51666666667   19.19138   201.62042       0               -34.515
        183  1.52500000000   19.41273   201.65765       0               -34.934
        184  1.53333333333   19.63428   201.69512       0               -35.184
        185  1.54166666667   19.85601   201.73283       0               -35.503
        186  1.55000000000   20.07795   201.77078       0               -35.859
        187  1.55833333333   20.30007   201.80897       0               -36.193
        188  1.56666666667   20.52239   201.84739       0               -36.595
        189  1.57500000000   20.74489   201.88604       0               -36.880
        190  1.58333333333   20.96759   201.92492       0               -37.184
        191  1.59166666667   21.19048   201.96404       0               -37.332
        192  1.60000000000   21.41356   202.00338       0               -37.472
        193  1.60833333333   21.63684   202.04295       0               -37.572
        194  1.61666666667   21.86030   202.08275       0               -37.523
        195  1.62500000000   22.08394   202.12277       0               -37.641
        196  1.63333333333   22.30778   202.16301       0               -37.634
        197  1.64166666667   22.53181   202.20348       0               -37.678
        198  1.65000000000   22.75602   202.24416       0               -37.864
        199  1.65833333333   22.98042   202.28507       0               -37.897
        200  1.66666666667   23.20501   202.32618       0               -37.961
        201  1.67500000000   23.42978   202.36752       0               -38.164
        202  1.68333333333   23.65474   202.40906       0               -38.462
        203  1.69166666667   23.87988   202.45082       0               -38.852
        204  1.70000000000   24.10520   202.49279       0               -39.273
        205  1.70833333333   24.33072   202.53496       0               -39.578
        206  1.71666666667   24.55641   202.57735       0               -39.847
        207  1.72500000000   24.78229   202.61994       0               -40.330
        208  1.73333333333   25.00835   202.66273       0               -40.665
        209  1.74166666667   25.23459   202.70572       0               -40.888
        210  1.75000000000   25.46101   202.74891       0               -41.178
        211  1.75833333333   25.68762   202.79231       0               -41.360
        212  1.76666666667   25.91440   202.83589       0               -41.554
        213  1.77500000000   26.14136   202.87968       0               -41.772
        214  1.78333333333   26.36851   202.92366       0               -41.871
        215  1.79166666667   26.59583   202.96783       0               -41.880
        216  1.80000000000   26.82333   203.01218       0               -41.921
        217  1.80833333333   27.05100   203.05673       0               -41.875
        218  1.81666666667   27.27886   203.10147       0               -41.843
        219  1.82500000000   27.50689   203.14639       0               -41.931
        220  1.83333333333   27.73509   203.19149       0               -42.046
        221  1.84166666667   27.96347   203.23677       0               -42.281
        222  1.85000000000   28.19203   203.28224       0               -42.691
        223  1.85833333333   28.42076   203.32788       0               -42.899
        224  1.86666666667   28.64966   203.37370       0               -43.183
        225  1.87500000000   28.87874   203.41969       0               -43.133
        226  1.88333333333   29.10799   203.46585       0               -43.373
        227  1.89166666667   29.33741   203.51219       0               -43.481
        228  1.90000000000   29.56700   203.55869       0               -43.614
        229  1.90833333333   29.79676   203.60536       0               -43.828
        230  1.91666666667   30.02669   203.65220       0               -43.999
        231  1.92500000000   30.25679   203.69920       0               -44.179
        232  1.93333333333   30.48706   203.74636       0               -44.412
        233  1.94166666667   30.71750   203.79368       0               -44.535
        234  1.95000000000   30.94810   203.84115       0               -44.677
        235  1.95833333333   31.17887   203.88879       0               -44.859
        236  1.96666666667   31.40981   203.93657       0               -45.077
        237  1.97500000000   31.64091   203.98451       0               -45.218
        238  1.98333333333   31.87218   204.03259       0               -45.349
        239  1.99166666667   32.10361   204.08083       0               -45.553
        240  2.00000000000   32.33522   204.12920       0               -45.674
        241  2.00833333333   32.56696   204.17773       0               -45.815
        242  2.01666666667   32.79888   204.22639       0               -45.852
        243  2.02500000000   33.03096   204.27519       0               -46.052
        244  2.03333333333   33.26320   204.32413       0               -46.226
        245  2.04166666667   33.49560   204.37321       0               -46.422
        246  2.05000000000   33.72816   204.42241       0               -46.571
        247  2.05833333333   33.96087   204.47175       0               -46.744
        248  2.06666666667   34.19375   204.52121       0               -46.939
        249  2.07500000000   34.42678   204.57080       0               -47.072
        250  2.08333333333   34.65997   204.62052       0               -47.203
        251  2.09166666667   34.89331   204.67035       0               -47.431
        252  2.10000000000   35.12681   204.72030       0               -47.543
        253  2.10833333333   35.36046   204.77037       0               -47.554
        254  2.11666666667   35.59427   204.82056       0               -47.606
        255  2.12500000000   35.82823   204.87085       0               -47.603
        256  2.13333333333   36.06234   204.92126       0               -47.619
        257  2.14166666667   36.29660   204.97177       0               -47.720
        258  2.15000000000   36.53101   205.02239       0               -47.828
        259  2.15833333333   36.76557   205.07310       0               -47.897
        260  2.16666666667   37.00028   205.12392       0               -47.840
        261  2.17500000000   37.23514   205.17483       0               -47.865
        262  2.18333333333   37.47014   205.22584       0               -47.852
        263  2.19166666667   37.70529   205.27694       0               -47.787
        264  2.20000000000   37.94059   205.32813       0               -47.763
        265  2.20833333333   38.17603   205.37940       0               -47.734
        266  2.21666666667   38.41161   205.43076       0               -47.698
        267  2.22500000000   38.64734   205.48219       0               -47.752
        268  2.23333333333   38.88321   205.53370       0               -47.794
        269  2.24166666667   39.11922   205.58529       0               -47.737
        270  2.25000000000   39.35537   205.63695       0               -47.680
        271  2.25833333333   39.59166   205.68868       0               -47.695
        272  2.26666666667   39.82809   205.74047       0               -47.824
        273  2.27500000000   40.06465   205.79232       0               -47.878
        274  2.28333333333   40.30136   205.84424       0               -47.930
        275  2.29166666667   40.53820   205.89621       0               -48.027
        276  2.30000000000   40.77517   205.94823       0               -48.125
        277  2.30833333333   41.01228   206.00030       0               -48.097
        278  2.31666666667   41.24952   206.05242       0               -48.258
        279  2.32500000000   41.48689   206.10458       0               -48.186
        280  2.33333333333   41.72439   206.15678       0               -48.275
        281  2.34166666667   41.96203   206.20901       0               -48.346
        282  2.35000000000   42.19979   206.26128       0               -48.395
        283  2.35833333333   42.43768   206.31358       0               -48.436
        284  2.36666666667   42.67570   206.36590       0               -48.567
        285  2.37500000000   42.91385   206.41824       0               -48.640
        286  2.38333333333   43.15212   206.47060       0               -48.755
        287  2.39166666667   43.39052   206.52297       0               -48.752
        288  2.40000000000   43.62904   206.57536       0               -48.834
        289  2.40833333333   43.86768   206.62774       0               -48.833
        290  2.41666666667   44.10644   206.68013       0               -48.959
        291  2.42500000000   44.34532   206.73252       0               -49.041
        292  2.43333333333   44.58433   206.78490       0               -49.255
        293  2.44166666667   44.82345   206.83727       0               -49.185
        294  2.45000000000   45.06269   206.88962       0               -49.362
        295  2.45833333333   45.30204   206.94196       0               -49.480
        296  2.46666666667   45.54151   206.99426       0               -49.429
        297  2.47500000000   45.78110   207.04654       0               -49.631
        298  2.48333333333   46.02080   207.09879       0               -49.561
        299  2.49166666667   46.26061   207.15099       0               -49.483
        300  2.50000000000   46.50053   207.20316       0               -49.491
        301  2.50833333333   46.74056   207.25527       0               -49.425
        302  2.51666666667   46.98070   207.30733       0               -49.571
        303  2.52500000000   47.22094   207.35933       0               -49.931
        304  2.53333333333   47.46130   207.41127       0               -50.240
        305  2.54166666667   47.70175   207.46313       0               -50.326
        306  2.55000000000   47.94232   207.51492       0               -50.355
        307  2.55833333333   48.18298   207.56663       0               -50.248
        308  2.56666666667   48.42375   207.61826       0               -50.008
        309  2.57500000000   48.66461   207.66979       0               -50.041
        310  2.58333333333   48.90558   207.72122       0               -50.009
        311  2.59166666667   49.14665   207.77254       0               -50.177
        312  2.60000000000   49.38781   207.82376       0               -50.254
        313  2.60833333333   49.62907   207.87486       0               -50.450
        314  2.61666666667   49.87042   207.92583       0               -50.622
        315  2.62500000000   50.11186   207.97667       0               -50.806
        316  2.63333333333   50.35340   208.02738       0               -50.870
        317  2.64166666667   50.59503   208.07794       0               -50.973
        318  2.65000000000   50.83675   208.12834       0               -50.924
        319  2.65833333333   51.07855   208.17859       0               -50.767
        320  2.66666666667   51.32045   208.22867       0               -50.626
        321  2.67500000000   51.56243   208.27858       0               -50.557
        322  2.68333333333   51.80449   208.32830       0               -50.516
        323  2.69166666667   52.04663   208.37783       0               -50.521
        324  2.70000000000   52.28886   208.42717       0               -50.595
        325  2.70833333333   52.53117   208.47629       0               -50.673
        326  2.71666666667   52.77356   208.52520       0               -50.564
        327  2.72500000000   53.01602   208.57389       0               -50.569
        328  2.73333333333   53.25856   208.62234       0               -50.549
        329  2.74166666667   53.50118   208.67055       0               -50.505
        330  2.75000000000   53.74387   208.71850       0               -50.521
        331  2.75833333333   53.98663   208.76619       0               -50.539
        332  2.76666666667   54.22946   208.81361       0               -50.684
        333  2.77500000000   54.47236   208.86075       0               -50.709
        334  2.78333333333   54.71533   208.90759       0               -50.725
        335  2.79166666667   54.95837   208.95412       0               -50.531
        336  2.80000000000   55.20146   209.00034       0               -50.065
        337  2.80833333333   55.44463   209.04623       0               -49.982
        338  2.81666666667   55.68785   209.09179       0               -50.135
        339  2.82500000000   55.93114   209.13699       0               -50.318
        340  2.83333333333   56.17448   209.18183       0               -50.498
        341  2.84166666667   56.41788   209.22629       0               -50.650
        342  2.85000000000   56.66134   209.27036       0               -50.767
        343  2.85833333333   56.90485   209.31402       0               -50.924
        344  2.86666666667   57.14841   209.35727       0               -50.351
        345  2.87500000000   57.39202   209.40009       0               -50.339
        346  2.88333333333   57.63568   209.44246       0               -49.903
        347  2.89166666667   57.87939   209.48437       0               -50.042
        348  2.90000000000   58.12315   209.52580       0               -50.139
        349  2.90833333333   58.36695   209.56674       0               -50.163
        350  2.91666666667   58.61079   209.60717       0               -50.303
        351  2.92500000000   58.85467   209.64707       0               -50.363
        352  2.93333333333   59.09860   209.68642       0               -50.199
        353  2.94166666667   59.34256   209.72522       0               -50.157
        354  2.95000000000   59.58655   209.76343       0               -50.252
        355  2.95833333333   59.83058   209.80104       0               -50.193
        356  2.96666666667   60.07464   209.83803       0               -50.370
        357  2.97500000000   60.31873   209.87438       0               -50.673
        358  2.98333333333   60.56284   209.91006       0               -50.599
        359  2.99166666667   60.80699   209.94507       0               -50.745
        360  3.00000000000   61.05116   209.97936       0               -50.855
        361  3.00833333333   61.29535   210.01293       0               -50.763
        362  3.01666666667   61.53956   210.04574       0               -50.767
        363  3.02500000000   61.78379   210.07777       0               -50.556
        364  3.03333333333   62.02803   210.10899       0               -50.531
        365  3.04166666667   62.27229   210.13939       0               -50.697
        366  3.05000000000   62.51657   210.16892       0               -50.811
        367  3.05833333333   62.76085   210.19757       0               -50.856
        368  3.06666666667   63.00514   210.22530       0               -50.755
        369  3.07500000000   63.24944   210.25208       0               -50.742
        370  3.08333333333   63.49373   210.27788       0               -50.761
        371  3.09166666667   63.73804   210.30266       0               -50.885
        372  3.10000000000   63.98234   210.32641       0               -50.583
        373  3.10833333333   64.22663   210.34907       0               -50.850
        374  3.11666666667   64.47092   210.37061       0               -50.566
        375  3.12500000000   64.71521   210.39099       0               -50.401
        376  3.13333333333   64.95948   210.41018       0               -50.238
        377  3.14166666667   65.20374   210.42813       0               -50.786
        378  3.15000000000   65.44798   210.44480       0               -50.449
        379  3.15833333333   65.69221   210.46015       0               -50.846
        380  3.16666666667   65.93641   210.47412       0               -51.459
        381  3.17500000000   66.18060   210.48668       0               -50.858
        382  3.18333333333   66.42475   210.49778       0               -51.321
        383  3.19166666667   66.66888   210.50735       0               -51.337
        384  3.20000000000   66.91297   210.51535       0               -51.330
        385  3.20833333333   67.15703   210.52172       0               -51.021
        386  3.21666666667   67.40105   210.52640       0               -50.788
        387  3.22500000000   67.64503   210.52934       0               -50.720
        388  3.23333333333   67.88897   210.53046       0               -50.693
        389  3.24166666667   68.13286   210.52971       0               -51.003
        390  3.25000000000   68.37670   210.52700       0               -50.703
        391  3.25833333333   68.62048   210.52228       0               -50.551
        392  3.26666666667   68.86421   210.51546       0               -50.724
        393  3.27500000000   69.10787   210.50646       0               -50.876
        394  3.28333333333   69.35147   210.49521       0               -50.849
        395  3.29166666667   69.59500   210.48162       0               -50.469
        396  3.30000000000   69.83846   210.46558       0               -50.802
        397  3.30833333333   70.08184   210.44702       0               -50.722
        398  3.31666666667   70.32514   210.42583       0               -51.147
        399  3.32500000000   70.56835   210.40191       0               -51.777
        400  3.33333333333   70.81148   210.37515       0               -52.280
        401  3.34166666667   71.05451   210.34543       0               -52.519
        402  3.35000000000   71.29743   210.31263       0               -52.642
        403  3.35833333333   71.54026   210.27662       0               -52.824
        404  3.36666666667   71.78297   210.23728       0               -52.716
        405  3.37500000000   72.02557   210.19446       0               -52.671
        406  3.38333333333   72.26805   210.14801       0               -52.691
        407  3.39166666667   72.51040   210.09778       0               -52.574
        408  3.40000000000   72.75262   210.04361       0               -52.569
        409  3.40833333333   72.99470   209.98531       0               -52.731
        410  3.41666666667   73.23663   209.92272       0               -52.575
        411  3.42500000000   73.47841   209.85563       0               -52.697
        412  3.43333333333   73.72003   209.78384       0               -52.835
        413  3.44166666667   73.96148   209.70714       0               -52.786
        414  3.45000000000   74.20275   209.62529       0               -52.817
        415  3.45833333333   74.44384   209.53806       0               -52.998
        416  3.46666666667   74.68474   209.44518       0               -53.407
        417  3.47500000000   74.92544   209.34639       0               -53.324
        418  3.48333333333   75.16592   209.24139       0               -53.124
        419  3.49166666667   75.40618   209.12987       0               -53.219
        420  3.50000000000   75.64620   209.01152       0               -53.156
        421  3.50833333333   75.88598   208.88597       0               -53.005
        422  3.51666666667   76.12550   208.75287       0               -53.185
        423  3.52500000000   76.36475   208.61180       0               -53.190
        424  3.53333333333   76.60372   208.46235       0               -53.026
        425  3.54166666667   76.84238   208.30406       0               -53.222
        426  3.55000000000   77.08073   208.13644       0               -53.198
        427  3.55833333333   77.31875   207.95899       0               -53.357
        428  3.56666666667   77.55642   207.77113       0               -53.481
        429  3.57500000000   77.79372   207.57228       0               -53.420
        430  3.58333333333   78.03063   207.36179       0               -53.381
        431  3.59166666667   78.26713   207.13897       0               -53.347
        432  3.60000000000   78.50319   206.90307       0               -53.323
        433  3.60833333333   78.73879   206.65328       0               -53.211
        434  3.61666666667   78.97390   206.38876       0               -53.269
        435  3.62500000000   79.20849   206.10854       0               -53.351
        436  3.63333333333   79.44253   205.81163       0               -53.354
        437  3.64166666667   79.67599   205.49692       0               -53.276
        438  3.65000000000   79.90882   205.16322       0               -53.272
        439  3.65833333333   80.14099   204.80923       0               -53.335
        440  3.66666666667   80.37244   204.43354       0               -53.382
        441  3.67500000000   80.60314   204.03463       0               -53.405
        442  3.68333333333   80.83303   203.61080       0               -53.460
        443  3.69166666667   81.06204   203.16024       0               -53.448
        444  3.70000000000   81.29012   202.68094       0               -53.383
        445  3.70833333333   81.51718   202.17071       0               -53.349
        446  3.71666666667   81.74317   201.62715       0               -53.263
        447  3.72500000000   81.96798   201.04762       0               -53.257
        448  3.73333333333   82.19152   200.42922       0               -53.145
        449  3.74166666667   82.41368   199.76878       0               -53.102
        450  3.75000000000   82.63435   199.06276       0               -53.074
        451  3.75833333333   82.85339   198.30731       0               -53.086
        452  3.76666666667   83.07066   197.49815       0               -53.148
        453  3.77500000000   83.28599   196.63057       0               -53.073
        454  3.78333333333   83.49919   195.69938       0               -53.059
        455  3.79166666667   83.71006   194.69884       0               -52.948
        456  3.80000000000   83.91836   193.62263       0               -52.852
        457  3.80833333333   84.12383   192.46379       0               -52.869
        458  3.81666666667   84.32617   191.21469       0               -52.853
        459  3.82500000000   84.52504   189.86694       0               -52.877
        460  3.83333333333   84.72006   188.41144       0               -52.921
        461  3.84166666667   84.91081   186.83829       0               -53.044
        462  3.85000000000   85.09678   185.13690       0               -53.134
        463  3.85833333333   85.27744   183.29599       0               -53.145
        464  3.86666666667   85.45216   181.30378       0               -53.200
        465  3.87500000000   85.62024   179.14824       0               -53.202
        466  3.88333333333   85.78091   176.81743       0               -53.171
        467  3.89166666667   85.93330   174.30002       0               -53.167
        468  3.90000000000   86.07647   171.58607       0               -53.200
        469  3.90833333333   86.20938   168.66788       0               -53.163
        470  3.91666666667   86.33094   165.54116       0               -53.138
        471  3.92500000000   86.44002   162.20635       0               -53.070
        472  3.93333333333   86.53544   158.66989       0               -52.999
        473  3.94166666667   86.61607   154.94551       0               -52.965
        474  3.95000000000   86.68086   151.05504       0               -52.959
        475  3.95833333333   86.72890   147.02862       0               -52.913
        476  3.96666666667   86.75944   142.90406       0               -52.849
        477  3.97500000000   86.77203   138.72521       0               -52.775
        478  3.98333333333   86.76648   134.53941       0               -52.761
        479  3.99166666667   86.74290   130.39450       0               -52.705
        480  4.00000000000   86.70176   126.33348       0               -52.693
        481  4.00833333333   86.64357   122.40262       0               -52.684
        482  4.01666666667   86.56938   118.62797       0               -52.682
        483  4.02500000000   86.48016   115.03598       0               -52.654
        484  4.03333333333   86.37706   111.64268       0               -52.655
        485  4.04166666667   86.26124   108.45657       0               -52.702
        486  4.05000000000   86.13387   105.47969       0               -52.658
        487  4.05833333333   85.99607   102.70902       0               -52.619
        488  4.06666666667   85.84891   100.13774       0               -52.630
        489  4.07500000000   85.69335    97.75645       0               -52.499
        490  4.08333333333   85.53031    95.55415       0               -52.413
        491  4.09166666667   85.36058    93.51903       0               -52.455
        492  4.10000000000   85.18489    91.63903       0               -52.388
        493  4.10833333333   85.00389    89.90227       0               -52.349
        494  4.11666666667   84.81816    88.29730       0               -52.348
        495  4.12500000000   84.62820    86.81332       0               -52.316
        496  4.13333333333   84.43446    85.44022       0               -52.264
        497  4.14166666667   84.23734    84.16866       0               -52.269
        498  4.15000000000   84.03720    82.99005       0               -52.310
        499  4.15833333333   83.83433    81.89654       0               -52.503
        500  4.16666666667   83.62903    80.88097       0               -52.537
        501  4.17500000000   83.42152    79.93684       0               -52.461
        502  4.18333333333   83.21203    79.05826       0               -52.434
        503  4.19166666667   83.00076    78.23986       0               -52.371
        504  4.20000000000   82.78786    77.47680       0               -52.444
        505  4.20833333333   82.57350    76.76468       0               -52.472
        506  4.21666666667   82.35781    76.09952       0               -52.511
        507  4.22500000000   82.14091    75.47771       0               -52.594
        508  4.23333333333   81.92292    74.89597       0               -52.639
        509  4.24166666667   81.70393    74.35132       0               -52.690
        510  4.25000000000   81.48403    73.84104       0               -52.846
        511  4.25833333333   81.26331    73.36266       0               -52.906
        512  4.26666666667   81.04183    72.91394       0               -52.929
        513  4.27500000000   80.81967    72.49283       0               -52.880
        514  4.28333333333   80.59688    72.09743       0               -52.799
        515  4.29166666667   80.37352    71.72604       0               -52.754
        516  4.30000000000   80.14964    71.37708       0               -52.732
        517  4.30833333333   79.92528    71.04910       0               -52.731
        518  4.31666666667   79.70049    70.74077       0               -52.751
        519  4.32500000000   79.47530    70.45088       0               -52.723
        520  4.33333333333   79.24976    70.17829       0               -52.646
        521  4.34166666667   79.02389    69.92197       0               -52.453
        522  4.35000000000   78.79772    69.68096       0               -52.368
        523  4.35833333333   78.57128    69.45437       0               -52.254
        524  4.36666666667   78.34460    69.24138       0               -52.259
        525  4.37500000000   78.11770    69.04123       0               -52.366
        526  4.38333333333   77.89060    68.85321       0               -52.475
        527  4.39166666667   77.66333    68.67667       0               -52.604
        528  4.40000000000   77.43589    68.51098       0               -52.712
        529  4.40833333333   77.20832    68.35560       0               -52.665
        530  4.41666666667   76.98062    68.20997       0               -52.396
        531  4.42500000000   76.75282    68.07362       0               -52.418
        532  4.43333333333   76.52492    67.94607       0               -52.362
        533  4.44166666667   76.29694    67.82690       0               -52.437
        534  4.45000000000   76.06890    67.71569       0               -52.510
        535  4.45833333333   75.84080    67.61208       0               -52.624
        536  4.46666666667   75.61265    67.51570       0               -52.784
        537  4.47500000000   75.38447    67.42622       0               -52.835
        538  4.48333333333   75.15627    67.34332       0               -52.698
        539  4.49166666667   74.92805    67.26672       0               -52.552
        540  4.50000000000   74.69983    67.19613       0               -52.390
        541  4.50833333333   74.47161    67.13129       0               -52.253
        542  4.51666666667   74.24340    67.07196       0               -52.078
        543  4.52500000000   74.01521    67.01790       0               -52.181
        544  4.53333333333   73.78704    66.96889       0               -52.234
        545  4.54166666667   73.55891    66.92473       0               -52.140
        546  4.55000000000   73.33081    66.88522       0               -52.318
        547  4.55833333333   73.10276    66.85016       0               -52.368
        548  4.56666666667   72.87476    66.81940       0               -52.361
        549  4.57500000000   72.64682    66.79275       0               -51.264
        550  4.58333333333   72.41893    66.77007       0               -52.022
        551  4.59166666667   72.19111    66.75120       0               -52.085
        552  4.60000000000   71.96336    66.73600       0               -52.435
        553  4.60833333333   71.73568    66.72433       0               -52.518
        554  4.61666666667   71.50809    66.71606       0               -52.568
        555  4.62500000000   71.28058    66.71108       0               -52.583
        556  4.63333333333   71.05315    66.70927       0               -52.587
        557  4.64166666667   70.82581    66.71050       0               -52.574
        558  4.65000000000   70.59857    66.71469       0               -52.577
        559  4.65833333333   70.37143    66.72173       0               -52.168
        560  4.66666666667   70.14439    66.73152       0               -52.519
        561  4.67500000000   69.91745    66.74397       0               -52.636
        562  4.68333333333   69.69062    66.75899       0               -52.444
        563  4.69166666667   69.46390    66.77650       0               -52.382
        564  4.70000000000   69.23729    66.79641       0               -51.929
        565  4.70833333333   69.01079    66.81866       0               -52.019
        566  4.71666666667   68.78442    66.84317       0               -52.148
        567  4.72500000000   68.55817    66.86986       0               -52.544
        568  4.73333333333   68.33203    66.89868       0               -52.484
        569  4.74166666667   68.10603    66.92955       0               -52.565
        570  4.75000000000   67.88015    66.96241       0               -52.600
        571  4.75833333333   67.65440    66.99721       0               -52.824
        572  4.76666666667   67.42878    67.03389       0               -52.932
        573  4.77500000000   67.20330    67.07239       0               -52.736
        574  4.78333333333   66.97795    67.11266       0               -52.331
        575  4.79166666667   66.75274    67.15465       0               -52.613
        576  4.80000000000   66.52766    67.19832       0               -52.421
        577  4.80833333333   66.30273    67.24361       0               -52.419
        578  4.81666666667   66.07794    67.29048       0               -51.992
        579  4.82500000000   65.85329    67.33888       0               -51.762
        580  4.83333333333   65.62879    67.38879       0               -52.271
        581  4.84166666667   65.40444    67.44014       0               -52.609
        582  4.85000000000   65.18023    67.49292       0               -52.885
        583  4.85833333333   64.95618    67.54708       0               -52.959
        584  4.86666666667   64.73227    67.60258       0               -52.992
        585  4.87500000000   64.50852    67.65939       0               -52.928
        586  4.88333333333   64.28492    67.71747       0               -52.821
        587  4.89166666667   64.06147    67.77680       0               -52.563
        588  4.90000000000   63.83818    67.83735       0               -52.716
        589  4.90833333333   63.61505    67.89907       0               -52.751
        590  4.91666666667   63.39208    67.96195       0               -52.705
        591  4.92500000000   63.16926    68.02596       0               -52.616
        592  4.93333333333   62.94661    68.09107       0               -52.516
        593  4.94166666667   62.72411    68.15725       0               -52.263
        594  4.95000000000   62.50178    68.22447       0               -52.121
        595  4.95833333333   62.27961    68.29273       0               -51.630
        596  4.96666666667   62.05760    68.36198       0               -51.202
        597  4.97500000000   61.83576    68.43220       0               -51.333
        598  4.98333333333   61.61409    68.50339       0               -52.029
        599  4.99166666667   61.39258    68.57550       0               -52.037
        600  5.00000000000   61.17123    68.64853       0               -52.068
        601  5.00833333333   60.95006    68.72244       0               -52.124
        602  5.01666666667   60.72905    68.79724       0               -52.160
        603  5.02500000000   60.50821    68.87288       0               -52.035
        604  5.03333333333   60.28755    68.94936       0               -51.727
        605  5.04166666667   60.06705    69.02665       0               -51.162
        606  5.05000000000   59.84672    69.10475       0               -50.999
        607  5.05833333333   59.62657    69.18363       0               -50.487
        608  5.06666666667   59.40658    69.26327       0               -49.934
        609  5.07500000000   59.18677    69.34367       0               -50.276
        610  5.08333333333   58.96714    69.42480       0               -49.073
        611  5.09166666667   58.74767    69.50665       0               -49.368
        612  5.10000000000   58.52838    69.58921       0               -49.281
        613  5.10833333333   58.30927    69.67245       0               -48.781
        614  5.11666666667   58.09033    69.75638       0               -48.740
        615  5.12500000000   57.87157    69.84097       0               -49.791
        616  5.13333333333   57.65298    69.92621       0               -49.946
        617  5.14166666667   57.43457    70.01209       0               -50.480
        618  5.15000000000   57.21633    70.09859       0               -50.582
        619  5.15833333333   56.99828    70.18571       0               -50.434
        620  5.16666666667   56.78040    70.27343       0               -50.277
        621  5.17500000000   56.56269    70.36174       0               -49.809
        622  5.18333333333   56.34517    70.45063       0               -49.801
        623  5.19166666667   56.12783    70.54009       0               -50.281
        624  5.20000000000   55.91066    70.63011       0               -50.499
        625  5.20833333333   55.69367    70.72068       0               -50.577
        626  5.21666666667   55.47686    70.81178       0               -48.524
        627  5.22500000000   55.26024    70.90342       0               -49.410
        628  5.23333333333   55.04379    70.99557       0               -50.742
        629  5.24166666667   54.82752    71.08823       0               -50.893
        630  5.25000000000   54.61143    71.18139       0               -50.903
        631  5.25833333333   54.39552    71.27504       0               -50.823
        632  5.26666666667   54.17980    71.36918       0               -50.840
        633  5.27500000000   53.96425    71.46379       0               -50.793
        634  5.28333333333   53.74888    71.55886       0               -50.535
        635  5.29166666667   53.53370    71.65439       0               -50.805
        636  5.30000000000   53.31870    71.75038       0               -50.938
        637  5.30833333333   53.10387    71.84680       0               -50.872
        638  5.31666666667   52.88923    71.94366       0               -51.063
        639  5.32500000000   52.67477    72.04095       0               -51.001
        640  5.33333333333   52.46050    72.13866       0               -51.020
        641  5.34166666667   52.24640    72.23678       0               -50.903
        642  5.35000000000   52.03249    72.33530       0               -50.885
        643  5.35833333333   51.81876    72.43423       0               -50.933
        644  5.36666666667   51.60521    72.53355       0               -50.667
        645  5.37500000000   51.39184    72.63326       0               -50.512
        646  5.38333333333   51.17865    72.73334       0               -50.411
        647  5.39166666667   50.96565    72.83380       0               -50.178
        648  5.40000000000   50.75282    72.93463       0               -49.943
        649  5.40833333333   50.54018    73.03582       0               -49.905
        650  5.41666666667   50.32773    73.13736       0               -49.937
        651  5.42500000000   50.11545    73.23926       0               -49.806
        652  5.43333333333   49.90335    73.34150       0               -49.773
        653  5.44166666667   49.69144    73.44407       0               -49.593
        654  5.45000000000   49.47971    73.54699       0               -49.569
        655  5.45833333333   49.26816    73.65023       0               -49.326
        656  5.46666666667   49.05679    73.75379       0               -49.285
        657  5.47500000000   48.84561    73.85768       0               -49.525
        658  5.48333333333   48.63460    73.96187       0               -49.853
        659  5.49166666667   48.42378    74.06638       0               -50.055
        660  5.50000000000   48.21314    74.17119       0               -49.929
        661  5.50833333333   48.00268    74.27630       0               -49.785
        662  5.51666666667   47.79240    74.38170       0               -49.786
        663  5.52500000000   47.58230    74.48739       0               -49.723
        664  5.53333333333   47.37239    74.59337       0               -49.765
        665  5.54166666667   47.16265    74.69963       0               -49.907
        666  5.55000000000   46.95309    74.80616       0               -49.939
        667  5.55833333333   46.74372    74.91297       0               -49.978
        668  5.56666666667   46.53452    75.02005       0               -49.964
        669  5.57500000000   46.32551    75.12739       0               -49.939
        670  5.58333333333   46.11667    75.23499       0               -49.872
        671  5.59166666667   45.90802    75.34285       0               -49.926
        672  5.60000000000   45.69954    75.45096       0               -49.687
        673  5.60833333333   45.49125    75.55932       0               -49.547
        674  5.61666666667   45.28313    75.66792       0               -49.333
        675  5.62500000000   45.07519    75.77677       0               -49.243
        676  5.63333333333   44.86744    75.88585       0               -49.396
        677  5.64166666667   44.65985    75.99516       0               -49.699
        678  5.65000000000   44.45245    76.10471       0               -49.842
        679  5.65833333333   44.24523    76.21449       0               -49.727
        680  5.66666666667   44.03818    76.32449       0               -49.959
        681  5.67500000000   43.83132    76.43470       0               -49.999
        682  5.68333333333   43.62462    76.54514       0               -49.981
        683  5.69166666667   43.41811    76.65579       0               -50.071
        684  5.70000000000   43.21177    76.76665       0               -49.961
        685  5.70833333333   43.00561    76.87772       0               -49.837
        686  5.71666666667   42.79963    76.98899       0               -49.860
        687  5.72500000000   42.59382    77.10047       0               -49.787
        688  5.73333333333   42.38819    77.21214       0               -49.780
        689  5.74166666667   42.18274    77.32401       0               -49.788
        690  5.75000000000   41.97745    77.43607       0               -49.858
        691  5.75833333333   41.77235    77.54832       0               -49.948
        692  5.76666666667   41.56742    77.66075       0               -50.156
        693  5.77500000000   41.36266    77.77337       0               -50.205
        694  5.78333333333   41.15808    77.88617       0               -50.233
        695  5.79166666667   40.95367    77.99915       0               -50.313
        696  5.80000000000   40.74943    78.11231       0               -50.325
        697  5.80833333333   40.54537    78.22564       0               -50.430
        698  5.81666666667   40.34148    78.33914       0               -50.460
        699  5.82500000000   40.13777    78.45280       0               -50.507
        700  5.83333333333   39.93422    78.56664       0               -50.487
        701  5.84166666667   39.73085    78.68063       0               -50.434
        702  5.85000000000   39.52765    78.79479       0               -50.369
        703  5.85833333333   39.32461    78.90910       0               -50.310
        704  5.86666666667   39.12175    79.02357       0               -50.161
        705  5.87500000000   38.91907    79.13819       0               -50.065
        706  5.88333333333   38.71655    79.25296       0               -49.911
        707  5.89166666667   38.51420    79.36788       0               -49.718
        708  5.90000000000   38.31202    79.48294       0               -49.554
        709  5.90833333333   38.11000    79.59815       0               -49.466
        710  5.91666666667   37.90816    79.71350       0               -49.505
        711  5.92500000000   37.70649    79.82899       0               -49.622
        712  5.93333333333   37.50498    79.94462       0               -49.610
        713  5.94166666667   37.30364    80.06038       0               -49.540
        714  5.95000000000   37.10247    80.17627       0               -49.542
        715  5.95833333333   36.90146    80.29230       0               -49.475
        716  5.96666666667   36.70062    80.40845       0               -49.503
        717  5.97500000000   36.49994    80.52473       0               -49.470
        718  5.98333333333   36.29944    80.64113       0               -49.481
        719  5.99166666667   36.09909    80.75765       0               -49.466
        720  6.00000000000   35.89891    80.87430       0               -49.502
        721  6.00833333333   35.69890    80.99106       0               -49.515
        722  6.01666666667   35.49905    81.10794       0               -49.513
        723  6.02500000000   35.29936    81.22493       0               -49.486
        724  6.03333333333   35.09983    81.34203       0               -49.540
        725  6.04166666667   34.90047    81.45925       0               -49.642
        726  6.05000000000   34.70127    81.57657       0               -49.668
        727  6.05833333333   34.50223    81.69400       0               -49.599
        728  6.06666666667   34.30335    81.81153       0               -49.565
        729  6.07500000000   34.10464    81.92917       0               -49.472
        730  6.08333333333   33.90608    82.04690       0               -49.427
        731  6.09166666667   33.70768    82.16474       0               -49.419
        732  6.10000000000   33.50944    82.28267       0               -49.396
        733  6.10833333333   33.31137    82.40069       0               -49.296
        734  6.11666666667   33.11345    82.51881       0               -49.330
        735  6.12500000000   32.91568    82.63702       0               -49.256
        736  6.13333333333   32.71808    82.75533       0               -49.197
        737  6.14166666667   32.52063    82.87372       0               -49.144
        738  6.15000000000   32.32334    82.99219       0               -49.242
        739  6.15833333333   32.12621    83.11075       0               -49.241
        740  6.16666666667   31.92923    83.22940       0               -49.219
        741  6.17500000000   31.73241    83.34812       0               -49.083
        742  6.18333333333   31.53574    83.46693       0               -48.896
        743  6.19166666667   31.33922    83.58581       0               -48.951
        744  6.20000000000   31.14286    83.70477       0               -48.944
        745  6.20833333333   30.94666    83.82380       0               -48.930
        746  6.21666666667   30.75060    83.94291       0               -48.862
        747  6.22500000000   30.55470    84.06209       0               -48.745
        748  6.23333333333   30.35895    84.18133       0               -48.680
        749  6.24166666667   30.16336    84.30065       0               -48.624
        750  6.25000000000   29.96791    84.42003       0               -48.590
        751  6.25833333333   29.77261    84.53948       0               -48.546
        752  6.26666666667   29.57747    84.65900       0               -48.509
        753  6.27500000000   29.38247    84.77857       0               -48.450
        754  6.28333333333   29.18762    84.89820       0               -48.397
        755  6.29166666667   28.99292    85.01790       0               -48.351
        756  6.30000000000   28.79837    85.13765       0               -48.354
        757  6.30833333333   28.60397    85.25746       0               -48.303
        758  6.31666666667   28.40972    85.37732       0               -48.295
        759  6.32500000000   28.21561    85.49723       0               -48.165
        760  6.33333333333   28.02164    85.61720       0               -48.240
        761  6.34166666667   27.82783    85.73722       0               -48.188
        762  6.35000000000   27.63415    85.85728       0               -48.116
        763  6.35833333333   27.44063    85.97740       0               -48.022
        764  6.36666666667   27.24724    86.09755       0               -48.148
        765  6.37500000000   27.05400    86.21776       0               -47.990
        766  6.38333333333   26.86091    86.33800       0               -47.967
        767  6.39166666667   26.66795    86.45829       0               -47.988
        768  6.40000000000   26.47514    86.57862       0               -47.938
        769  6.40833333333   26.28247    86.69898       0               -47.802
        770  6.41666666667   26.08994    86.81939       0               -47.792
        771  6.42500000000   25.89755    86.93983       0               -47.791
        772  6.43333333333   25.70530    87.06030       0               -47.789
        773  6.44166666667   25.51320    87.18081       0               -47.761
        774  6.45000000000   25.32123    87.30135       0               -47.863
        775  6.45833333333   25.12939    87.42192       0               -47.816
        776  6.46666666667   24.93770    87.54252       0               -47.981
        777  6.47500000000   24.74615    87.66314       0               -47.716
        778  6.48333333333   24.55473    87.78380       0               -47.851
        779  6.49166666667   24.36345    87.90447       0               -47.756
        780  6.50000000000   24.17230    88.02518       0               -47.663
        781  6.50833333333   23.98129    88.14590       0               -47.547
        782  6.51666666667   23.79041    88.26665       0               -47.463
        783  6.52500000000   23.59967    88.38741       0               -47.373
        784  6.53333333333   23.40906    88.50820       0               -47.388
        785  6.54166666667   23.21859    88.62900       0               -47.335
        786  6.55000000000   23.02825    88.74982       0               -47.400
        787  6.55833333333   22.83804    88.87065       0               -47.349
        788  6.56666666667   22.64797    88.99150       0               -47.264
        789  6.57500000000   22.45802    89.11235       0               -47.211
        790  6.58333333333   22.26821    89.23322       0               -47.174
        791  6.59166666667   22.07852    89.35410       0               -47.197
        792  6.60000000000   21.88897    89.47499       0               -47.213
        793  6.60833333333   21.69954    89.59589       0               -47.143
        794  6.61666666667   21.51025    89.71679       0               -47.067
        795  6.62500000000   21.32108    89.83769       0               -46.975
        796  6.63333333333   21.13204    89.95860       0               -46.836
        797  6.64166666667   20.94313    90.07951       0               -46.693
        798  6.65000000000   20.75434    90.20042       0               -46.665
        799  6.65833333333   20.56568    90.32134       0               -46.628
        800  6.66666666667   20.37714    90.44225       0               -46.565
        801  6.67500000000   20.18874    90.56315       0               -46.578
        802  6.68333333333   20.00045    90.68406       0               -46.504
        803  6.69166666667   19.81229    90.80496       0               -46.479
        804  6.70000000000   19.62425    90.92585       0               -46.484
        805  6.70833333333   19.43634    91.04674       0               -46.476
        806  6.71666666667   19.24855    91.16761       0               -46.465
        807  6.72500000000   19.06088    91.28848       0               -46.532
        808  6.73333333333   18.87333    91.40934       0               -46.592
        809  6.74166666667   18.68591    91.53018       0               -46.619
        810  6.75000000000   18.49860    91.65101       0               -46.682
        811  6.75833333333   18.31141    91.77183       0               -46.679
        812  6.76666666667   18.12435    91.89263       0               -46.632
        813  6.77500000000   17.93740    92.01341       0               -46.619
        814  6.78333333333   17.75057    92.13418       0               -46.564
        815  6.79166666667   17.56386    92.25492       0               -46.472
        816  6.80000000000   17.37726    92.37565       0               -46.413
        817  6.80833333333   17.19079    92.49635       0               -46.319
        818  6.81666666667   17.00443    92.61703       0               -46.240
        819  6.82500000000   16.81818    92.73769       0               -46.224
        820  6.83333333333   16.63205    92.85832       0               -46.291
        821  6.84166666667   16.44604    92.97893       0               -46.298
        822  6.85000000000   16.26014    93.09951       0               -46.308
        823  6.85833333333   16.07435    93.22006       0               -46.274
        824  6.86666666667   15.88868    93.34058       0               -46.297
        825  6.87500000000   15.70312    93.46107       0               -46.286
        826  6.88333333333   15.51767    93.58153       0               -46.255
        827  6.89166666667   15.33233    93.70195       0               -46.156
        828  6.90000000000   15.14711    93.82234       0               -46.102
        829  6.90833333333   14.96200    93.94270       0               -46.028
        830  6.91666666667   14.77699    94.06302       0               -46.040
        831  6.92500000000   14.59210    94.18330       0               -46.065
        832  6.93333333333   14.40731    94.30354       0               -45.982
        833  6.94166666667   14.22264    94.42375       0               -45.935
        834  6.95000000000   14.03807    94.54391       0               -45.854
        835  6.95833333333   13.85361    94.66403       0               -45.856
        836  6.96666666667   13.66926    94.78411       0               -45.738
        837  6.97500000000   13.48501    94.90414       0               -45.607
        838  6.98333333333   13.30088    95.02413       0               -45.483
        839  6.99166666667   13.11684    95.14407       0               -45.427
        840  7.00000000000   12.93291    95.26397       0               -45.315
        841  7.00833333333   12.74909    95.38381       0               -45.182
        842  7.01666666667   12.56537    95.50361       0               -45.078
        843  7.02500000000   12.38176    95.62335       0               -44.994
        844  7.03333333333   12.19825    95.74304       0               -44.925
        845  7.04166666667   12.01484    95.86268       0               -44.976
        846  7.05000000000   11.83153    95.98227       0               -44.990
        847  7.05833333333   11.64833    96.10180       0               -44.825
        848  7.06666666667   11.46523    96.22127       0               -44.615
        849  7.07500000000   11.28222    96.34069       0               -44.762
        850  7.08333333333   11.09932    96.46005       0               -44.953
        851  7.09166666667   10.91652    96.57935       0               -44.894
        852  7.10000000000   10.73382    96.69858       0               -44.675
        853  7.10833333333   10.55122    96.81776       0               -44.409
        854  7.11666666667   10.36871    96.93687       0               -44.351
        855  7.12500000000   10.18631    97.05592       0               -44.650
        856  7.13333333333   10.00400    97.17491       0               -44.860
        857  7.14166666667    9.82179    97.29382       0               -44.818
        858  7.15000000000    9.63967    97.41267       0               -44.518
        859  7.15833333333    9.45765    97.53146       0               -44.403
        860  7.16666666667    9.27573    97.65017       0               -44.426
        861  7.17500000000    9.09390    97.76881       0               -44.582
        862  7.18333333333    8.91217    97.88738       0               -44.839
        863  7.19166666667    8.73053    98.00588       0               -44.699
        864  7.20000000000    8.54899    98.12430       0               -44.686
        865  7.20833333333    8.36753    98.24265       0               -44.731
        866  7.21666666667    8.18618    98.36092       0               -44.759
        867  7.22500000000    8.00491    98.47912       0               -44.828
        868  7.23333333333    7.82374    98.59724       0               -44.831
        869  7.24166666667    7.64265    98.71527       0               -44.936
        870  7.25000000000    7.46166    98.83323       0               -45.162
        871  7.25833333333    7.28076    98.95111       0               -45.401
        872  7.26666666667    7.09995    99.06890       0               -45.596
        873  7.27500000000    6.91923    99.18662       0               -45.613
        874  7.28333333333    6.73860    99.30424       0               -45.650
        875  7.29166666667    6.55806    99.42178       0               -45.610
        876  7.30000000000    6.37760    99.53924       0               -45.579
        877  7.30833333333    6.19724    99.65660       0               -45.538
        878  7.31666666667    6.01696    99.77388       0               -45.644
        879  7.32500000000    5.83677    99.89107       0               -45.733
        880  7.33333333333    5.65666   100.00816       0               -45.798
        881  7.34166666667    5.47665   100.12517       0               -45.901
        882  7.35000000000    5.29671   100.24208       0               -45.964
        883  7.35833333333    5.11687   100.35889       0               -46.012
       1978 16.48333333333    4.79356   348.34215       0                10.131
       1979 16.49166666667    4.86455   348.17199       0                 9.651
       1980 16.50000000000    4.93470   348.00140       0                 9.313
       1981 16.50833333333    5.00399   347.83037       0                 9.106
       1982 16.51666666667    5.07243   347.65891       0                 9.122
       1983 16.52500000000    5.14000   347.48702       0                 8.931
       1984 16.53333333333    5.20670   347.31471       0                 8.958
       1985 16.54166666667    5.27254   347.14197       0                 9.033
       1986 16.55000000000    5.33750   346.96882       0                 8.968
       1987 16.55833333333    5.40159   346.79525       0                 8.666
       1988 16.56666666667    5.46480   346.62127       0                 8.692
       1989 16.57500000000    5.52713   346.44689       0                 8.730
       1990 16.58333333333    5.58858   346.27210       0                 8.836
       1991 16.59166666667    5.64914   346.09692       0                 8.843
       1992 16.60000000000    5.70880   345.92134       0                 8.985
       1993 16.60833333333    5.76757   345.74537       0                 8.806
       1994 16.61666666667    5.82545   345.56901       0                 8.933
       1995 16.62500000000    5.88243   345.39227       0                 8.932
       1996 16.63333333333    5.93850   345.21515       0                 8.683
       1997 16.64166666667    5.99367   345.03766       0                 8.627
       1998 16.65000000000    6.04792   344.85980       0                 8.976
       1999 16.65833333333    6.10127   344.68157       0                 9.443
       2000 16.66666666667    6.15371   344.50298       0                 9.516
       2001 16.67500000000    6.20522   344.32403       0                 9.683
       2002 16.68333333333    6.25582   344.14473       0                10.037
       2003 16.69166666667    6.30550   343.96508       0                 9.722
       2004 16.70000000000    6.35425   343.78508       0                 9.590
       2005 16.70833333333    6.40207   343.60475       0                 9.459
       2006 16.71666666667    6.44897   343.42408       0                 9.315
       2007 16.72500000000    6.49493   343.24309       0                 9.341
       2008 16.73333333333    6.53996   343.06176       0                 9.224
       2009 16.74166666667    6.58405   342.88012       0                 8.972
       2010 16.75000000000    6.62721   342.69816       0                 8.921
       2011 16.75833333333    6.66942   342.51589       0                 8.876
       2012 16.76666666667    6.71069   342.33331       0                 8.787
       2013 16.77500000000    6.75101   342.15043       0                 8.787
       2014 16.78333333333    6.79039   341.96726       0                 8.956
       2015 16.79166666667    6.82881   341.78379       0                 9.151
       2016 16.80000000000    6.86629   341.60004       0                 9.153
       2017 16.80833333333    6.90281   341.41600       0                 9.233
       2018 16.81666666667    6.93838   341.23169       0                 9.243
       2019 16.82500000000    6.97298   341.04711       0                 9.386
       2020 16.83333333333    7.00663   340.86226       0                 9.236
       2021 16.84166666667    7.03932   340.67715       0                 9.194
       2022 16.85000000000    7.07105   340.49178       0                 9.391
       2023 16.85833333333    7.10181   340.30616       0                 9.419
       2024 16.86666666667    7.13161   340.12030       0                 9.344
       2025 16.87500000000    7.16044   339.93419       0                 9.235
       2026 16.88333333333    7.18830   339.74785       0                 9.059
       2027 16.89166666667    7.21519   339.56128       0                 9.105
       2028 16.90000000000    7.24111   339.37449       0                 9.363
       2029 16.90833333333    7.26606   339.18748       0                 9.474
       2030 16.91666666667    7.29003   339.00025       0                 9.560
       2031 16.92500000000    7.31303   338.81281       0                 9.570
       2032 16.93333333333    7.33505   338.62518       0                 9.562
       2033 16.94166666667    7.35609   338.43734       0                 9.608
       2034 16.95000000000    7.37616   338.24931       0                 9.615
       2035 16.95833333333    7.39525   338.06110       0                 9.630
       2036 16.96666666667    7.41335   337.87271       0                 9.695
       2037 16.97500000000    7.43048   337.68414       0                 9.652
       2038 16.98333333333    7.44662   337.49540       0                 9.569
       2039 16.99166666667    7.46178   337.30649       0                 9.360
       2040 17.00000000000    7.47596   337.11743       0                 9.538
       2041 17.00833333333    7.48916   336.92821       0                10.016
       2042 17.01666666667    7.50137   336.73885       0                 9.834
       2043 17.02500000000    7.51259   336.54934       0                 9.921
       2044 17.03333333333    7.52283   336.35970       0                 9.713
       2045 17.04166666667    7.53208   336.16993       0                 9.666
       2046 17.05000000000    7.54035   335.98003       0                 9.658
       2047 17.05833333333    7.54763   335.79002       0                 9.475
       2048 17.06666666667    7.55393   335.59988       0                 9.694
       2049 17.07500000000    7.55923   335.40965       0                 9.573
       2050 17.08333333333    7.56356   335.21930       0                 9.564
       2051 17.09166666667    7.56689   335.02887       0                 9.622
       2052 17.10000000000    7.56924   334.83834       0                 9.373
       2053 17.10833333333    7.57060   334.64772       0                 9.137
       2054 17.11666666667    7.57097   334.45703       0                 9.161
       2055 17.12500000000    7.57036   334.26626       0                 9.112
       2056 17.13333333333    7.56877   334.07542       0                 9.146
       2057 17.14166666667    7.56618   333.88452       0                 9.208
       2058 17.15000000000    7.56261   333.69356       0                 9.091
       2059 17.15833333333    7.55806   333.50255       0                 9.066
       2060 17.16666666667    7.55253   333.31149       0                 9.015
       2061 17.17500000000    7.54600   333.12039       0                 9.210
       2062 17.18333333333    7.53850   332.92926       0                 9.162
       2063 17.19166666667    7.53001   332.73810       0                 8.968
       2064 17.20000000000    7.52055   332.54691       0                 9.141
       2065 17.20833333333    7.51010   332.35571       0                 9.240
       2066 17.21666666667    7.49867   332.16449       0                 9.147
       2067 17.22500000000    7.48626   331.97327       0                 9.193
       2068 17.23333333333    7.47288   331.78204       0                 9.164
       2069 17.24166666667    7.45852   331.59082       0                 9.290
       2070 17.25000000000    7.44318   331.39961       0                 9.438
       2071 17.25833333333    7.42687   331.20841       0                 9.454
       2072 17.26666666667    7.40958   331.01723       0                 9.440
       2073 17.27500000000    7.39132   330.82608       0                 9.532
       2074 17.28333333333    7.37209   330.63496       0                 9.261
       2075 17.29166666667    7.35189   330.44388       0                 9.097
       2076 17.30000000000    7.33073   330.25283       0                 9.055
       2077 17.30833333333    7.30860   330.06184       0                 9.062
       2078 17.31666666667    7.28550   329.87089       0                 8.981
       2079 17.32500000000    7.26144   329.68000       0                 9.229
       2080 17.33333333333    7.23641   329.48918       0                 9.367
       2081 17.34166666667    7.21043   329.29842       0                 9.316
       2082 17.35000000000    7.18349   329.10774       0                 9.389
       2083 17.35833333333    7.15560   328.91714       0                 9.446
       2084 17.36666666667    7.12674   328.72661       0                 9.331
       2085 17.37500000000    7.09694   328.53618       0                 9.571
       2086 17.38333333333    7.06619   328.34584       0                 9.606
       2087 17.39166666667    7.03448   328.15560       0                 9.704
       2088 17.40000000000    7.00184   327.96546       0                 9.872
       2089 17.40833333333    6.96824   327.77543       0                 9.992
       2090 17.41666666667    6.93371   327.58551       0                10.207
       2091 17.42500000000    6.89823   327.39571       0                10.261
       2092 17.43333333333    6.86182   327.20604       0                10.293
       2093 17.44166666667    6.82448   327.01649       0                10.229
       2094 17.45000000000    6.78620   326.82707       0                10.380
       2095 17.45833333333    6.74699   326.63779       0                10.420
       2096 17.46666666667    6.70685   326.44866       0                10.513
       2097 17.47500000000    6.66579   326.25966       0                10.605
       2098 17.48333333333    6.62381   326.07082       0                10.713
       2099 17.49166666667    6.58090   325.88214       0                10.702
       2100 17.50000000000    6.53708   325.69361       0                10.734
       2101 17.50833333333    6.49235   325.50525       0                10.795
       2102 17.51666666667    6.44670   325.31706       0                10.961
       2103 17.52500000000    6.40015   325.12904       0                11.008
       2104 17.53333333333    6.35269   324.94119       0                11.148
       2105 17.54166666667    6.30432   324.75353       0                11.074
       2106 17.55000000000    6.25506   324.56605       0                11.024
       2107 17.55833333333    6.20490   324.37877       0                11.324
       2108 17.56666666667    6.15385   324.19167       0                10.957
       2109 17.57500000000    6.10190   324.00478       0                11.055
       2110 17.58333333333    6.04907   323.81809       0                11.206
       2111 17.59166666667    5.99535   323.63160       0                11.303
       2112 17.60000000000    5.94076   323.44532       0                11.320
       2113 17.60833333333    5.88528   323.25926       0                11.541
       2114 17.61666666667    5.82893   323.07341       0                11.715
       2115 17.62500000000    5.77171   322.88778       0                11.756
       2116 17.63333333333    5.71362   322.70238       0                11.850
       2117 17.64166666667    5.65467   322.51720       0                11.727
       2118 17.65000000000    5.59486   322.33226       0                11.796
       2119 17.65833333333    5.53419   322.14755       0                11.921
       2120 17.66666666667    5.47266   321.96308       0                11.855
       2121 17.67500000000    5.41029   321.77886       0                11.821
       2122 17.68333333333    5.34707   321.59488       0                11.735
       2123 17.69166666667    5.28301   321.41114       0                11.631
       2124 17.70000000000    5.21810   321.22766       0                12.160
       2125 17.70833333333    5.15236   321.04444       0                12.451
       2126 17.71666666667    5.08579   320.86147       0                12.531
       2127 17.72500000000    5.01840   320.67876       0                12.549
       2128 17.73333333333    4.95017   320.49632       0                12.398
       2129 17.74166666667    4.88113   320.31414       0                12.290
