# Created on 2018-12-12 16:17:49 
# Sources: d:\gpsother\tec-suite\in\2015\abcd0770.15d.Z, d:\gpsother\tec-suite\in\2015\brdc0770.15g.Z
# Satellite: R05 (k = 1.0)
# Interval: 30.0
# Sampling interval: 0.0 (not used).
# Site: abcd
# Position (L, B, H): 253.601641965, 52.1962622634, 578.574894483
# Position (X, Y, Z): -1106129.71, -3758704.03, 5016675.77
# datetime format: %Y-%m-%dT%H:%M:%S
# Columns: tsn, hour, el, az, validity, tec.l1l2
# (I11,1X,F14.11,1X,F10.5,1X,F11.5,1X,I7,1X,F21.3)
          0  0.00000000000   23.03164   235.35137       0                 9.960
          1  0.00833333333   22.79941   235.20710       0                 9.909
          2  0.01666666667   22.56715   235.06365       0                10.117
          3  0.02500000000   22.33487   234.92100       0                10.046
          4  0.03333333333   22.10257   234.77914       0                 9.289
          5  0.04166666667   21.87025   234.63806       0                 8.874
          6  0.05000000000   21.63793   234.49776       0                 9.851
          7  0.05833333333   21.40560   234.35823       0                11.916
          8  0.06666666667   21.17327   234.21946       0                14.026
          9  0.07500000000   20.94094   234.08144       0                15.273
         10  0.08333333333   20.70862   233.94417       0                15.885
         11  0.09166666667   20.47630   233.80762       0                16.595
         12  0.10000000000   20.24400   233.67181       0                16.449
         13  0.10833333333   20.01172   233.53672       0                16.602
         14  0.11666666667   19.77945   233.40233       0                16.954
         15  0.12500000000   19.54721   233.26866       0                16.366
         16  0.13333333333   19.31500   233.13568       0                15.612
         17  0.14166666667   19.08282   233.00338       0                15.671
         18  0.15000000000   18.85067   232.87178       0                15.611
         19  0.15833333333   18.61857   232.74084       0                15.277
         20  0.16666666667   18.38650   232.61058       0                14.868
         21  0.17500000000   18.15448   232.48097       0                14.640
         22  0.18333333333   17.92250   232.35202       0                14.705
         23  0.19166666667   17.69058   232.22371       0                15.089
         24  0.20000000000   17.45871   232.09605       0                15.644
         25  0.20833333333   17.22690   231.96901       0                15.473
         26  0.21666666667   16.99515   231.84261       0                15.028
         27  0.22500000000   16.76346   231.71682       0                15.602
         28  0.23333333333   16.53184   231.59164       0                16.344
         29  0.24166666667   16.30029   231.46708       0                17.372
         30  0.25000000000   16.06881   231.34311       0                18.219
         31  0.25833333333   15.83741   231.21974       0                19.480
         32  0.26666666667   15.60609   231.09695       0                20.329
         33  0.27500000000   15.37485   230.97475       0                20.514
         34  0.28333333333   15.14369   230.85312       0                20.740
         35  0.29166666667   14.91262   230.73205       0                21.048
         36  0.30000000000   14.68164   230.61156       0                21.163
         37  0.30833333333   14.45075   230.49162       0                21.270
         38  0.31666666667   14.21996   230.37223       0                21.407
         39  0.32500000000   13.98927   230.25338       0                21.738
         40  0.33333333333   13.75867   230.13508       0                22.172
         41  0.34166666667   13.52818   230.01731       0                22.570
         42  0.35000000000   13.29779   229.90006       0                23.038
         43  0.35833333333   13.06752   229.78334       0                23.661
         44  0.36666666667   12.83735   229.66714       0                24.253
         45  0.37500000000   12.60730   229.55145       0                25.045
         46  0.38333333333   12.37736   229.43626       0                25.673
         47  0.39166666667   12.14753   229.32158       0                26.288
         48  0.40000000000   11.91783   229.20739       0                26.800
         49  0.40833333333   11.68825   229.09369       0                27.005
         50  0.41666666667   11.45880   228.98048       0                27.026
         51  0.42500000000   11.22947   228.86774       0                26.980
         52  0.43333333333   11.00027   228.75548       0                27.151
         53  0.44166666667   10.77120   228.64369       0                27.110
         54  0.45000000000   10.54226   228.53237       0                26.965
         55  0.45833333333   10.31346   228.42150       0                27.059
         56  0.46666666667   10.08479   228.31109       0                27.101
         57  0.47500000000    9.85626   228.20113       0                27.357
         58  0.48333333333    9.62788   228.09162       0                27.490
         59  0.49166666667    9.39963   227.98255       0                27.667
         60  0.50000000000    9.17153   227.87391       0                27.861
         61  0.50833333333    8.95527   227.72418       0                28.146
         62  0.51666666667    8.72754   227.61602       0                28.312
         63  0.52500000000    8.50007   227.50804       0                28.631
         64  0.53333333333    8.27289   227.40022       0                28.751
         65  0.54166666667    8.04598   227.29257       0                28.736
         66  0.55000000000    7.81934   227.18507       0                28.608
         67  0.55833333333    7.59299   227.07773       0                28.480
         68  0.56666666667    7.36692   226.97054       0                28.315
         69  0.57500000000    7.14113   226.86350       0                28.632
         70  0.58333333333    6.91562   226.75661       0                28.808
         71  0.59166666667    6.69040   226.64986       0                28.878
         72  0.60000000000    6.46546   226.54325       0                29.109
         73  0.60833333333    6.24080   226.43677       0                29.403
         74  0.61666666667    6.01643   226.33043       0                29.643
         75  0.62500000000    5.79235   226.22422       0                29.848
         76  0.63333333333    5.56855   226.11813       0                30.089
         77  0.64166666667    5.34504   226.01216       0                30.209
         78  0.65000000000    5.12182   225.90632       0                30.330
         79  0.65833333333    4.89888   225.80059       0                30.385
        710  5.91666666667    5.22479   122.60391       0                -0.637
        711  5.92500000000    5.44080   122.48124       0                -0.485
        712  5.93333333333    5.65703   122.35835       0                -1.269
        714  5.95000000000    6.09011   122.11195       0                -6.330
        715  5.95833333333    6.30696   121.98842       0                -5.923
        716  5.96666666667    6.52401   121.86466       0                -5.541
        717  5.97500000000    6.74128   121.74068       0                -5.011
        718  5.98333333333    6.95874   121.61647       0                -4.655
        719  5.99166666667    7.17641   121.49203       0                -4.507
        720  6.00000000000    7.38701   121.37150       0                -4.534
        721  6.00833333333    7.58358   121.21049       0                -4.371
        722  6.01666666667    7.80148   121.08493       0                -4.012
        723  6.02500000000    8.01943   120.95887       0                -3.550
        724  6.03333333333    8.23743   120.83232       0                -3.372
        725  6.04166666667    8.45548   120.70527       0                -3.365
        726  6.05000000000    8.67358   120.57771       0                -3.662
        727  6.05833333333    8.89172   120.44964       0                -3.561
        728  6.06666666667    9.10990   120.32105       0                -3.710
        729  6.07500000000    9.32811   120.19194       0                -3.769
        730  6.08333333333    9.54636   120.06230       0                -3.929
        731  6.09166666667    9.76464   119.93213       0                -4.182
        732  6.10000000000    9.98295   119.80142       0                -4.033
        733  6.10833333333   10.20129   119.67018       0                -4.046
        734  6.11666666667   10.41965   119.53838       0                -4.299
        735  6.12500000000   10.63802   119.40604       0                -4.526
        736  6.13333333333   10.85642   119.27314       0                -4.802
        737  6.14166666667   11.07482   119.13967       0                -4.843
        738  6.15000000000   11.29324   119.00564       0                -4.613
        739  6.15833333333   11.51166   118.87104       0                -4.732
        740  6.16666666667   11.73009   118.73586       0                -5.016
        741  6.17500000000   11.94852   118.60010       0                -5.039
        742  6.18333333333   12.16694   118.46374       0                -4.948
        743  6.19166666667   12.38536   118.32680       0                -4.915
        744  6.20000000000   12.60377   118.18925       0                -4.930
        745  6.20833333333   12.82217   118.05110       0                -5.159
        746  6.21666666667   13.04055   117.91234       0                -5.174
        747  6.22500000000   13.25891   117.77296       0                -5.156
        748  6.23333333333   13.47725   117.63296       0                -5.195
        749  6.24166666667   13.69556   117.49234       0                -5.213
        750  6.25000000000   13.91384   117.35107       0                -4.929
        751  6.25833333333   14.13209   117.20917       0                -5.034
        752  6.26666666667   14.35030   117.06663       0                -5.049
        753  6.27500000000   14.56846   116.92343       0                -5.165
        754  6.28333333333   14.78659   116.77958       0                -5.083
        755  6.29166666667   15.00466   116.63506       0                -5.016
        756  6.30000000000   15.22268   116.48988       0                -5.008
        757  6.30833333333   15.44065   116.34401       0                -4.864
        758  6.31666666667   15.65855   116.19747       0                -5.127
        759  6.32500000000   15.87639   116.05024       0                -5.119
        760  6.33333333333   16.09416   115.90231       0                -5.176
        761  6.34166666667   16.31186   115.75369       0                -5.166
        762  6.35000000000   16.52948   115.60435       0                -5.182
        763  6.35833333333   16.74702   115.45430       0                -5.317
        764  6.36666666667   16.96448   115.30354       0                -5.286
        765  6.37500000000   17.18185   115.15204       0                -5.240
        766  6.38333333333   17.39912   114.99981       0                -5.287
        767  6.39166666667   17.61630   114.84684       0                -5.231
        768  6.40000000000   17.83338   114.69313       0                -5.123
        769  6.40833333333   18.05035   114.53866       0                -5.091
        770  6.41666666667   18.26721   114.38343       0                -5.164
        771  6.42500000000   18.48395   114.22743       0                -5.323
        772  6.43333333333   18.70058   114.07065       0                -5.365
        773  6.44166666667   18.91708   113.91310       0                -5.267
        774  6.45000000000   19.13345   113.75475       0                -5.335
        775  6.45833333333   19.34969   113.59561       0                -5.416
        776  6.46666666667   19.56579   113.43567       0                -5.600
        777  6.47500000000   19.78175   113.27491       0                -5.616
        778  6.48333333333   19.99756   113.11334       0                -5.652
        779  6.49166666667   20.21322   112.95094       0                -5.850
        780  6.50000000000   20.42872   112.78770       0                -5.987
        781  6.50833333333   20.62771   112.58344       0                -6.124
        782  6.51666666667   20.84241   112.41791       0                -6.127
        783  6.52500000000   21.05677   112.25129       0                -6.083
        784  6.53333333333   21.27080   112.08358       0                -6.149
        785  6.54166666667   21.48449   111.91476       0                -6.125
        786  6.55000000000   21.69782   111.74482       0                -6.216
        787  6.55833333333   21.91079   111.57377       0                -6.315
        788  6.56666666667   22.12339   111.40159       0                -6.382
        789  6.57500000000   22.33561   111.22827       0                -6.482
        790  6.58333333333   22.54746   111.05380       0                -6.441
        791  6.59166666667   22.75891   110.87818       0                -6.526
        792  6.60000000000   22.96996   110.70140       0                -6.614
        793  6.60833333333   23.18060   110.52346       0                -6.658
        794  6.61666666667   23.39083   110.34433       0                -6.651
        795  6.62500000000   23.60063   110.16402       0                -6.721
        796  6.63333333333   23.81001   109.98251       0                -6.765
        797  6.64166666667   24.01894   109.79980       0                -6.854
        798  6.65000000000   24.22742   109.61588       0                -6.915
        799  6.65833333333   24.43545   109.43074       0                -6.974
        800  6.66666666667   24.64301   109.24437       0                -7.044
        801  6.67500000000   24.85010   109.05676       0                -7.015
        802  6.68333333333   25.05670   108.86791       0                -7.027
        803  6.69166666667   25.26281   108.67781       0                -7.104
        804  6.70000000000   25.46843   108.48644       0                -7.268
        805  6.70833333333   25.67353   108.29380       0                -7.426
        806  6.71666666667   25.87812   108.09989       0                -7.506
        807  6.72500000000   26.08218   107.90468       0                -7.527
        808  6.73333333333   26.28570   107.70818       0                -7.649
        809  6.74166666667   26.48868   107.51038       0                -7.824
        810  6.75000000000   26.68436   107.31792       0                -7.964
        811  6.75833333333   26.89296   107.11082       0                -8.060
        812  6.76666666667   27.09425   106.90904       0                -8.215
        813  6.77500000000   27.29495   106.70593       0                -8.317
        814  6.78333333333   27.49507   106.50147       0                -8.350
        815  6.79166666667   27.69458   106.29566       0                -8.399
        816  6.80000000000   27.89348   106.08847       0                -8.317
        817  6.80833333333   28.09176   105.87992       0                -8.228
        818  6.81666666667   28.28941   105.66998       0                -8.310
        819  6.82500000000   28.48642   105.45865       0                -8.401
        820  6.83333333333   28.68278   105.24592       0                -8.469
        821  6.84166666667   28.87848   105.03179       0                -8.486
        822  6.85000000000   29.07351   104.81623       0                -8.539
        823  6.85833333333   29.26786   104.59925       0                -8.614
        824  6.86666666667   29.46151   104.38084       0                -8.664
        825  6.87500000000   29.65447   104.16099       0                -8.731
        826  6.88333333333   29.84672   103.93968       0                -8.806
        827  6.89166666667   30.03824   103.71692       0                -8.837
        828  6.90000000000   30.22904   103.49269       0                -8.938
        829  6.90833333333   30.41909   103.26699       0                -8.989
        830  6.91666666667   30.60839   103.03980       0                -9.035
        831  6.92500000000   30.79692   102.81112       0                -9.050
        832  6.93333333333   30.98468   102.58094       0                -9.095
        833  6.94166666667   31.17165   102.34925       0                -9.135
        834  6.95000000000   31.35783   102.11605       0                -9.213
        835  6.95833333333   31.54320   101.88133       0                -9.224
        836  6.96666666667   31.72775   101.64507       0                -9.292
        837  6.97500000000   31.91147   101.40728       0                -9.385
        838  6.98333333333   32.09435   101.16794       0                -9.469
        839  6.99166666667   32.27638   100.92704       0                -9.530
        840  7.00000000000   32.45152   100.69269       0                -9.559
        841  7.00833333333   32.60462   100.42660       0                -9.519
        842  7.01666666667   32.78344   100.18054       0                -9.539
        843  7.02500000000   32.96117    99.93275       0                -9.405
        844  7.03333333333   33.13781    99.68324       0                -9.313
        845  7.04166666667   33.31334    99.43200       0                -9.231
        846  7.05000000000   33.48774    99.17902       0                -9.245
        847  7.05833333333   33.66100    98.92430       0                -9.257
        848  7.06666666667   33.83310    98.66785       0                -9.250
        849  7.07500000000   34.00404    98.40964       0                -9.140
        850  7.08333333333   34.17379    98.14969       0                -9.109
        851  7.09166666667   34.34234    97.88800       0                -9.218
        852  7.10000000000   34.50967    97.62455       0                -9.213
        853  7.10833333333   34.67578    97.35934       0                -9.224
        854  7.11666666667   34.84065    97.09239       0                -9.209
        855  7.12500000000   35.00425    96.82367       0                -9.220
        856  7.13333333333   35.16659    96.55320       0                -9.242
        857  7.14166666667   35.32763    96.28097       0                -9.235
        858  7.15000000000   35.48737    96.00699       0                -9.190
        859  7.15833333333   35.64580    95.73124       0                -9.147
        860  7.16666666667   35.80289    95.45374       0                -9.091
        861  7.17500000000   35.95863    95.17449       0                -9.084
        862  7.18333333333   36.11301    94.89348       0                -8.959
        863  7.19166666667   36.26601    94.61071       0                -8.982
        864  7.20000000000   36.41762    94.32620       0                -8.918
        865  7.20833333333   36.56782    94.03994       0                -8.847
        866  7.21666666667   36.71660    93.75193       0                -8.713
        867  7.22500000000   36.86394    93.46218       0                -8.571
        868  7.23333333333   37.00982    93.17069       0                -8.495
        869  7.24166666667   37.15424    92.87746       0                -8.526
        870  7.25000000000   37.29718    92.58251       0                -8.576
        871  7.25833333333   37.43862    92.28583       0                -8.565
        872  7.26666666667   37.57855    91.98743       0                -8.624
        873  7.27500000000   37.71695    91.68731       0                -8.602
        874  7.28333333333   37.85381    91.38549       0                -8.603
        875  7.29166666667   37.98912    91.08197       0                -8.641
        876  7.30000000000   38.12285    90.77675       0                -8.671
        877  7.30833333333   38.25499    90.46985       0                -8.738
        878  7.31666666667   38.38554    90.16128       0                -8.789
        879  7.32500000000   38.51447    89.85103       0                -8.827
        880  7.33333333333   38.64177    89.53913       0                -8.872
        881  7.34166666667   38.76743    89.22557       0                -8.835
        882  7.35000000000   38.89143    88.91038       0                -8.868
        883  7.35833333333   39.01376    88.59356       0                -8.869
        884  7.36666666667   39.13440    88.27512       0                -8.844
        885  7.37500000000   39.25334    87.95508       0                -8.838
        886  7.38333333333   39.37057    87.63345       0                -8.886
        887  7.39166666667   39.48607    87.31024       0                -8.840
        888  7.40000000000   39.59982    86.98546       0                -8.771
        889  7.40833333333   39.71182    86.65914       0                -8.752
        890  7.41666666667   39.82205    86.33127       0                -8.656
        891  7.42500000000   39.93050    86.00189       0                -8.575
        892  7.43333333333   40.03715    85.67100       0                -8.489
        893  7.44166666667   40.14199    85.33863       0                -8.498
        894  7.45000000000   40.24501    85.00478       0                -8.488
        895  7.45833333333   40.34619    84.66947       0                -8.489
        896  7.46666666667   40.44553    84.33274       0                -8.438
        897  7.47500000000   40.54300    83.99458       0                -8.267
        898  7.48333333333   40.63860    83.65503       0                -8.139
        899  7.49166666667   40.73232    83.31410       0                -7.967
        900  7.50000000000   40.82413    82.97181       0                -7.980
        901  7.50833333333   40.88928    82.63321       0                -8.023
        902  7.51666666667   40.97661    82.28819       0                -7.927
        903  7.52500000000   41.06184    81.94193       0                -7.782
        904  7.53333333333   41.14496    81.59445       0                -7.749
        905  7.54166666667   41.22595    81.24580       0                -7.726
        906  7.55000000000   41.30482    80.89599       0                -7.746
        907  7.55833333333   41.38154    80.54506       0                -7.727
        908  7.56666666667   41.45611    80.19304       0                -7.654
        909  7.57500000000   41.52851    79.83996       0                -7.457
        910  7.58333333333   41.59874    79.48585       0                -7.132
        911  7.59166666667   41.66678    79.13075       0                -6.814
        912  7.60000000000   41.73263    78.77469       0                -6.752
        913  7.60833333333   41.79627    78.41770       0                -6.542
        914  7.61666666667   41.85770    78.05982       0                -6.448
        915  7.62500000000   41.91691    77.70108       0                -6.161
        916  7.63333333333   41.97389    77.34152       0                -6.161
        917  7.64166666667   42.02863    76.98118       0                -5.999
        918  7.65000000000   42.08113    76.62008       0                -6.257
        919  7.65833333333   42.13138    76.25828       0                -6.248
        920  7.66666666667   42.17936    75.89580       0                -6.004
        921  7.67500000000   42.22508    75.53268       0                -5.990
        922  7.68333333333   42.26853    75.16896       0                -5.663
        923  7.69166666667   42.30971    74.80468       0                -5.534
        924  7.70000000000   42.34860    74.43987       0                -5.794
        925  7.70833333333   42.38520    74.07458       0                -5.714
        926  7.71666666667   42.41951    73.70885       0                -6.124
        927  7.72500000000   42.45152    73.34271       0                -5.926
        928  7.73333333333   42.48124    72.97621       0                -6.084
        929  7.74166666667   42.50865    72.60938       0                -5.367
        930  7.75000000000   42.53375    72.24226       0                -5.500
        931  7.75833333333   42.55654    71.87490       0                -6.064
        932  7.76666666667   42.57702    71.50733       0                -6.033
        933  7.77500000000   42.59519    71.13960       0                -6.395
        934  7.78333333333   42.61104    70.77174       0                -6.642
        935  7.79166666667   42.62458    70.40380       0                -6.910
        936  7.80000000000   42.63579    70.03582       0                -7.228
        937  7.80833333333   42.64469    69.66783       0                -7.375
        938  7.81666666667   42.65128    69.29988       0                -7.431
        939  7.82500000000   42.65554    68.93202       0                -7.604
        940  7.83333333333   42.65749    68.56427       0                -7.750
        941  7.84166666667   42.65712    68.19668       0                -7.805
        942  7.85000000000   42.65444    67.82930       0                -7.952
        943  7.85833333333   42.64944    67.46215       0                -7.887
        944  7.86666666667   42.64213    67.09529       0                -8.215
        945  7.87500000000   42.63252    66.72875       0                -8.408
        946  7.88333333333   42.62060    66.36257       0                -8.258
        947  7.89166666667   42.60638    65.99679       0                -8.020
        948  7.90000000000   42.58986    65.63145       0                -8.276
        949  7.90833333333   42.57105    65.26659       0                -8.321
        950  7.91666666667   42.54995    64.90226       0                -8.111
        951  7.92500000000   42.52656    64.53847       0                -8.130
        952  7.93333333333   42.50089    64.17529       0                -7.944
        953  7.94166666667   42.47295    63.81274       0                -7.742
        954  7.95000000000   42.44274    63.45086       0                -7.964
        955  7.95833333333   42.41027    63.08969       0                -7.887
        956  7.96666666667   42.37554    62.72926       0                -7.977
        957  7.97500000000   42.33856    62.36962       0                -7.899
        958  7.98333333333   42.29934    62.01079       0                -7.814
        959  7.99166666667   42.25788    61.65282       0                -7.851
        960  8.00000000000   42.21419    61.29573       0                -7.873
        961  8.00833333333   42.15976    60.96884       0                -8.086
        962  8.01666666667   42.11118    60.61399       0                -8.103
        963  8.02500000000   42.06035    60.26033       0                -8.284
        964  8.03333333333   42.00728    59.90791       0                -8.072
        965  8.04166666667   41.95198    59.55675       0                -8.393
        966  8.05000000000   41.89446    59.20689       0                -8.402
        967  8.05833333333   41.83474    58.85837       0                -7.956
        968  8.06666666667   41.77282    58.51121       0                -7.667
        969  8.07500000000   41.70872    58.16546       0                -8.290
        970  8.08333333333   41.64246    57.82113       0                -7.923
        971  8.09166666667   41.57403    57.47826       0                -7.919
        972  8.10000000000   41.50347    57.13689       0                -7.502
        973  8.10833333333   41.43077    56.79703       0                -7.814
        974  8.11666666667   41.35597    56.45872       0                -7.761
        975  8.12500000000   41.27905    56.12199       0                -7.775
        976  8.13333333333   41.20006    55.78686       0                -7.847
        977  8.14166666667   41.11899    55.45336       0                -7.678
        978  8.15000000000   41.03586    55.12151       0                -7.419
        979  8.15833333333   40.95068    54.79134       0                -7.397
        980  8.16666666667   40.86348    54.46287       0                -7.234
        981  8.17500000000   40.77426    54.13612       0                -6.766
        982  8.18333333333   40.68305    53.81112       0                -6.628
        983  8.19166666667   40.58985    53.48789       0                -6.331
        984  8.20000000000   40.49468    53.16645       0                -6.251
        985  8.20833333333   40.39756    52.84681       0                -6.458
        986  8.21666666667   40.29850    52.52900       0                -6.292
        987  8.22500000000   40.19752    52.21304       0                -6.721
        988  8.23333333333   40.09463    51.89894       0                -6.721
        989  8.24166666667   39.98985    51.58672       0                -6.642
        990  8.25000000000   39.88320    51.27639       0                -6.521
        991  8.25833333333   39.77469    50.96797       0                -6.430
        992  8.26666666667   39.66434    50.66148       0                -6.552
        993  8.27500000000   39.55217    50.35693       0                -6.455
        994  8.28333333333   39.43818    50.05433       0                -6.395
        995  8.29166666667   39.32240    49.75369       0                -6.062
        996  8.30000000000   39.20485    49.45503       0                -5.663
        997  8.30833333333   39.08553    49.15836       0                -5.510
        998  8.31666666667   38.96447    48.86368       0                -5.208
        999  8.32500000000   38.84168    48.57101       0                -5.094
       1000  8.33333333333   38.71718    48.28035       0                -5.159
       1001  8.34166666667   38.59099    47.99172       0                -5.517
       1002  8.35000000000   38.46311    47.70512       0                -5.726
       1003  8.35833333333   38.33357    47.42056       0                -5.708
       1004  8.36666666667   38.20239    47.13804       0                -4.982
       1005  8.37500000000   38.06958    46.85757       0                -5.013
       1006  8.38333333333   37.93515    46.57916       0                -4.680
       1007  8.39166666667   37.79913    46.30281       0                -4.015
       1008  8.40000000000   37.66153    46.02852       0                -3.919
       1009  8.40833333333   37.52236    45.75630       0                -3.191
       1010  8.41666666667   37.38164    45.48615       0                -3.645
       1011  8.42500000000   37.23940    45.21808       0                -5.077
       1012  8.43333333333   37.09563    44.95207       0                -5.238
       1013  8.44166666667   36.95037    44.68815       0                -5.614
       1014  8.45000000000   36.80362    44.42630       0                -5.398
       1015  8.45833333333   36.65540    44.16653       0                -4.663
       1016  8.46666666667   36.50573    43.90883       0                -5.423
       1017  8.47500000000   36.35462    43.65322       0                -5.160
       1018  8.48333333333   36.20209    43.39967       0                -5.130
       1019  8.49166666667   36.04816    43.14820       0                -5.087
       1020  8.50000000000   35.89283    42.89881       0                -3.809
       1021  8.50833333333   35.74711    42.67796       0                -3.233
       1022  8.51666666667   35.58885    42.43320       0                -3.531
       1023  8.52500000000   35.42934    42.19068       0                -3.648
       1024  8.53333333333   35.26857    41.95039       0                -3.588
       1025  8.54166666667   35.10658    41.71232       0                -3.358
       1026  8.55000000000   34.94337    41.47648       0                -3.746
       1027  8.55833333333   34.77896    41.24286       0                -3.898
       1028  8.56666666667   34.61337    41.01144       0                -3.756
       1029  8.57500000000   34.44661    40.78223       0                -3.714
       1030  8.58333333333   34.27869    40.55521       0                -3.961
       1031  8.59166666667   34.10965    40.33038       0                -2.695
       1032  8.60000000000   33.93948    40.10773       0                -3.086
       1033  8.60833333333   33.76820    39.88725       0                -3.607
       1034  8.61666666667   33.59583    39.66893       0                -4.121
       1035  8.62500000000   33.42239    39.45277       0                -4.690
       1036  8.63333333333   33.24788    39.23876       0                -5.173
       1037  8.64166666667   33.07232    39.02688       0                -5.313
       1038  8.65000000000   32.89573    38.81712       0                -5.438
       1039  8.65833333333   32.71813    38.60949       0                -5.985
       1040  8.66666666667   32.53951    38.40396       0                -6.302
       1041  8.67500000000   32.35991    38.20053       0                -6.673
       1042  8.68333333333   32.17933    37.99919       0                -6.957
       1043  8.69166666667   31.99778    37.79993       0                -7.213
       1044  8.70000000000   31.81529    37.60273       0                -7.001
       1045  8.70833333333   31.63185    37.40759       0                -7.053
       1046  8.71666666667   31.44750    37.21449       0                -7.038
       1047  8.72500000000   31.26223    37.02344       0                -6.871
       1048  8.73333333333   31.07606    36.83440       0                -6.596
       1049  8.74166666667   30.88901    36.64738       0                -6.046
       1050  8.75000000000   30.70108    36.46236       0                -5.928
       1051  8.75833333333   30.51229    36.27933       0                -5.898
       1052  8.76666666667   30.32265    36.09828       0                -5.687
       1053  8.77500000000   30.13218    35.91920       0                -5.511
       1054  8.78333333333   29.94088    35.74207       0                -5.841
       1055  8.79166666667   29.74877    35.56689       0                -5.772
       1056  8.80000000000   29.55586    35.39364       0                -5.425
       1057  8.80833333333   29.36216    35.22231       0                -4.981
       1058  8.81666666667   29.16768    35.05289       0                -5.713
       1059  8.82500000000   28.97243    34.88537       0                -5.630
       1060  8.83333333333   28.77643    34.71974       0                -4.967
       1061  8.84166666667   28.57968    34.55598       0                -5.044
       1062  8.85000000000   28.38220    34.39408       0                -5.360
       1063  8.85833333333   28.18399    34.23404       0                -4.955
       1064  8.86666666667   27.98507    34.07583       0                -4.387
       1065  8.87500000000   27.78545    33.91945       0                -4.226
       1066  8.88333333333   27.58514    33.76488       0                -4.349
       1067  8.89166666667   27.38414    33.61212       0                -5.411
       1068  8.90000000000   27.18248    33.46114       0                -5.568
       1069  8.90833333333   26.98015    33.31195       0                -6.217
       1070  8.91666666667   26.77717    33.16452       0                -5.838
       1071  8.92500000000   26.57354    33.01885       0                -5.884
       1072  8.93333333333   26.36929    32.87492       0                -6.445
       1073  8.94166666667   26.16441    32.73272       0                -6.456
       1074  8.95000000000   25.95891    32.59224       0                -6.154
       1075  8.95833333333   25.75281    32.45347       0                -7.364
       1076  8.96666666667   25.54612    32.31640       0                -7.548
       1077  8.97500000000   25.33884    32.18101       0                -7.261
       1078  8.98333333333   25.13098    32.04729       0                -7.323
       1079  8.99166666667   24.92255    31.91524       0                -7.405
       1080  9.00000000000   24.71356    31.78483       0                -7.383
       1081  9.00833333333   24.52336    31.66554       0                -7.433
       1082  9.01666666667   24.31330    31.53890       0                -7.386
       1083  9.02500000000   24.10283    31.41393       0                -7.340
       1084  9.03333333333   23.89197    31.29062       0                -7.487
       1085  9.04166666667   23.68072    31.16897       0                -7.544
       1086  9.05000000000   23.46909    31.04894       0                -7.526
       1087  9.05833333333   23.25708    30.93055       0                -7.408
       1088  9.06666666667   23.04470    30.81376       0                -7.424
       1089  9.07500000000   22.83196    30.69857       0                -7.484
       1090  9.08333333333   22.61887    30.58497       0                -7.454
       1091  9.09166666667   22.40543    30.47294       0                -7.542
       1092  9.10000000000   22.19165    30.36248       0                -7.619
       1093  9.10833333333   21.97754    30.25357       0                -7.540
       1094  9.11666666667   21.76310    30.14620       0                -7.462
       1095  9.12500000000   21.54833    30.04036       0                -7.398
       1096  9.13333333333   21.33325    29.93604       0                -7.233
       1097  9.14166666667   21.11786    29.83322       0                -7.219
       1098  9.15000000000   20.90216    29.73189       0                -7.034
       1099  9.15833333333   20.68617    29.63205       0                -6.974
       1100  9.16666666667   20.46988    29.53369       0                -7.140
       1101  9.17500000000   20.25331    29.43678       0                -7.399
       1102  9.18333333333   20.03645    29.34133       0                -7.481
       1103  9.19166666667   19.81932    29.24731       0                -7.423
       1104  9.20000000000   19.60192    29.15473       0                -7.420
       1105  9.20833333333   19.38426    29.06357       0                -7.572
       1106  9.21666666667   19.16633    28.97381       0                -7.609
       1107  9.22500000000   18.94815    28.88545       0                -7.621
       1108  9.23333333333   18.72972    28.79849       0                -7.528
       1109  9.24166666667   18.51104    28.71290       0                -7.669
       1110  9.25000000000   18.29213    28.62867       0                -7.491
       1111  9.25833333333   18.07298    28.54581       0                -7.275
       1112  9.26666666667   17.85360    28.46430       0                -7.357
       1113  9.27500000000   17.63400    28.38412       0                -7.438
       1114  9.28333333333   17.41417    28.30528       0                -7.269
       1115  9.29166666667   17.19413    28.22776       0                -7.228
       1116  9.30000000000   16.97388    28.15155       0                -6.952
       1117  9.30833333333   16.75342    28.07664       0                -6.867
       1118  9.31666666667   16.53276    28.00302       0                -6.890
       1119  9.32500000000   16.31191    27.93068       0                -6.911
       1120  9.33333333333   16.09086    27.85963       0                -6.639
       1121  9.34166666667   15.86962    27.78983       0                -6.451
       1122  9.35000000000   15.64819    27.72130       0                -6.213
       1123  9.35833333333   15.42659    27.65401       0                -5.986
       1124  9.36666666667   15.20481    27.58797       0                -5.829
       1125  9.37500000000   14.98285    27.52316       0                -5.543
       1126  9.38333333333   14.76073    27.45957       0                -5.132
       1127  9.39166666667   14.53845    27.39719       0                -5.122
       1128  9.40000000000   14.31600    27.33603       0                -4.843
       1129  9.40833333333   14.09340    27.27606       0                -4.521
       1130  9.41666666667   13.87065    27.21729       0                -4.704
       1131  9.42500000000   13.64775    27.15970       0                -4.855
       1132  9.43333333333   13.42470    27.10328       0                -5.077
       1133  9.44166666667   13.20152    27.04804       0                -5.272
       1134  9.45000000000   12.97819    26.99395       0                -4.201
       1135  9.45833333333   12.75474    26.94102       0                -3.619
       1136  9.46666666667   12.53115    26.88924       0                -3.975
       1137  9.47500000000   12.30744    26.83859       0                -3.447
       1138  9.48333333333   12.08361    26.78908       0                -2.817
       1139  9.49166666667   11.85966    26.74069       0                -3.014
       1140  9.50000000000   11.63560    26.69342       0                -2.529
       1141  9.50833333333   11.42760    26.64049       0                -2.397
       1142  9.51666666667   11.20346    26.59583       0                -2.067
       1143  9.52500000000   10.97932    26.55221       0                -1.885
       1144  9.53333333333   10.75518    26.50964       0                -1.192
       1145  9.54166666667   10.53105    26.46810       0                -0.452
       1146  9.55000000000   10.30692    26.42760       0                 0.504
       1147  9.55833333333   10.08281    26.38811       0                 0.473
       1148  9.56666666667    9.85870    26.34964       0                 0.821
       1149  9.57500000000    9.63461    26.31218       0                 0.822
       1150  9.58333333333    9.41053    26.27573       0                 0.715
       1151  9.59166666667    9.18646    26.24027       0                 0.362
       1152  9.60000000000    8.96242    26.20581       0                 1.529
       1153  9.60833333333    8.73839    26.17233       0                 1.249
       1154  9.61666666667    8.51438    26.13983       0                 2.135
       1155  9.62500000000    8.29039    26.10831       0                 2.103
       1156  9.63333333333    8.06643    26.07776       0                 2.238
       1157  9.64166666667    7.84249    26.04818       0                 1.575
       1158  9.65000000000    7.61858    26.01955       0                 1.524
       1159  9.65833333333    7.39469    25.99188       0                 1.977
       1160  9.66666666667    7.17084    25.96515       0                 2.755
       1161  9.67500000000    6.94701    25.93937       0                 1.538
       1162  9.68333333333    6.72322    25.91453       0                 1.436
       1163  9.69166666667    6.49946    25.89063       0                 1.443
       1164  9.70000000000    6.27574    25.86765       0                 1.143
       1165  9.70833333333    6.05205    25.84560       0                 0.677
       1166  9.71666666667    5.82840    25.82446       0                 0.172
       1167  9.72500000000    5.60479    25.80425       0                -0.275
       1168  9.73333333333    5.38123    25.78494       0                -0.933
       1169  9.74166666667    5.15770    25.76654       0                -0.911
       1170  9.75000000000    4.93422    25.74905       0                -0.811
       2250 18.75000000000    5.28938   313.35480       0               -79.753
       2251 18.75833333333    5.50528   313.43977       0               -79.742
       2252 18.76666666667    5.72148   313.52422       0               -79.633
       2253 18.77500000000    5.93797   313.60817       0               -79.689
       2254 18.78333333333    6.15476   313.69161       0               -79.612
       2255 18.79166666667    6.37184   313.77454       0               -79.976
       2256 18.80000000000    6.58923   313.85696       0               -79.902
       2257 18.80833333333    6.80690   313.93886       0               -80.020
       2258 18.81666666667    7.02488   314.02026       0               -79.995
       2259 18.82500000000    7.24315   314.10115       0               -79.955
       2260 18.83333333333    7.46172   314.18153       0               -80.071
       2261 18.84166666667    7.68058   314.26140       0               -80.069
       2262 18.85000000000    7.89975   314.34075       0               -80.141
       2263 18.85833333333    8.11921   314.41960       0               -80.148
       2264 18.86666666667    8.33897   314.49793       0               -80.222
       2265 18.87500000000    8.55903   314.57575       0               -80.283
       2266 18.88333333333    8.77938   314.65306       0               -80.210
       2267 18.89166666667    9.00004   314.72985       0               -80.255
       2268 18.90000000000    9.22100   314.80613       0               -80.195
       2269 18.90833333333    9.44226   314.88190       0               -80.320
       2270 18.91666666667    9.66382   314.95715       0               -80.341
       2271 18.92500000000    9.88568   315.03189       0               -80.571
       2272 18.93333333333   10.10785   315.10611       0               -80.689
       2273 18.94166666667   10.33031   315.17981       0               -80.789
       2274 18.95000000000   10.55309   315.25300       0               -80.748
       2275 18.95833333333   10.77616   315.32566       0               -80.904
       2276 18.96666666667   10.99955   315.39781       0               -80.924
       2277 18.97500000000   11.22324   315.46944       0               -80.900
       2278 18.98333333333   11.44724   315.54054       0               -81.081
       2279 18.99166666667   11.67154   315.61113       0               -81.190
       2280 19.00000000000   11.89616   315.68119       0               -81.316
       2281 19.00833333333   12.11737   315.72796       0               -81.407
       2282 19.01666666667   12.34277   315.79631       0               -81.584
       2283 19.02500000000   12.56845   315.86397       0               -81.618
       2284 19.03333333333   12.79441   315.93095       0               -81.724
       2285 19.04166666667   13.02065   315.99725       0               -81.831
       2286 19.05000000000   13.24718   316.06287       0               -81.949
       2287 19.05833333333   13.47399   316.12779       0               -82.050
       2288 19.06666666667   13.70108   316.19202       0               -82.158
       2289 19.07500000000   13.92846   316.25556       0               -82.247
       2290 19.08333333333   14.15611   316.31840       0               -82.351
       2291 19.09166666667   14.38405   316.38054       0               -82.413
       2292 19.10000000000   14.61226   316.44197       0               -82.516
       2293 19.10833333333   14.84076   316.50270       0               -82.643
       2294 19.11666666667   15.06954   316.56272       0               -82.782
       2295 19.12500000000   15.29859   316.62203       0               -82.852
       2296 19.13333333333   15.52793   316.68062       0               -82.949
       2297 19.14166666667   15.75755   316.73849       0               -83.037
       2298 19.15000000000   15.98745   316.79564       0               -83.138
       2299 19.15833333333   16.21762   316.85206       0               -83.259
       2300 19.16666666667   16.44808   316.90775       0               -83.305
       2301 19.17500000000   16.67882   316.96271       0               -83.427
       2302 19.18333333333   16.90984   317.01693       0               -83.595
       2303 19.19166666667   17.14113   317.07042       0               -83.642
       2304 19.20000000000   17.37271   317.12315       0               -83.751
       2305 19.20833333333   17.60457   317.17514       0               -83.859
       2306 19.21666666667   17.83670   317.22638       0               -83.978
       2307 19.22500000000   18.06912   317.27686       0               -84.071
       2308 19.23333333333   18.30182   317.32658       0               -84.175
       2309 19.24166666667   18.53480   317.37553       0               -84.278
       2310 19.25000000000   18.76806   317.42372       0               -84.355
       2311 19.25833333333   19.00160   317.47113       0               -84.478
       2312 19.26666666667   19.23543   317.51776       0               -84.569
       2313 19.27500000000   19.46953   317.56361       0               -84.639
       2314 19.28333333333   19.70392   317.60867       0               -84.715
       2315 19.29166666667   19.93859   317.65294       0               -84.804
       2316 19.30000000000   20.17354   317.69641       0               -84.883
       2317 19.30833333333   20.40878   317.73908       0               -84.969
       2318 19.31666666667   20.64430   317.78095       0               -85.044
       2319 19.32500000000   20.88010   317.82199       0               -85.146
       2320 19.33333333333   21.11619   317.86223       0               -85.210
       2321 19.34166666667   21.35256   317.90163       0               -85.334
       2322 19.35000000000   21.58922   317.94021       0               -85.365
       2323 19.35833333333   21.82617   317.97796       0               -85.442
       2324 19.36666666667   22.06340   318.01486       0               -85.537
       2325 19.37500000000   22.30091   318.05092       0               -85.674
       2326 19.38333333333   22.53872   318.08612       0               -85.784
       2327 19.39166666667   22.77681   318.12047       0               -85.842
       2328 19.40000000000   23.01519   318.15395       0               -85.880
       2329 19.40833333333   23.25386   318.18655       0               -85.989
       2330 19.41666666667   23.49282   318.21829       0               -86.060
       2331 19.42500000000   23.73207   318.24913       0               -86.131
       2332 19.43333333333   23.97161   318.27909       0               -86.223
       2333 19.44166666667   24.21144   318.30814       0               -86.310
       2334 19.45000000000   24.45156   318.33629       0               -86.358
       2335 19.45833333333   24.69198   318.36353       0               -86.430
       2336 19.46666666667   24.93268   318.38985       0               -86.498
       2337 19.47500000000   25.17369   318.41524       0               -86.573
       2338 19.48333333333   25.41498   318.43969       0               -86.614
       2339 19.49166666667   25.65657   318.46320       0               -86.705
       2340 19.50000000000   25.89845   318.48576       0               -86.761
       2341 19.50833333333   26.12463   318.49417       0               -86.884
       2342 19.51666666667   26.36704   318.51410       0               -86.986
       2343 19.52500000000   26.60964   318.53297       0               -86.982
       2344 19.53333333333   26.85242   318.55077       0               -87.047
       2345 19.54166666667   27.09538   318.56748       0               -87.153
       2346 19.55000000000   27.33853   318.58309       0               -87.234
       2347 19.55833333333   27.58185   318.59760       0               -87.348
       2348 19.56666666667   27.82536   318.61100       0               -87.416
       2349 19.57500000000   28.06904   318.62326       0               -87.503
       2350 19.58333333333   28.31289   318.63439       0               -87.544
       2351 19.59166666667   28.55693   318.64437       0               -87.608
       2352 19.60000000000   28.80113   318.65318       0               -87.682
       2353 19.60833333333   29.04551   318.66083       0               -87.731
       2354 19.61666666667   29.29007   318.66729       0               -87.824
       2355 19.62500000000   29.53479   318.67256       0               -87.892
       2356 19.63333333333   29.77968   318.67662       0               -87.971
       2357 19.64166666667   30.02473   318.67946       0               -88.016
       2358 19.65000000000   30.26996   318.68107       0               -88.093
       2359 19.65833333333   30.51535   318.68143       0               -88.169
       2360 19.66666666667   30.76090   318.68053       0               -88.225
       2361 19.67500000000   31.00661   318.67836       0               -88.294
       2362 19.68333333333   31.25248   318.67491       0               -88.406
       2363 19.69166666667   31.49851   318.67015       0               -88.524
       2364 19.70000000000   31.74470   318.66408       0               -88.603
       2365 19.70833333333   31.99104   318.65669       0               -88.678
       2366 19.71666666667   32.23754   318.64795       0               -88.749
       2367 19.72500000000   32.48419   318.63785       0               -88.804
       2368 19.73333333333   32.73099   318.62638       0               -88.873
       2369 19.74166666667   32.97793   318.61352       0               -88.983
       2370 19.75000000000   33.22503   318.59925       0               -89.070
       2371 19.75833333333   33.47226   318.58357       0               -89.185
       2372 19.76666666667   33.71964   318.56644       0               -89.247
       2373 19.77500000000   33.96716   318.54787       0               -89.304
       2374 19.78333333333   34.21482   318.52782       0               -89.404
       2375 19.79166666667   34.46261   318.50628       0               -89.495
       2376 19.80000000000   34.71054   318.48323       0               -89.565
       2377 19.80833333333   34.95860   318.45866       0               -89.623
       2378 19.81666666667   35.20678   318.43255       0               -89.650
       2379 19.82500000000   35.45510   318.40487       0               -89.677
       2380 19.83333333333   35.70353   318.37561       0               -89.774
       2381 19.84166666667   35.95209   318.34475       0               -89.834
       2382 19.85000000000   36.20077   318.31226       0               -89.912
       2383 19.85833333333   36.44956   318.27814       0               -89.989
       2384 19.86666666667   36.69847   318.24235       0               -90.077
       2385 19.87500000000   36.94748   318.20487       0               -90.174
       2386 19.88333333333   37.19660   318.16569       0               -90.269
       2387 19.89166666667   37.44583   318.12478       0               -90.333
       2388 19.90000000000   37.69515   318.08211       0               -90.409
       2389 19.90833333333   37.94457   318.03768       0               -90.470
       2390 19.91666666667   38.19409   317.99144       0               -90.503
       2391 19.92500000000   38.44369   317.94338       0               -90.532
       2392 19.93333333333   38.69338   317.89347       0               -90.576
       2393 19.94166666667   38.94315   317.84169       0               -90.643
       2394 19.95000000000   39.19300   317.78802       0               -90.716
       2395 19.95833333333   39.44292   317.73241       0               -90.802
       2396 19.96666666667   39.69291   317.67486       0               -90.824
       2397 19.97500000000   39.94297   317.61533       0               -90.875
       2398 19.98333333333   40.19308   317.55380       0               -90.898
       2399 19.99166666667   40.44325   317.49023       0               -90.942
       2400 20.00000000000   40.69347   317.42459       0               -90.984
       2401 20.00833333333   40.92073   317.36060       0               -91.058
       2402 20.01666666667   41.17072   317.29019       0               -91.069
       2403 20.02500000000   41.42059   317.21765       0               -91.108
       2404 20.03333333333   41.67033   317.14296       0               -91.142
       2405 20.04166666667   41.91993   317.06608       0               -91.168
       2406 20.05000000000   42.16939   316.98699       0               -91.219
       2407 20.05833333333   42.41870   316.90564       0               -91.263
       2408 20.06666666667   42.66785   316.82201       0               -91.292
       2409 20.07500000000   42.91683   316.73606       0               -91.367
       2410 20.08333333333   43.16564   316.64776       0               -91.405
       2411 20.09166666667   43.41427   316.55708       0               -91.451
       2412 20.10000000000   43.66271   316.46398       0               -91.484
       2413 20.10833333333   43.91096   316.36842       0               -91.509
       2414 20.11666666667   44.15899   316.27037       0               -91.548
       2415 20.12500000000   44.40682   316.16978       0               -91.563
       2416 20.13333333333   44.65442   316.06664       0               -91.591
       2417 20.14166666667   44.90179   315.96088       0               -91.607
       2418 20.15000000000   45.14892   315.85248       0               -91.635
       2419 20.15833333333   45.39579   315.74139       0               -91.694
       2420 20.16666666667   45.64241   315.62758       0               -91.732
       2421 20.17500000000   45.88875   315.51100       0               -91.769
       2422 20.18333333333   46.13481   315.39160       0               -91.814
       2423 20.19166666667   46.38058   315.26935       0               -91.854
       2424 20.20000000000   46.62604   315.14421       0               -91.875
       2425 20.20833333333   46.87119   315.01612       0               -91.918
       2426 20.21666666667   47.11601   314.88504       0               -91.945
       2427 20.22500000000   47.36050   314.75092       0               -91.970
       2428 20.23333333333   47.60463   314.61372       0               -91.992
       2429 20.24166666667   47.84840   314.47340       0               -91.998
       2430 20.25000000000   48.09180   314.32988       0               -92.041
       2431 20.25833333333   48.33480   314.18314       0               -92.075
       2432 20.26666666667   48.57740   314.03312       0               -92.095
       2433 20.27500000000   48.81959   313.87976       0               -92.116
       2434 20.28333333333   49.06134   313.72302       0               -92.139
       2435 20.29166666667   49.30264   313.56284       0               -92.137
       2436 20.30000000000   49.54349   313.39916       0               -92.129
       2437 20.30833333333   49.78385   313.23193       0               -92.121
       2438 20.31666666667   50.02373   313.06109       0               -92.144
       2439 20.32500000000   50.26309   312.88659       0               -92.195
       2440 20.33333333333   50.50192   312.70836       0               -92.283
       2441 20.34166666667   50.74021   312.52636       0               -92.325
       2442 20.35000000000   50.97794   312.34050       0               -92.339
       2443 20.35833333333   51.21509   312.15075       0               -92.356
       2444 20.36666666667   51.45164   311.95702       0               -92.389
       2445 20.37500000000   51.68757   311.75927       0               -92.424
       2446 20.38333333333   51.92286   311.55742       0               -92.450
       2447 20.39166666667   52.15749   311.35141       0               -92.462
       2448 20.40000000000   52.39144   311.14117       0               -92.486
       2449 20.40833333333   52.62469   310.92664       0               -92.525
       2450 20.41666666667   52.85722   310.70774       0               -92.537
       2451 20.42500000000   53.08899   310.48442       0               -92.532
       2452 20.43333333333   53.32000   310.25659       0               -92.477
       2453 20.44166666667   53.55022   310.02419       0               -92.471
       2454 20.45000000000   53.77961   309.78714       0               -92.500
       2455 20.45833333333   54.00816   309.54538       0               -92.499
       2456 20.46666666667   54.23585   309.29882       0               -92.534
       2457 20.47500000000   54.46263   309.04740       0               -92.571
       2458 20.48333333333   54.68849   308.79103       0               -92.569
       2459 20.49166666667   54.91341   308.52965       0               -92.571
       2460 20.50000000000   55.13734   308.26317       0               -92.555
       2461 20.50833333333   55.34336   308.02537       0               -92.518
       2462 20.51666666667   55.56483   307.74845       0               -92.514
       2463 20.52500000000   55.78512   307.46644       0               -92.511
       2464 20.53333333333   56.00420   307.17926       0               -92.504
       2465 20.54166666667   56.22204   306.88686       0               -92.509
       2466 20.55000000000   56.43861   306.58914       0               -92.512
       2467 20.55833333333   56.65388   306.28605       0               -92.527
       2468 20.56666666667   56.86781   305.97750       0               -92.543
       2469 20.57500000000   57.08037   305.66342       0               -92.548
       2470 20.58333333333   57.29153   305.34374       0               -92.557
       2471 20.59166666667   57.50125   305.01837       0               -92.547
       2472 20.60000000000   57.70950   304.68726       0               -92.580
       2473 20.60833333333   57.91624   304.35032       0               -92.605
       2474 20.61666666667   58.12144   304.00748       0               -92.588
       2475 20.62500000000   58.32506   303.65867       0               -92.605
       2476 20.63333333333   58.52705   303.30381       0               -92.633
       2477 20.64166666667   58.72739   302.94283       0               -92.649
       2478 20.65000000000   58.92602   302.57567       0               -92.654
       2479 20.65833333333   59.12292   302.20226       0               -92.673
       2480 20.66666666667   59.31803   301.82251       0               -92.703
       2481 20.67500000000   59.51132   301.43638       0               -92.719
       2482 20.68333333333   59.70274   301.04379       0               -92.778
       2483 20.69166666667   59.89225   300.64468       0               -92.786
       2484 20.70000000000   60.07981   300.23898       0               -92.793
       2485 20.70833333333   60.26536   299.82664       0               -92.822
       2486 20.71666666667   60.44886   299.40760       0               -92.849
       2487 20.72500000000   60.63027   298.98180       0               -92.881
       2488 20.73333333333   60.80954   298.54919       0               -92.891
       2489 20.74166666667   60.98662   298.10973       0               -92.928
       2490 20.75000000000   61.16145   297.66336       0               -92.948
       2491 20.75833333333   61.33399   297.21004       0               -92.986
       2492 20.76666666667   61.50420   296.74973       0               -92.988
       2493 20.77500000000   61.67201   296.28240       0               -93.011
       2494 20.78333333333   61.83737   295.80801       0               -93.033
       2495 20.79166666667   62.00024   295.32654       0               -93.033
       2496 20.80000000000   62.16056   294.83796       0               -93.025
       2497 20.80833333333   62.31827   294.34226       0               -93.035
       2498 20.81666666667   62.47332   293.83943       0               -93.055
       2499 20.82500000000   62.62566   293.32945       0               -93.063
       2500 20.83333333333   62.77523   292.81233       0               -93.104
       2501 20.84166666667   62.92197   292.28808       0               -93.130
       2502 20.85000000000   63.06584   291.75670       0               -93.131
       2503 20.85833333333   63.20677   291.21821       0               -93.144
       2504 20.86666666667   63.34470   290.67264       0               -93.150
       2505 20.87500000000   63.47958   290.12001       0               -93.167
       2506 20.88333333333   63.61136   289.56038       0               -93.181
       2507 20.89166666667   63.73997   288.99379       0               -93.186
       2508 20.90000000000   63.86536   288.42029       0               -93.190
       2509 20.90833333333   63.98748   287.83994       0               -93.189
       2510 20.91666666667   64.10626   287.25282       0               -93.175
       2511 20.92500000000   64.22165   286.65902       0               -93.190
       2512 20.93333333333   64.33360   286.05861       0               -93.204
       2513 20.94166666667   64.44204   285.45171       0               -93.214
       2514 20.95000000000   64.54693   284.83841       0               -93.221
       2515 20.95833333333   64.64820   284.21884       0               -93.219
       2516 20.96666666667   64.74581   283.59312       0               -93.225
       2517 20.97500000000   64.83971   282.96140       0               -93.201
       2518 20.98333333333   64.92983   282.32380       0               -93.202
       2519 20.99166666667   65.01614   281.68050       0               -93.188
       2520 21.00000000000   65.09857   281.03166       0               -93.178
       2521 21.00833333333   65.18659   280.43374       0               -93.177
       2522 21.01666666667   65.26097   279.77467       0               -93.173
       2523 21.02500000000   65.33142   279.11099       0               -93.164
       2524 21.03333333333   65.39789   278.44288       0               -93.162
       2525 21.04166666667   65.46035   277.77056       0               -93.159
       2526 21.05000000000   65.51875   277.09423       0               -93.155
       2527 21.05833333333   65.57308   276.41412       0               -93.155
       2528 21.06666666667   65.62329   275.73044       0               -93.128
       2529 21.07500000000   65.66935   275.04344       0               -93.117
       2530 21.08333333333   65.71123   274.35335       0               -93.088
       2531 21.09166666667   65.74892   273.66042       0               -93.078
       2532 21.10000000000   65.78238   272.96489       0               -93.068
       2533 21.10833333333   65.81158   272.26704       0               -93.056
       2534 21.11666666667   65.83652   271.56711       0               -93.050
       2535 21.12500000000   65.85717   270.86537       0               -93.021
       2536 21.13333333333   65.87352   270.16210       0               -93.013
       2537 21.14166666667   65.88555   269.45757       0               -93.001
       2538 21.15000000000   65.89326   268.75205       0               -92.975
       2539 21.15833333333   65.89662   268.04582       0               -92.973
       2540 21.16666666667   65.89564   267.33917       0               -92.953
       2541 21.17500000000   65.89032   266.63236       0               -92.919
       2542 21.18333333333   65.88064   265.92568       0               -92.902
       2543 21.19166666667   65.86662   265.21942       0               -92.876
       2544 21.20000000000   65.84825   264.51384       0               -92.855
       2545 21.20833333333   65.82555   263.80923       0               -92.848
       2546 21.21666666667   65.79851   263.10587       0               -92.815
       2547 21.22500000000   65.76715   262.40402       0               -92.805
       2548 21.23333333333   65.73148   261.70395       0               -92.771
       2549 21.24166666667   65.69152   261.00594       0               -92.753
       2550 21.25000000000   65.64728   260.31024       0               -92.744
       2551 21.25833333333   65.59879   259.61711       0               -92.729
       2552 21.26666666667   65.54606   258.92679       0               -92.708
       2553 21.27500000000   65.48912   258.23954       0               -92.688
       2554 21.28333333333   65.42800   257.55560       0               -92.671
       2555 21.29166666667   65.36272   256.87519       0               -92.637
       2556 21.30000000000   65.29331   256.19854       0               -92.604
       2557 21.30833333333   65.21981   255.52587       0               -92.582
       2558 21.31666666667   65.14224   254.85739       0               -92.555
       2559 21.32500000000   65.06065   254.19330       0               -92.531
       2560 21.33333333333   64.97507   253.53380       0               -92.512
       2561 21.34166666667   64.88554   252.87907       0               -92.493
       2562 21.35000000000   64.79210   252.22928       0               -92.447
       2563 21.35833333333   64.69479   251.58462       0               -92.430
       2564 21.36666666667   64.59365   250.94523       0               -92.415
       2565 21.37500000000   64.48872   250.31128       0               -92.390
       2566 21.38333333333   64.38006   249.68290       0               -92.358
       2567 21.39166666667   64.26770   249.06022       0               -92.347
       2568 21.40000000000   64.15169   248.44338       0               -92.322
       2569 21.40833333333   64.03209   247.83248       0               -92.314
       2570 21.41666666667   63.90894   247.22764       0               -92.282
       2571 21.42500000000   63.78228   246.62895       0               -92.254
       2572 21.43333333333   63.65218   246.03651       0               -92.237
       2573 21.44166666667   63.51867   245.45039       0               -92.217
       2574 21.45000000000   63.38181   244.87068       0               -92.186
       2575 21.45833333333   63.24166   244.29744       0               -92.158
       2576 21.46666666667   63.09825   243.73072       0               -92.130
       2577 21.47500000000   62.95165   243.17059       0               -92.105
       2578 21.48333333333   62.80191   242.61707       0               -92.075
       2579 21.49166666667   62.64908   242.07021       0               -92.044
       2580 21.50000000000   62.49321   241.53005       0               -92.012
       2581 21.50833333333   62.36320   240.98571       0               -91.981
       2582 21.51666666667   62.20127   240.45909       0               -91.947
       2583 21.52500000000   62.03665   239.93913       0               -91.903
       2584 21.53333333333   61.86939   239.42582       0               -91.864
       2585 21.54166666667   61.69954   238.91915       0               -91.836
       2586 21.55000000000   61.52714   238.41909       0               -91.783
       2587 21.55833333333   61.35225   237.92563       0               -91.739
       2588 21.56666666667   61.17491   237.43874       0               -91.693
       2589 21.57500000000   60.99517   236.95839       0               -91.664
       2590 21.58333333333   60.81308   236.48455       0               -91.619
       2591 21.59166666667   60.62868   236.01718       0               -91.590
       2592 21.60000000000   60.44202   235.55624       0               -91.559
       2593 21.60833333333   60.25314   235.10169       0               -91.512
       2594 21.61666666667   60.06209   234.65348       0               -91.480
       2595 21.62500000000   59.86891   234.21156       0               -91.438
       2596 21.63333333333   59.67365   233.77589       0               -91.402
       2597 21.64166666667   59.47635   233.34640       0               -91.360
       2598 21.65000000000   59.27704   232.92305       0               -91.327
       2599 21.65833333333   59.07579   232.50578       0               -91.274
       2600 21.66666666667   58.87261   232.09453       0               -91.229
       2601 21.67500000000   58.66756   231.68924       0               -91.195
       2602 21.68333333333   58.46068   231.28984       0               -91.152
       2603 21.69166666667   58.25200   230.89629       0               -91.112
       2604 21.70000000000   58.04156   230.50850       0               -91.075
       2605 21.70833333333   57.82940   230.12642       0               -91.007
       2606 21.71666666667   57.61557   229.74999       0               -90.969
       2607 21.72500000000   57.40009   229.37914       0               -90.922
       2608 21.73333333333   57.18300   229.01379       0               -90.867
       2609 21.74166666667   56.96434   228.65389       0               -90.813
       2610 21.75000000000   56.74414   228.29936       0               -90.760
       2611 21.75833333333   56.52244   227.95014       0               -90.709
       2612 21.76666666667   56.29927   227.60617       0               -90.673
       2613 21.77500000000   56.07467   227.26736       0               -90.622
       2614 21.78333333333   55.84866   226.93366       0               -90.561
       2615 21.79166666667   55.62128   226.60500       0               -90.512
       2616 21.80000000000   55.39257   226.28131       0               -90.464
       2617 21.80833333333   55.16255   225.96252       0               -90.414
       2618 21.81666666667   54.93125   225.64856       0               -90.346
       2619 21.82500000000   54.69871   225.33936       0               -90.278
       2620 21.83333333333   54.46495   225.03487       0               -90.229
       2621 21.84166666667   54.23000   224.73501       0               -90.180
       2622 21.85000000000   53.99389   224.43972       0               -90.125
       2623 21.85833333333   53.75665   224.14893       0               -90.073
       2624 21.86666666667   53.51830   223.86258       0               -90.030
       2625 21.87500000000   53.27888   223.58060       0               -89.951
       2626 21.88333333333   53.03841   223.30293       0               -89.885
       2627 21.89166666667   52.79691   223.02950       0               -89.814
       2628 21.90000000000   52.55441   222.76025       0               -89.742
       2629 21.90833333333   52.31094   222.49513       0               -89.701
       2630 21.91666666667   52.06652   222.23406       0               -89.629
       2631 21.92500000000   51.82118   221.97699       0               -89.576
       2632 21.93333333333   51.57493   221.72387       0               -89.496
       2633 21.94166666667   51.32780   221.47461       0               -89.421
       2634 21.95000000000   51.07982   221.22918       0               -89.365
       2635 21.95833333333   50.83101   220.98752       0               -89.304
       2636 21.96666666667   50.58138   220.74956       0               -89.247
       2637 21.97500000000   50.33096   220.51524       0               -89.170
       2638 21.98333333333   50.07978   220.28452       0               -89.087
       2639 21.99166666667   49.82785   220.05734       0               -89.018
       2640 22.00000000000   49.57519   219.83365       0               -88.962
       2641 22.00833333333   49.33517   219.55847       0               -88.871
       2642 22.01666666667   49.08104   219.34189       0               -88.792
       2643 22.02500000000   48.82637   219.12830       0               -88.725
       2644 22.03333333333   48.57120   218.91767       0               -88.623
       2645 22.04166666667   48.31552   218.70995       0               -88.559
       2646 22.05000000000   48.05937   218.50508       0               -88.468
       2647 22.05833333333   47.80275   218.30302       0               -88.377
       2648 22.06666666667   47.54567   218.10374       0               -88.285
       2649 22.07500000000   47.28815   217.90717       0               -88.211
       2650 22.08333333333   47.03021   217.71329       0               -88.104
       2651 22.09166666667   46.77185   217.52204       0               -88.015
       2652 22.10000000000   46.51308   217.33339       0               -87.915
       2653 22.10833333333   46.25393   217.14728       0               -87.800
       2654 22.11666666667   45.99441   216.96369       0               -87.686
       2655 22.12500000000   45.73452   216.78257       0               -87.596
       2656 22.13333333333   45.47428   216.60389       0               -87.495
       2657 22.14166666667   45.21369   216.42760       0               -87.406
       2658 22.15000000000   44.95278   216.25366       0               -87.274
       2659 22.15833333333   44.69155   216.08205       0               -87.159
       2660 22.16666666667   44.43001   215.91272       0               -87.058
       2661 22.17500000000   44.16818   215.74563       0               -86.951
       2662 22.18333333333   43.90607   215.58076       0               -86.842
       2663 22.19166666667   43.64368   215.41807       0               -86.714
       2664 22.20000000000   43.38103   215.25752       0               -86.591
       2665 22.20833333333   43.11812   215.09908       0               -86.469
       2666 22.21666666667   42.85497   214.94272       0               -86.317
       2667 22.22500000000   42.59159   214.78841       0               -86.183
       2668 22.23333333333   42.32798   214.63611       0               -86.038
       2669 22.24166666667   42.06417   214.48580       0               -85.877
       2670 22.25000000000   41.80895   214.34236       0               -85.738
       2671 22.25833333333   41.53592   214.19102       0               -85.596
       2672 22.26666666667   41.27152   214.04648       0               -85.427
       2673 22.27500000000   41.00694   213.90381       0               -85.260
       2674 22.28333333333   40.74219   213.76299       0               -85.123
       2675 22.29166666667   40.47728   213.62397       0               -84.956
       2676 22.30000000000   40.21222   213.48675       0               -84.808
       2677 22.30833333333   39.94702   213.35128       0               -84.649
       2678 22.31666666667   39.68169   213.21754       0               -84.482
       2679 22.32500000000   39.41622   213.08551       0               -84.306
       2680 22.33333333333   39.15065   212.95516       0               -84.131
       2681 22.34166666667   38.88496   212.82648       0               -83.946
       2682 22.35000000000   38.61917   212.69942       0               -83.770
       2683 22.35833333333   38.35328   212.57398       0               -83.568
       2684 22.36666666667   38.08731   212.45012       0               -83.334
       2685 22.37500000000   37.82126   212.32783       0               -83.095
       2686 22.38333333333   37.55514   212.20708       0               -82.883
       2687 22.39166666667   37.28895   212.08785       0               -82.681
       2688 22.40000000000   37.02271   211.97012       0               -82.450
       2689 22.40833333333   36.75641   211.85387       0               -82.161
       2690 22.41666666667   36.49008   211.73907       0               -81.917
       2691 22.42500000000   36.22370   211.62571       0               -81.682
       2692 22.43333333333   35.95730   211.51377       0               -81.461
       2693 22.44166666667   35.69087   211.40322       0               -81.209
       2694 22.45000000000   35.42442   211.29405       0               -80.947
       2695 22.45833333333   35.15797   211.18624       0               -80.720
       2696 22.46666666667   34.89151   211.07977       0               -80.517
       2697 22.47500000000   34.62505   210.97462       0               -80.287
       2698 22.48333333333   34.35861   210.87077       0               -80.072
       2699 22.49166666667   34.09217   210.76821       0               -79.818
       2700 22.50000000000   33.83464   210.67028       0               -79.570
       2701 22.50833333333   33.58194   210.51999       0               -79.315
       2702 22.51666666667   33.31555   210.42102       0               -79.073
       2703 22.52500000000   33.04928   210.32294       0               -78.842
       2704 22.53333333333   32.78314   210.22572       0               -78.644
       2705 22.54166666667   32.51713   210.12937       0               -78.431
       2706 22.55000000000   32.25125   210.03386       0               -78.216
       2707 22.55833333333   31.98551   209.93919       0               -77.992
       2708 22.56666666667   31.71991   209.84534       0               -77.757
       2709 22.57500000000   31.45445   209.75230       0               -77.519
       2710 22.58333333333   31.18914   209.66006       0               -77.287
       2711 22.59166666667   30.92398   209.56862       0               -77.027
       2712 22.60000000000   30.65898   209.47795       0               -76.752
       2713 22.60833333333   30.39412   209.38804       0               -76.477
       2714 22.61666666667   30.12943   209.29889       0               -76.218
       2715 22.62500000000   29.86490   209.21049       0               -75.991
       2716 22.63333333333   29.60054   209.12283       0               -75.746
       2717 22.64166666667   29.33634   209.03589       0               -75.493
       2718 22.65000000000   29.07231   208.94967       0               -75.289
       2719 22.65833333333   28.80846   208.86415       0               -75.059
       2720 22.66666666667   28.54478   208.77933       0               -74.832
       2721 22.67500000000   28.28129   208.69519       0               -74.619
       2722 22.68333333333   28.01797   208.61173       0               -74.359
       2723 22.69166666667   27.75484   208.52895       0               -74.076
       2724 22.70000000000   27.49189   208.44682       0               -73.830
       2725 22.70833333333   27.22914   208.36534       0               -73.526
       2726 22.71666666667   26.96657   208.28451       0               -73.211
       2727 22.72500000000   26.70420   208.20431       0               -72.884
       2728 22.73333333333   26.44203   208.12473       0               -72.537
       2729 22.74166666667   26.18006   208.04578       0               -72.145
       2730 22.75000000000   25.91829   207.96743       0               -71.823
       2731 22.75833333333   25.65672   207.88968       0               -71.524
       2732 22.76666666667   25.39536   207.81253       0               -71.280
       2733 22.77500000000   25.13420   207.73596       0               -71.076
       2734 22.78333333333   24.87326   207.65997       0               -70.865
       2735 22.79166666667   24.61253   207.58456       0               -70.623
       2736 22.80000000000   24.35202   207.50970       0               -70.431
       2737 22.80833333333   24.09172   207.43541       0               -70.162
       2738 22.81666666667   23.83164   207.36166       0               -69.893
       2739 22.82500000000   23.57179   207.28846       0               -69.600
       2740 22.83333333333   23.31215   207.21579       0               -69.332
       2741 22.84166666667   23.05274   207.14365       0               -69.045
       2742 22.85000000000   22.79356   207.07203       0               -68.746
       2743 22.85833333333   22.53461   207.00093       0               -68.438
       2744 22.86666666667   22.27589   206.93034       0               -68.136
       2745 22.87500000000   22.01740   206.86025       0               -67.838
       2746 22.88333333333   21.75915   206.79066       0               -67.535
       2747 22.89166666667   21.50113   206.72156       0               -67.180
       2748 22.90000000000   21.24335   206.65295       0               -66.872
       2749 22.90833333333   20.98581   206.58481       0               -66.520
       2750 22.91666666667   20.72851   206.51715       0               -66.199
       2751 22.92500000000   20.47145   206.44995       0               -65.849
       2752 22.93333333333   20.21464   206.38322       0               -65.440
       2753 22.94166666667   19.95807   206.31694       0               -65.073
       2754 22.95000000000   19.70175   206.25112       0               -64.735
       2755 22.95833333333   19.44568   206.18574       0               -64.404
       2756 22.96666666667   19.18986   206.12080       0               -64.077
       2757 22.97500000000   18.93430   206.05629       0               -63.757
       2758 22.98333333333   18.67898   205.99222       0               -63.384
       2759 22.99166666667   18.42392   205.92857       0               -63.042
       2760 23.00000000000   18.16912   205.86534       0               -62.661
       2761 23.00833333333   17.92651   205.75810       0               -62.325
       2762 23.01666666667   17.67221   205.69531       0               -61.930
       2763 23.02500000000   17.41824   205.63264       0               -61.588
       2764 23.03333333333   17.16460   205.57007       0               -61.259
       2765 23.04166666667   16.91131   205.50761       0               -60.896
       2766 23.05000000000   16.65835   205.44525       0               -60.520
       2767 23.05833333333   16.40573   205.38299       0               -60.169
       2768 23.06666666667   16.15345   205.32083       0               -59.825
       2769 23.07500000000   15.90151   205.25877       0               -59.443
       2770 23.08333333333   15.64991   205.19680       0               -59.102
       2771 23.09166666667   15.39865   205.13493       0               -58.691
       2772 23.10000000000   15.14773   205.07314       0               -58.295
       2773 23.10833333333   14.89716   205.01143       0               -57.922
       2774 23.11666666667   14.64692   204.94981       0               -57.562
       2775 23.12500000000   14.39703   204.88827       0               -57.219
       2776 23.13333333333   14.14748   204.82682       0               -56.802
       2777 23.14166666667   13.89827   204.76543       0               -56.414
       2778 23.15000000000   13.64940   204.70412       0               -56.055
       2779 23.15833333333   13.40088   204.64289       0               -55.647
       2780 23.16666666667   13.15271   204.58172       0               -55.207
       2781 23.17500000000   12.90487   204.52062       0               -54.759
       2782 23.18333333333   12.65738   204.45959       0               -54.299
       2783 23.19166666667   12.41024   204.39862       0               -53.779
       2784 23.20000000000   12.16344   204.33771       0               -53.276
       2785 23.20833333333   11.91698   204.27686       0               -52.883
       2786 23.21666666667   11.67087   204.21607       0               -52.467
       2787 23.22500000000   11.42511   204.15533       0               -52.109
       2788 23.23333333333   11.17969   204.09464       0               -51.745
       2789 23.24166666667   10.93462   204.03400       0               -51.362
       2790 23.25000000000   10.68989   203.97342       0               -51.000
       2791 23.25833333333   10.44550   203.91287       0               -50.607
       2792 23.26666666667   10.20147   203.85237       0               -50.206
       2793 23.27500000000    9.95777   203.79192       0               -49.725
       2794 23.28333333333    9.71443   203.73150       0               -49.190
       2795 23.29166666667    9.47142   203.67112       0               -48.792
       2796 23.30000000000    9.22877   203.61078       0               -48.384
       2797 23.30833333333    8.98646   203.55046       0               -47.937
       2798 23.31666666667    8.74449   203.49019       0               -47.503
       2799 23.32500000000    8.50287   203.42994       0               -47.181
       2800 23.33333333333    8.26159   203.36972       0               -46.851
       2801 23.34166666667    8.02066   203.30952       0               -46.674
       2802 23.35000000000    7.78007   203.24935       0               -46.510
       2803 23.35833333333    7.53983   203.18920       0               -46.300
       2804 23.36666666667    7.29993   203.12907       0               -45.986
       2805 23.37500000000    7.06038   203.06895       0               -45.647
       2806 23.38333333333    6.82116   203.00886       0               -45.247
       2807 23.39166666667    6.58229   202.94877       0               -44.586
       2808 23.40000000000    6.34377   202.88870       0               -44.008
       2809 23.40833333333    6.10559   202.82864       0               -43.496
       2810 23.41666666667    5.86774   202.76859       0               -43.022
       2811 23.42500000000    5.63024   202.70854       0               -42.643
       2812 23.43333333333    5.39309   202.64850       0               -42.268
       2813 23.44166666667    5.15627   202.58846       0               -41.806
       2814 23.45000000000    4.91979   202.52843       0               -41.450
